speclite/data/filters/cfht_megacam-i.ecsv
# %ECSV 1.0
# ---
# datatype:
# - {name: wavelength, unit: Angstrom, datatype: float64}
# - {name: response, datatype: float64}
# meta:
#   __serialized_columns__:
#     wavelength:
#       __class__: astropy.units.quantity.Quantity
#       unit: !astropy.units.Unit {unit: Angstrom}
#       value: !astropy.table.SerializedColumn {name: wavelength}
#   band_name: i
#   group_name: cfht_megacam
#   filter_number: 9701
# schema: astropy-2.0
wavelength response
   6800.500               0
   6801.100      5.1625678E-04
   6826.700      1.0309863E-03
   6852.100      1.0290787E-03
   6877.100      1.2750677E-03
   6901.800      2.6579425E-03
   6926.100      8.3559165E-03
   6950.700      3.2861408E-02
   6974.300      0.1329462    
   6997.600      0.3598921    
   7020.400      0.4846813    
   7045.900      0.4748534    
   7071.800      0.4819888    
   7097.900      0.4934934    
   7123.300      0.4929772    
   7148.400      0.4855246    
   7173.200      0.4558773    
   7197.700      0.4317287    
   7222.000      0.4733323    
   7246.400      0.4468721    
   7270.100      0.4367523    
   7293.400      0.4384062    
   7316.400      0.4462442    
   7339.000      0.4655821    
   7361.400      0.4694966    
   7383.800      0.4751849    
   7405.400      0.4769738    
   7426.600      0.4765126    
   7447.500      0.4742507    
   7471.000      0.4753986    
   7494.600      0.4723946    
   7518.500      0.4713451    
   7541.500      0.4700918    
   7564.300      0.4660971    
   7586.800      0.4536511    
   7609.000      0.1392320    
   7630.900      0.2234381    
   7652.900      0.3257430    
   7674.200      0.4075342    
   7695.100      0.4314832    
   7715.600      0.4370819    
   7735.800      0.4345172    
   7755.700      0.4342047    
   7776.000      0.4346338    
   7798.000      0.4322653    
   7819.700      0.4270316    
   7841.100      0.4175394    
   7862.200      0.4084569    
   7883.100      0.3996913    
   7904.000      0.3956064    
   7924.200      0.3941423    
   7944.100      0.3967175    
   7963.600      0.3918708    
   7982.800      0.3916799    
   8003.600      0.3873174    
   8024.100      0.3842363    
   8044.300      0.3809796    
   8064.300      0.3777738    
   8083.900      0.3735213    
   8103.200      0.3646588    
   8122.600      0.3541732    
   8141.300      0.3358707    
   8159.600      0.3251867    
   8177.500      0.3145188    
   8195.100      0.3269702    
   8213.700      0.3396491    
   8233.300      0.2982109    
   8252.300      0.3339664    
   8270.900      0.3254058    
   8289.200      0.3134751    
   8307.200      0.3165853    
   8324.900      0.3099213    
   8342.600      0.3112045    
   8359.500      0.3088861    
   8376.100      0.3075160    
   8392.300      0.3059078    
   8408.200      0.3025353    
   8424.500      0.3014871    
   8442.800      0.2953457    
   8460.400      0.2925968    
   8477.700      0.2871902    
   8494.600      0.2768212    
   8511.200      0.2509750    
   8527.500      0.2000415    
   8543.700      0.1294927    
   8559.300      7.3870778E-02
   8574.500      3.9484002E-02
   8589.300      2.1463027E-02
   8603.700      1.2250025E-02
   8617.800      7.2730510E-03
   8631.700      4.8002489E-03
   8644.900      3.4317444E-03
   8657.800      2.6049691E-03
   8670.200      2.0667382E-03
   8682.200      1.7919580E-03
   8693.800      1.5212029E-03
   8705.100      1.5093230E-03
   8715.800      1.4958956E-03
   8726.100      1.4832113E-03
   8734.200               0
