speclite/data/filters/decamDR1noatm-z.ecsv
# %ECSV 0.9
# ---
# datatype:
# - {name: wavelength, unit: Angstrom, datatype: float64}
# - {name: response, datatype: float64}
# meta: {airmass: 0.0, band_name: z, description: 'DECam z-band DR1 throughput documented in T. M. C. Abbott et al 2018 ApJS 239 18.
# 
#     DOI:10.3847/1538-4365/aae9f0 = arXiv:1801.03181
# 
#     Represents the total system throughput and average instrumental response across the science CCDs,
# 
#     without any atmosphere.', group_name: decamDR1noatm, url: 'http://www.ctio.noao.edu/noao/content/DECam-filter-information'}
# schema: astropy-2.0
wavelength response
8250.0 0.0
8255.0 0.0023762253371156024
8260.0 0.004752450627920304
8265.0 0.0050623302837621885
8270.0 0.0053722110972457176
8275.0 0.005832363395265076
8280.0 0.006292515673354644
8285.0 0.006282831975176917
8290.0 0.006273148148148148
8295.0 0.006263463966697819
8300.0 0.006253779546634123
8305.0 0.006578567444527596
8310.0 0.006903356061337182
8315.0 0.007421508989224643
8320.0 0.00793966183705342
8325.0 0.008457815195632002
8330.0 0.008975968566851626
8335.0 0.009494121144241682
8340.0 0.010012273747522827
8345.0 0.01217353327599477
8350.0 0.014334793433939471
8355.0 0.014743654196848355
8360.0 0.015152514316589389
8365.0 0.015561374806376302
8370.0 0.015970235887589116
8375.0 0.016379092017906667
8380.0 0.016787947206679234
8385.0 0.02086839826236228
8390.0 0.02494885125328356
8395.0 0.02756006156858914
8400.0 0.030171268833330066
8405.0 0.0327824757414295
8410.0 0.03539368656565069
8415.0 0.03800489192607469
8420.0 0.040616091309689295
8425.0 0.061019601442053206
8430.0 0.08142311940457311
8435.0 0.07900672788377704
8440.0 0.07659033490368172
8445.0 0.09886363262261057
8450.0 0.12113691536640872
8455.0 0.14341020716121589
8460.0 0.165683494908847
8465.0 0.254888945353583
8470.0 0.3440943982857504
8475.0 0.3416824294593952
8480.0 0.33927046156304397
8485.0 0.4042977658162182
8490.0 0.4693250520700111
8495.0 0.5343524134708639
8500.0 0.5993797175297534
8505.0 0.6540960974201141
8510.0 0.7088125332974407
8515.0 0.7635289647293295
8520.0 0.8182453672922843
8525.0 0.8512196227970209
8530.0 0.8841939367515192
8535.0 0.9171682891672237
8540.0 0.9501425983215759
8545.0 0.9599737022871004
8550.0 0.9698048352669774
8555.0 0.979635901152043
8560.0 0.9894669725370039
8565.0 0.98770715856984
8570.0 0.9859472820932015
8575.0 0.9910971891083992
8580.0 0.9962471632341247
8585.0 0.9873800352912221
8590.0 0.9785129323979935
8595.0 0.978153795802759
8600.0 0.9777946148930631
8605.0 0.9795945994814869
8610.0 0.9813946771568499
8615.0 0.9839015614628444
8620.0 0.9864084543703472
8625.0 0.9911960848379344
8630.0 0.9959837148130285
8635.0 1.0
8640.0 1.0
8645.0 1.0
8650.0 1.0
8655.0 1.0
8660.0 1.0
8665.0 1.0
8670.0 1.0
8675.0 1.0
8680.0 1.0
8685.0 1.0
8690.0 1.0
8695.0 1.0
8700.0 1.0
8705.0 1.0
8710.0 1.0
8715.0 1.0
8720.0 1.0
8725.0 1.0
8730.0 1.0
8735.0 1.0
8740.0 1.0
8745.0 1.0
8750.0 1.0
8755.0 1.0
8760.0 1.0
8765.0 1.0
8770.0 1.0
8775.0 1.0
8780.0 1.0
8785.0 1.0
8790.0 1.0
8795.0 1.0
8800.0 1.0
8805.0 1.0
8810.0 1.0
8815.0 1.0
8820.0 1.0
8825.0 1.0
8830.0 1.0
8835.0 1.0
8840.0 1.0
8845.0 1.0
8850.0 1.0
8855.0 1.0
8860.0 1.0
8865.0 1.0
8870.0 1.0
8875.0 1.0
8880.0 1.0
8885.0 1.0
8890.0 1.0
8895.0 1.0
8900.0 1.0
8905.0 1.0
8910.0 1.0
8915.0 1.0
8920.0 1.0
8925.0 1.0
8930.0 1.0
8935.0 1.0
8940.0 1.0
8945.0 1.0
8950.0 1.0
8955.0 1.0
8960.0 1.0
8965.0 1.0
8970.0 1.0
8975.0 1.0
8980.0 1.0
8985.0 1.0
8990.0 1.0
8995.0 1.0
9000.0 1.0
9005.0 1.0
9010.0 1.0
9015.0 1.0
9020.0 1.0
9025.0 1.0
9030.0 1.0
9035.0 1.0
9040.0 1.0
9045.0 1.0
9050.0 1.0
9055.0 1.0
9060.0 1.0
9065.0 1.0
9070.0 1.0
9075.0 1.0
9080.0 1.0
9085.0 1.0
9090.0 1.0
9095.0 1.0
9100.0 1.0
9105.0 1.0
9110.0 1.0
9115.0 1.0
9120.0 1.0
9125.0 1.0
9130.0 1.0
9135.0 1.0
9140.0 1.0
9145.0 1.0
9150.0 1.0
9155.0 1.0
9160.0 1.0
9165.0 1.0
9170.0 1.0
9175.0 1.0
9180.0 1.0
9185.0 1.0
9190.0 1.0
9195.0 1.0
9200.0 1.0
9205.0 1.0
9210.0 1.0
9215.0 1.0
9220.0 1.0
9225.0 1.0
9230.0 1.0
9235.0 1.0
9240.0 1.0
9245.0 1.0
9250.0 1.0
9255.0 1.0
9260.0 1.0
9265.0 0.9987720200803751
9270.0 0.9965691664437046
9275.0 0.992718447881032
9280.0 0.9888676737958716
9285.0 0.9850170186545244
9290.0 0.9811662797014409
9295.0 0.9784900014711594
9300.0 0.975813592149727
9305.0 0.9731373039646446
9310.0 0.970460995937841
9315.0 0.9678994443031604
9320.0 0.965337949564428
9325.0 0.9627763760424449
9330.0 0.9602148670037679
9335.0 0.9559537949572948
9340.0 0.9516928315223625
9345.0 0.9474317763042864
9350.0 0.9431708064974298
9355.0 0.9372417685708845
9360.0 0.9313127170165497
9365.0 0.9253837150932616
9370.0 0.919454639537651
9375.0 0.915002314597884
9380.0 0.9105500929419043
9385.0 0.9060977982553883
9390.0 0.9016455869286184
9395.0 0.8954685612553471
9400.0 0.8892914995407467
9405.0 0.8831146153114569
9410.0 0.8769375639128348
9415.0 0.8726454854326118
9420.0 0.8683535176535768
9425.0 0.8640614642746199
9430.0 0.8597693862222473
9435.0 0.8565212106374251
9440.0 0.8532731611003985
9445.0 0.8548792845399867
9450.0 0.856485314505544
9455.0 0.8568757984243383
9460.0 0.8572662273426714
9465.0 0.8574043555012252
9470.0 0.8575424608487173
9475.0 0.8583356855604349
9480.0 0.8591288523991164
9485.0 0.8599221220806197
9490.0 0.8607153213062999
9495.0 0.8605926635893374
9500.0 0.8604700034969373
9505.0 0.8628275017628743
9510.0 0.8651851528826672
9515.0 0.8658500070796471
9520.0 0.8665148018277277
9525.0 0.8671795936100843
9530.0 0.8678444839956645
9535.0 0.8684336857676529
9540.0 0.8690229300125263
9545.0 0.8696122383536321
9550.0 0.8702015062778737
9555.0 0.8706521651296691
9560.0 0.8711029223175449
9565.0 0.8715536493244047
9570.0 0.8720043840439649
9575.0 0.8715269684633773
9580.0 0.8710495003261286
9585.0 0.8705719372831849
9590.0 0.8700945699932514
9595.0 0.8685649880166652
9600.0 0.8670354113908078
9605.0 0.8655057867805056
9610.0 0.8639762047952699
9615.0 0.862859367021511
9620.0 0.8617424567737039
9625.0 0.8606255962466005
9630.0 0.8595086953172019
9635.0 0.8583917268912749
9640.0 0.8572747991723727
9645.0 0.8561579283378649
9650.0 0.8550409446281965
9655.0 0.8544153186268485
9660.0 0.8537897029384814
9665.0 0.853164028246898
9670.0 0.8525383764512348
9675.0 0.8512062068885864
9680.0 0.8498739684753424
9685.0 0.8485417470772024
9690.0 0.8472094227815681
9695.0 0.8458772252817623
9700.0 0.844544994356034
9705.0 0.8432128015264795
9710.0 0.8418805288231006
9715.0 0.8398254168717523
9720.0 0.8377702713010572
9725.0 0.8357151571446487
9730.0 0.833660033304514
9735.0 0.8314378786547837
9740.0 0.8292157098664861
9745.0 0.8269935227690374
9750.0 0.8247713416972198
9755.0 0.8216341405542877
9760.0 0.8184970168023435
9765.0 0.815359884743081
9770.0 0.8122227479460359
9775.0 0.8090029541286419
9780.0 0.8057831127597417
9785.0 0.8025632569662902
9790.0 0.7993433876346464
9795.0 0.7952880864297965
9800.0 0.79123267919958
9805.0 0.7871773019219919
9810.0 0.783122024591121
9815.0 0.7789746445322888
9820.0 0.7748272403422439
9825.0 0.770679902214409
9830.0 0.7665325620794705
9835.0 0.7622026106655525
9840.0 0.7578727270230753
9845.0 0.7535427538493399
9850.0 0.7492128790185756
9855.0 0.7444160436769914
9860.0 0.7396192702093248
9865.0 0.7348224097960163
9870.0 0.7300255003498669
9875.0 0.7261555422395966
9880.0 0.7222855007978625
9885.0 0.7184154691658698
9890.0 0.714545553721618
9895.0 0.7109836785448326
9900.0 0.7074218099523908
9905.0 0.7038599056204518
9910.0 0.700298050860271
9915.0 0.6950038940062203
9920.0 0.6897097186181872
9925.0 0.6844155479394257
9930.0 0.6791214198173139
9935.0 0.6620236336382569
9940.0 0.6449259675418613
9945.0 0.6278282133043428
9950.0 0.6107304625462227
9955.0 0.5780986728822288
9960.0 0.5454668110744278
9965.0 0.5128349632497053
9970.0 0.48020313499320605
9975.0 0.4367456815753061
9980.0 0.39328821426036015
9985.0 0.34983074964965194
9990.0 0.3063732903665077
9995.0 0.2696099854536928
10000.0 0.23284668084263402
10005.0 0.19608334571616992
10010.0 0.15932002100593043
10015.0 0.1365213220884455
10020.0 0.11372263079502773
10025.0 0.09092393769922938
10030.0 0.0681252328282202
10035.0 0.057927405565040634
10040.0 0.047729581398305874
10045.0 0.037531756395630674
10050.0 0.027333929953370122
10055.0 0.02334382216799903
10060.0 0.019353714679974387
10065.0 0.015363610951720806
10070.0 0.011373508728832152
10075.0 0.010032120049487494
10080.0 0.008690732080809102
10085.0 0.007349348489067683
10090.0 0.006007965268950947
10095.0 0.005377870741893335
10100.0 0.004747777141043081
10105.0 0.004117688431853371
10110.0 0.0034876000727716923
10115.0 0.003063566962288904
10120.0 0.002639533797067274
10125.0 0.0022155007639953136
10130.0 0.0017914675540733095
10135.0 0.0018240403397148238
10140.0 0.001856613115932318
10145.0 0.0009283065364771877
10150.0 0.0
