speclite/data/filters/decamDR1-z.ecsv
# %ECSV 0.9
# ---
# datatype:
# - {name: wavelength, unit: Angstrom, datatype: float64}
# - {name: response, datatype: float64}
# meta: {airmass: 1.2, band_name: z, description: 'DECam z-band DR1 throughput documented in T. M. C. Abbott et al 2018 ApJS 239 18.
# 
#     DOI:10.3847/1538-4365/aae9f0 = arXiv:1801.03181
# 
#     Represents the total system throughput and average instrumental response across the science CCDs,
# 
#     including a reference airmass 1.2 atmosphere.  Values are multiplied by 0.587 to give
# 
#     a reasonable absolute throughput (from Douglas Tucker private communication).', group_name: decamDR1, url: 'http://www.ctio.noao.edu/noao/content/DECam-filter-information'}
# schema: astropy-2.0
wavelength response
8250.0 0.0
8255.0 0.001277567871613428
8260.0 0.0025454812622629107
8265.0 0.002740564373321831
8270.0 0.002915795389562845
8275.0 0.0031018486088141796
8280.0 0.0033046039161272345
8285.0 0.0033242146489210426
8290.0 0.0033184566749259827
8295.0 0.0033241094117984174
8300.0 0.0033511520721949636
8305.0 0.0035296249384991823
8310.0 0.003734082627110183
8315.0 0.004012778135482222
8320.0 0.004248281048610806
8325.0 0.0045545913246460255
8330.0 0.004880343954078853
8335.0 0.005153769679367542
8340.0 0.005442344083450734
8345.0 0.006661678241565823
8350.0 0.007861972954124212
8355.0 0.008076581241562962
8360.0 0.008302402612753211
8365.0 0.008537784434854983
8370.0 0.00877729537896812
8375.0 0.009006721599958837
8380.0 0.009235444782301783
8385.0 0.01149427624978125
8390.0 0.013750353511422871
8395.0 0.015200472952798008
8400.0 0.016644324088469147
8405.0 0.01807432656548917
8410.0 0.019502628847956657
8415.0 0.02096081847324967
8420.0 0.02241489701718092
8425.0 0.03370608256757259
8430.0 0.044982052743434905
8435.0 0.0436261131465435
8440.0 0.042296891205012795
8445.0 0.05463673488795757
8450.0 0.06698084272444248
8455.0 0.07933789609372616
8460.0 0.0916526053249836
8465.0 0.14098780339956282
8470.0 0.19042964467406273
8475.0 0.1890984765291214
8480.0 0.18765455979108808
8485.0 0.22358182463049886
8490.0 0.2595477686226368
8495.0 0.29557474905252457
8500.0 0.33158393812179565
8505.0 0.3617882103323936
8510.0 0.3919036132097244
8515.0 0.4220376996397972
8520.0 0.4523812937736511
8525.0 0.47090418195724487
8530.0 0.48930219823122023
8535.0 0.5075595280528068
8540.0 0.5257130486965179
8545.0 0.5311627331376075
8550.0 0.5367737818956375
8555.0 0.542334832906723
8560.0 0.5478974583745002
8565.0 0.5470428432822227
8570.0 0.5460792757868767
8575.0 0.5488870918750762
8580.0 0.5518601559400558
8585.0 0.5471236653923988
8590.0 0.5422205273509025
8595.0 0.5420859287977219
8600.0 0.5420605625510215
8605.0 0.5430686346888541
8610.0 0.5440224405527114
8615.0 0.545532204568386
8620.0 0.5469324563741683
8625.0 0.5495973467826843
8630.0 0.5523737087249756
8635.0 0.5548107927441597
8640.0 0.5572479467391968
8645.0 0.5579355994462967
8650.0 0.5584552751183509
8655.0 0.5576916986107826
8660.0 0.5570960991382599
8665.0 0.5588320950865745
8670.0 0.5605681610107421
8675.0 0.5603361560702323
8680.0 0.5600472957491874
8685.0 0.5598144510984421
8690.0 0.55963818192482
8695.0 0.5596609590649605
8700.0 0.5596837012171745
8705.0 0.5597064433693886
8710.0 0.5597859709262848
8715.0 0.5599606306552887
8720.0 0.5601351854205131
8725.0 0.5603665605783462
8730.0 0.5605411853194237
8735.0 0.5603396548628806
8740.0 0.5602508904933929
8745.0 0.5612903817892074
8750.0 0.5623299430608749
8755.0 0.5628869858384132
8760.0 0.5634432588815689
8765.0 0.5639994969367981
8770.0 0.5645558399558067
8775.0 0.5652058806419372
8780.0 0.5657420706152916
8785.0 0.5663348360657692
8790.0 0.566985121667385
8795.0 0.5673660352230072
8800.0 0.5677469487786293
8805.0 0.5680717067122459
8810.0 0.5683957648873329
8815.0 0.5688145003914833
8820.0 0.5691770802736282
8825.0 0.5695388904213905
8830.0 0.5700716515779495
8835.0 0.5702145422697067
8840.0 0.5705293636322021
8845.0 0.5707863499522209
8850.0 0.5709291706681251
8855.0 0.570974200129509
8860.0 0.5707323285937309
8865.0 0.5711192250847816
8870.0 0.5716779472827911
8875.0 0.5720150909423828
8880.0 0.5718929830789565
8885.0 0.5724584579467773
8890.0 0.5734265738725662
8895.0 0.5721540979743004
8900.0 0.5705391952395439
8905.0 0.5705457029938698
8910.0 0.5708373623490334
8915.0 0.5703047061562537
8920.0 0.569315527498722
8925.0 0.5684986643791199
8930.0 0.5655708047151565
8935.0 0.5636722548604011
8940.0 0.5640559674501419
8945.0 0.5610768854618072
8950.0 0.5551404839754104
8955.0 0.5472157536149025
8960.0 0.541517549932003
8965.0 0.5336581070423126
8970.0 0.5305813037753104
8975.0 0.5362109661102294
8980.0 0.5395050793886185
8985.0 0.519747817158699
8990.0 0.4946637830734253
8995.0 0.5070047944784164
9000.0 0.5238717740774155
9005.0 0.5201594851016998
9010.0 0.5234067495465279
9015.0 0.5282049937844276
9020.0 0.5268219910264015
9025.0 0.524189429461956
9030.0 0.5317738672494888
9035.0 0.5504616185426712
9040.0 0.5622283381223678
9045.0 0.5605875093340873
9050.0 0.5580844730734825
9055.0 0.5586566656231879
9060.0 0.5574963610172271
9065.0 0.5450768367052078
9070.0 0.5308914017677306
9075.0 0.5257567486166954
9080.0 0.5246080949902534
9085.0 0.5259933719635009
9090.0 0.526048337996006
9095.0 0.5287337663173676
9100.0 0.530322603046894
9105.0 0.5258422241210937
9110.0 0.5318721833229064
9115.0 0.535096460700035
9120.0 0.5298631066083908
9125.0 0.5360399451255798
9130.0 0.5233262423276901
9135.0 0.5095982745289802
9140.0 0.5201635786890983
9145.0 0.5381087812185287
9150.0 0.5337594670653343
9155.0 0.5101083984971047
9160.0 0.5165278083086013
9165.0 0.5408039361834526
9170.0 0.5423745442032814
9175.0 0.5263751952052116
9180.0 0.5197823852300644
9185.0 0.5336829484701157
9190.0 0.5470848287940026
9195.0 0.5502175427675247
9200.0 0.5494688361287117
9205.0 0.5560195556282996
9210.0 0.5556639383435249
9215.0 0.5495648779869079
9220.0 0.54848473072052
9225.0 0.5525194684267044
9230.0 0.5518902105689049
9235.0 0.5482361065149307
9240.0 0.5440833545327186
9245.0 0.5403427603244781
9250.0 0.5382970512509345
9255.0 0.5394777888059615
9260.0 0.5400900775194167
9265.0 0.5398060455322266
9270.0 0.5409612419009209
9275.0 0.5272734052538871
9280.0 0.508894667327404
9285.0 0.5039348138570785
9290.0 0.49682421755790707
9295.0 0.4858982928395271
9300.0 0.46487453764677045
9305.0 0.44550186270475384
9310.0 0.42677912348508834
9315.0 0.4068125284910202
9320.0 0.370279115319252
9325.0 0.3568917899727821
9330.0 0.3597771043181419
9335.0 0.3482203472852707
9340.0 0.30887187552452083
9345.0 0.29329180434346197
9350.0 0.3332895645499229
9355.0 0.34405657410621643
9360.0 0.32953833401203153
9365.0 0.3332671722769737
9370.0 0.32414938861131665
9375.0 0.33990564149618147
9380.0 0.3435987221002579
9385.0 0.3465661880970001
9390.0 0.3862125470638275
9395.0 0.4278510136008262
9400.0 0.4205588299632072
9405.0 0.3963572263717651
9410.0 0.39077178877592084
9415.0 0.40018207150697704
9420.0 0.39472447979450226
9425.0 0.35843097883462904
9430.0 0.33109379225969315
9435.0 0.3488555880784988
9440.0 0.3311548112034797
9445.0 0.318313507437706
9450.0 0.3571675298213959
9455.0 0.363806173980236
9460.0 0.34210690689086914
9465.0 0.3510234050154686
9470.0 0.37350808107852934
9475.0 0.37088755536079404
9480.0 0.34189701431989666
9485.0 0.35383562958240505
9490.0 0.3964178254604339
9495.0 0.37371849846839905
9500.0 0.3423904840350151
9505.0 0.3657818022370338
9510.0 0.4081637622117996
9515.0 0.4030882736444473
9520.0 0.3581720331907272
9525.0 0.34735422116518017
9530.0 0.3733143879175186
9535.0 0.38862297028303144
9540.0 0.3928143839240074
9545.0 0.38711761474609374
9550.0 0.3903473152518272
9555.0 0.3845154926776886
9560.0 0.3784785358905792
9565.0 0.3802009215354919
9570.0 0.38459558004140854
9575.0 0.4127514840960502
9580.0 0.41551860922574996
9585.0 0.40251912504434584
9590.0 0.3914171760678291
9595.0 0.38329805278778073
9600.0 0.39725963497161865
9605.0 0.40905878835916515
9610.0 0.4171898075342178
9615.0 0.4255093416571617
9620.0 0.41601498293876643
9625.0 0.3991848806142807
9630.0 0.41257899361848827
9635.0 0.42536505144834513
9640.0 0.41987691527605053
9645.0 0.4197071188688278
9650.0 0.4265632479786873
9655.0 0.4377999004721641
9660.0 0.43023036754131316
9665.0 0.41493392598629
9670.0 0.4215401713252067
9675.0 0.4486746378540992
9680.0 0.45729044973850247
9685.0 0.4487491621375084
9690.0 0.45359285569190977
9695.0 0.458465869128704
9700.0 0.4537329823374748
9705.0 0.4512313106060028
9710.0 0.4551880602240562
9715.0 0.4501837021112442
9720.0 0.44768077081441876
9725.0 0.4460280111432075
9730.0 0.4402287623286247
9735.0 0.4354797111153602
9740.0 0.4330694628357887
9745.0 0.4278863514065742
9750.0 0.42332742458581923
9755.0 0.4235625784397125
9760.0 0.4206690069437027
9765.0 0.423348697245121
9770.0 0.43249989438056946
9775.0 0.43558999305963514
9780.0 0.43020713555812834
9785.0 0.42624555760622024
9790.0 0.4242730782628059
9795.0 0.42087756997346876
9800.0 0.4211743025779724
9805.0 0.4216649382710457
9810.0 0.42870790290832517
9815.0 0.4291051208376884
9820.0 0.4252634465098381
9825.0 0.4205756941437721
9830.0 0.4177161309123039
9835.0 0.4203156638741493
9840.0 0.42099142068624495
9845.0 0.4168183407187462
9850.0 0.4124146903157234
9855.0 0.41194914096593854
9860.0 0.4123258909583091
9865.0 0.4103164993524551
9870.0 0.4067845731377601
9875.0 0.4039420490264892
9880.0 0.40260467052459714
9885.0 0.40154040777683253
9890.0 0.39966362041234965
9895.0 0.3972784584760666
9900.0 0.39477843117713923
9905.0 0.3930724548697471
9910.0 0.3915208103060722
9915.0 0.3887613125443458
9920.0 0.385960214138031
9925.0 0.38281116080284117
9930.0 0.3794746421575546
9935.0 0.37026015186309813
9940.0 0.3611728426814079
9945.0 0.3517787243723869
9950.0 0.342272224843502
9955.0 0.3239240663647652
9960.0 0.3056744338870048
9965.0 0.28742065533995625
9970.0 0.26910883182287215
9975.0 0.24475844207406042
9980.0 0.22038546761870384
9985.0 0.19603611001372337
9990.0 0.17166889107227323
9995.0 0.15102618938684462
10000.0 0.13044754184782503
10005.0 0.1099301756620407
10010.0 0.08931186056137085
10015.0 0.07640990522503853
10020.0 0.0635420718640089
10025.0 0.05086019933223724
10030.0 0.03817278558760881
10035.0 0.03247206058725714
10040.0 0.026739822398871183
10045.0 0.021029044929891823
10050.0 0.015320014670491218
10055.0 0.013082525838166475
10060.0 0.010849766936153173
10065.0 0.008613880441524087
10070.0 0.006377484435215592
10075.0 0.005624277474358678
10080.0 0.004870377861894667
10085.0 0.004117471578530967
10090.0 0.0033626354923471805
10095.0 0.0030069968868046996
10100.0 0.0026571192620322105
10105.0 0.0023079851306974887
10110.0 0.001956411548191681
10115.0 0.0017182245417498051
10120.0 0.001479681642493233
10125.0 0.0012423653707373888
10130.0 0.001005100829177536
10135.0 0.0010234919047215952
10140.0 0.001041678929585032
10145.0 0.0005207425988046452
10150.0 0.0
