speclite/data/filters/decamDR1noatm-g.ecsv
# %ECSV 0.9
# ---
# datatype:
# - {name: wavelength, unit: Angstrom, datatype: float64}
# - {name: response, datatype: float64}
# meta: {airmass: 0.0, band_name: g, description: 'DECam g-band DR1 throughput documented in T. M. C. Abbott et al 2018 ApJS 239 18.
# 
#     DOI:10.3847/1538-4365/aae9f0 = arXiv:1801.03181
# 
#     Represents the total system throughput and average instrumental response across the science CCDs,
# 
#     without any atmosphere.', group_name: decamDR1noatm, url: 'http://www.ctio.noao.edu/noao/content/DECam-filter-information'}
# schema: astropy-2.0
wavelength response
3800.0 0.0
3805.0 0.0003924780214257863
3810.0 0.0007849560457629676
3815.0 0.000878131007769245
3820.0 0.000971305966686848
3825.0 0.0009743540248650991
3830.0 0.00097740192763763
3835.0 0.0011256386392534867
3840.0 0.0012738750993808079
3845.0 0.0013996539914247486
3850.0 0.0015254329245230833
3855.0 0.001651217075408594
3860.0 0.0017770011328880637
3865.0 0.001960931191531733
3870.0 0.002144861267218729
3875.0 0.002328791339974334
3880.0 0.002512721646495621
3885.0 0.002818868444325622
3890.0 0.003125015348666717
3895.0 0.0034311621487179878
3900.0 0.0037373091524454368
3905.0 0.003707680719149119
3910.0 0.0036780519255177778
3915.0 0.005216029784043683
3920.0 0.0067540082718394855
3925.0 0.010243539412013976
3930.0 0.013733070929230368
3935.0 0.01722260260036077
3940.0 0.020712133946879322
3945.0 0.021102431524996704
3950.0 0.021492728582757265
3955.0 0.0714541452294834
3960.0 0.12141556487698102
3965.0 0.17369946784127466
3970.0 0.22598335102224615
3975.0 0.2782672697899956
3980.0 0.3305511853755344
3985.0 0.32984600064971903
3990.0 0.3291408196436772
3995.0 0.3474386354984619
4000.0 0.3657364202307145
4005.0 0.37394643704983577
4010.0 0.38215645780146423
4015.0 0.39036648122635204
4020.0 0.3985764602722422
4025.0 0.40099321116500436
4030.0 0.4034099160203208
4035.0 0.4061601644719521
4040.0 0.4089103769232825
4045.0 0.4092992430270372
4050.0 0.409688095325975
4055.0 0.4138797993250513
4060.0 0.4180714970153354
4065.0 0.42019404268773647
4070.0 0.42231659878121663
4075.0 0.4279906339837648
4080.0 0.43366469065210234
4085.0 0.4341049678054661
4090.0 0.43454524438007774
4095.0 0.4376142098063909
4100.0 0.44068312548670846
4105.0 0.4426313521016519
4110.0 0.4445795232741986
4115.0 0.4465277714004918
4120.0 0.44847598232841984
4125.0 0.44995272683452925
4130.0 0.45142940813520194
4135.0 0.45431908058511916
4140.0 0.4572087017064804
4145.0 0.45858192683226506
4150.0 0.4599551213207154
4155.0 0.4662678047418163
4160.0 0.4725805227977985
4165.0 0.476163093969215
4170.0 0.4797456116982872
4175.0 0.4833281774021492
4180.0 0.48691073721578576
4185.0 0.4876290886011721
4190.0 0.4883474324083557
4195.0 0.4885996767493
4200.0 0.4888519181169691
4205.0 0.4891996512203239
4210.0 0.4895473903401581
4215.0 0.49231298545596014
4220.0 0.49507863410980485
4225.0 0.4953784546713315
4230.0 0.49567824727152404
4235.0 0.5034160713935945
4240.0 0.511153815601888
4245.0 0.5133805106654296
4250.0 0.5156071903663739
4255.0 0.5178338761537188
4260.0 0.5200606131580122
4265.0 0.5218843088976439
4270.0 0.5237080409972082
4275.0 0.5286778181782036
4280.0 0.5336475282210333
4285.0 0.5337004742400756
4290.0 0.533753331356264
4295.0 0.538970545787756
4300.0 0.5441877430886302
4305.0 0.5459725846337337
4310.0 0.5477574382583668
4315.0 0.5495422887538435
4320.0 0.5513271556244411
4325.0 0.553631915125144
4330.0 0.5559366251001213
4335.0 0.5582413555880713
4340.0 0.5605461005973498
4345.0 0.56338679236986
4350.0 0.5662275457677308
4355.0 0.5690682930400894
4360.0 0.5719089949858182
4365.0 0.574235607259498
4370.0 0.5765622061098807
4375.0 0.5788888326141339
4380.0 0.5812154495927232
4385.0 0.5845050765525461
4390.0 0.5877947083306393
4395.0 0.5910843707102594
4400.0 0.5943740189664608
4405.0 0.5962604360810363
4410.0 0.5981469136315243
4415.0 0.600033392469001
4420.0 0.6019198386231187
4425.0 0.6035061565964447
4430.0 0.605092449873736
4435.0 0.6066787227969201
4440.0 0.6082650560945481
4445.0 0.6098191773305769
4450.0 0.6113733073741654
4455.0 0.6129274503346903
4460.0 0.6144816216112368
4465.0 0.6157759560732127
4470.0 0.6170702160387517
4475.0 0.6183644729063525
4480.0 0.6196587810234656
4485.0 0.6212786560348029
4490.0 0.6228984422340327
4495.0 0.6245182890965174
4500.0 0.6261380892810554
4505.0 0.6276241444165301
4510.0 0.6291102849131457
4515.0 0.6305963976048912
4520.0 0.6320824730467492
4525.0 0.6342894880919471
4530.0 0.6364966111511129
4535.0 0.6387036865903319
4540.0 0.6409107596661233
4545.0 0.6418965938879617
4550.0 0.6428825076483252
4555.0 0.6438684601846668
4560.0 0.6448543038086482
4565.0 0.6452677777185192
4570.0 0.6456812503004993
4575.0 0.6460947315286543
4580.0 0.6465082079587456
4585.0 0.6484729486110842
4590.0 0.6504376923200277
4595.0 0.6524025269122313
4600.0 0.6543672973481036
4605.0 0.6562916163040325
4610.0 0.6582159144426684
4615.0 0.6601402837973518
4620.0 0.6620645841701948
4625.0 0.663531891909788
4630.0 0.6649992172050257
4635.0 0.6664664075678408
4640.0 0.667933614524397
4645.0 0.6690169564275944
4650.0 0.6701001905093982
4655.0 0.6711834727647632
4660.0 0.6722667285545346
4665.0 0.6722209594912947
4670.0 0.6721752553258566
4675.0 0.6721294481741591
4680.0 0.6720836962460145
4685.0 0.6726383116103161
4690.0 0.6731928351966529
4695.0 0.6737474406760716
4700.0 0.6743019445277206
4705.0 0.6755274602308762
4710.0 0.6767529493025471
4715.0 0.6779784450835288
4720.0 0.6792039495620018
4725.0 0.6810611278297509
4730.0 0.682918294432153
4735.0 0.68477553356206
4740.0 0.6866327542737825
4745.0 0.6887323572239616
4750.0 0.6908319633209674
4755.0 0.6929316282404117
4760.0 0.6950312889943917
4765.0 0.6953922815246015
4770.0 0.6957532677003526
4775.0 0.6961142766751922
4780.0 0.6964752987334574
4785.0 0.6967089011076579
4790.0 0.6969424904437561
4795.0 0.6971760699112179
4800.0 0.6974097471236539
4805.0 0.6988802167370862
4810.0 0.7003506563837464
4815.0 0.7018211204392338
4820.0 0.7032914855585471
4825.0 0.7037489727449848
4830.0 0.7042064262897643
4835.0 0.7046638736678481
4840.0 0.7051213992010712
4845.0 0.7047101320890529
4850.0 0.7042988095279807
4855.0 0.7038874534671569
4860.0 0.7034761623310788
4865.0 0.7049339016227426
4870.0 0.7063916569353405
4875.0 0.7078493008167476
4880.0 0.7093070103857071
4885.0 0.711188072576265
4890.0 0.7130692299632507
4895.0 0.7149502267073112
4900.0 0.7168313482343925
4905.0 0.7174598070358711
4910.0 0.7180882430828653
4915.0 0.7187166022870325
4920.0 0.7193450296545182
4925.0 0.7188191520047001
4930.0 0.7182932298152416
4935.0 0.7177673758681073
4940.0 0.717241542053387
4945.0 0.7175345685419763
4950.0 0.7178274837492042
4955.0 0.7181205889388538
4960.0 0.7184135805113344
4965.0 0.7207431759431859
4970.0 0.7230728335991494
4975.0 0.7254024646403127
4980.0 0.7277321567359558
4985.0 0.7290928345951672
4990.0 0.730453520793115
4995.0 0.73181414251453
5000.0 0.7331747702159906
5005.0 0.7343220385294429
5010.0 0.7354693026079363
5015.0 0.7366164664915096
5020.0 0.7377637516032446
5025.0 0.7382145812517961
5030.0 0.7386653477409632
5035.0 0.7391161890622201
5040.0 0.7395669610140458
5045.0 0.7403809803045991
5050.0 0.7411949715259827
5055.0 0.7420089473160358
5060.0 0.7428229196668378
5065.0 0.7443557845737775
5070.0 0.745888601958023
5075.0 0.7474214021340236
5080.0 0.7489541681975171
5085.0 0.7498392194313072
5090.0 0.7507241672268206
5095.0 0.7516091727416286
5100.0 0.7524942421808988
5105.0 0.7518084238457453
5110.0 0.7511225758252396
5115.0 0.7504367684509792
5120.0 0.7497509178754344
5125.0 0.7501358858461636
5130.0 0.7505209273362586
5135.0 0.7509059890968148
5140.0 0.7512909947208071
5145.0 0.752933016290688
5150.0 0.7545750959402624
5155.0 0.756217154075643
5160.0 0.7578591952557362
5165.0 0.7584968880826204
5170.0 0.7591345756956752
5175.0 0.7597722851283046
5180.0 0.7604100847483826
5185.0 0.7615058319364886
5190.0 0.7626015239943882
5195.0 0.763697295786579
5200.0 0.7647929471127968
5205.0 0.7666909530556124
5210.0 0.7685890467184373
5215.0 0.7704870873051044
5220.0 0.7723850746040647
5225.0 0.7739315993313866
5230.0 0.7754782334195329
5235.0 0.7770248689690881
5240.0 0.778571456870517
5245.0 0.7794325563188937
5250.0 0.7802936456174221
5255.0 0.7811547108179889
5260.0 0.7820157334129971
5265.0 0.7821691974250884
5270.0 0.7823226128661883
5275.0 0.7824760968559588
5280.0 0.782629468049034
5285.0 0.7830094229373388
5290.0 0.7833892400497516
5295.0 0.7837691578627543
5300.0 0.7841489726371222
5305.0 0.7852502741872279
5310.0 0.7863515045982298
5315.0 0.7874527599144382
5320.0 0.7885540116895543
5325.0 0.7895776990690306
5330.0 0.7906013793950006
5335.0 0.791625007875568
5340.0 0.7926487131639431
5345.0 0.7938652018865127
5350.0 0.7950815973603392
5355.0 0.7962980397105688
5360.0 0.7975144306057053
5365.0 0.7965877014374156
5370.0 0.7956610506687163
5375.0 0.7947343538567748
5380.0 0.7938076026499714
5385.0 0.7918108661643583
5390.0 0.7898140797629963
5395.0 0.7878172168389231
5400.0 0.7858204326040501
5405.0 0.7874268297531023
5410.0 0.7890331837705622
5415.0 0.7906395633397914
5420.0 0.7922459958620697
5425.0 0.7973029924752095
5430.0 0.8023598548131258
5435.0 0.8074168589598375
5440.0 0.8124737985632111
5445.0 0.7855930198707017
5450.0 0.7587122110705705
5455.0 0.7318314009533513
5460.0 0.7049505483470911
5465.0 0.6049306469192789
5470.0 0.5049107783894222
5475.0 0.4048908498697784
5480.0 0.3048709497573134
5485.0 0.24328413866631698
5490.0 0.18169734035496607
5495.0 0.12011054365748366
5500.0 0.0585237388930016
5505.0 0.047169251565213476
5510.0 0.035814769601217857
5515.0 0.02446028121003175
5520.0 0.01310579154399668
5525.0 0.010582436345261145
5530.0 0.008059079556649529
5535.0 0.005535719140921965
5540.0 0.003012358213511747
5545.0 0.0025418411914306786
5550.0 0.0020713244460342987
5555.0 0.0016008077914983782
5560.0 0.0011302911436007212
5565.0 0.001010769313521363
5570.0 0.0008912474318048357
5575.0 0.0007717203761500408
5580.0 0.0006521932912165248
5585.0 0.0006106477796605415
5590.0 0.0005691022206654469
5595.0 0.0005275619249208963
5600.0 0.00048602165978980385
5605.0 0.0004611701535601184
5610.0 0.00043631865017411
5615.0 0.00041146717153146665
5620.0 0.00038661564923721877
5625.0 0.0003700722483623262
5630.0 0.0003535288434156146
5635.0 0.0003369905697855216
5640.0 0.0003204523212402808
5645.0 0.00016022615631256393
5650.0 0.0
