speclite/data/filters/decamDR1noatm-Y.ecsv
# %ECSV 0.9
# ---
# datatype:
# - {name: wavelength, unit: Angstrom, datatype: float64}
# - {name: response, datatype: float64}
# meta: {airmass: 0.0, band_name: Y, description: 'DECam Y-band DR1 throughput documented in T. M. C. Abbott et al 2018 ApJS 239 18.
# 
#     DOI:10.3847/1538-4365/aae9f0 = arXiv:1801.03181
# 
#     Represents the total system throughput and average instrumental response across the science CCDs,
# 
#     without any atmosphere.  Values are multiplied by 0.624 to give
# 
#     a reasonable absolute throughput (from Douglas Tucker private communication).', group_name: decamDR1noatm, url: 'http://www.ctio.noao.edu/noao/content/DECam-filter-information'}
# schema: astropy-2.0
wavelength response
9300.0 0.0
9305.0 0.00209262784705142
9310.0 0.004185255640822335
9315.0 0.004447347453912874
9320.0 0.004709439388980591
9325.0 0.004971534607907801
9330.0 0.005233629872676593
9335.0 0.00557109129935402
9340.0 0.005908552621933287
9345.0 0.006246013288773701
9350.0 0.006583474128075095
9355.0 0.0070087462478705285
9360.0 0.007434018724778223
9365.0 0.007859287431985761
9370.0 0.00828455618875294
9375.0 0.008979211143599725
9380.0 0.009673865754579966
9385.0 0.010368516490970267
9390.0 0.011063167231662783
9395.0 0.012278192885831417
9400.0 0.01349321884614403
9405.0 0.01470824277466561
9410.0 0.01592326824483735
9415.0 0.018353571899423115
9420.0 0.020783877399939563
9425.0 0.023214188440858787
9430.0 0.025644497712769162
9435.0 0.031128743855218313
9440.0 0.03661299156601274
9445.0 0.04209723416626763
9450.0 0.047581485809520326
9455.0 0.04828590344592981
9460.0 0.048990320937742776
9465.0 0.07320114521117747
9470.0 0.09741196401698417
9475.0 0.09880079705276065
9480.0 0.10018964535886915
9485.0 0.1456836548372521
9490.0 0.19117766833644506
9495.0 0.19341709048966016
9500.0 0.1956565024524724
9505.0 0.26158828500724957
9510.0 0.32752005307765164
9515.0 0.35910442734974385
9520.0 0.3906888209206456
9525.0 0.4222731861373986
9530.0 0.45385753459687933
9535.0 0.47021845319305805
9540.0 0.48657926265023194
9545.0 0.502940141221446
9550.0 0.519301001455298
9555.0 0.5237383163709842
9560.0 0.5281755714562385
9565.0 0.5326128771981268
9570.0 0.5370501593999483
9575.0 0.5369574762132058
9580.0 0.536864764053142
9585.0 0.5367721209698785
9590.0 0.5366794342988869
9595.0 0.5359611617694314
9600.0 0.5352428307944939
9605.0 0.5345245515280272
9610.0 0.5338062710943331
9615.0 0.533034869178765
9620.0 0.5322634355683894
9625.0 0.5314920373852418
9630.0 0.5307206369089977
9635.0 0.5302091311699451
9640.0 0.529697562865698
9645.0 0.5291860289990161
9650.0 0.5286745178557264
9655.0 0.5279788235795394
9660.0 0.5272831613110764
9665.0 0.5265875382695023
9670.0 0.5258918671982601
9675.0 0.5247759577190696
9680.0 0.5236599752436684
9685.0 0.522544043846892
9690.0 0.5214281454613608
9695.0 0.520670857639807
9700.0 0.5199135576119235
9705.0 0.5191562732983581
9710.0 0.5183989743572488
9715.0 0.5156950091310273
9720.0 0.5129910770179047
9725.0 0.5102871558122827
9730.0 0.5075832073851663
9735.0 0.5057899604774503
9740.0 0.5039967521887889
9745.0 0.5022035049471005
9750.0 0.5004102860192852
9755.0 0.49853473352260974
9760.0 0.49665916526832643
9765.0 0.49478361146881816
9770.0 0.49290805572345353
9775.0 0.49088370937861925
9780.0 0.4888593002158061
9785.0 0.4868349714012266
9790.0 0.4848106376344816
9795.0 0.482937775298687
9800.0 0.48106496043312086
9805.0 0.4791921198971604
9810.0 0.4773192836502299
9815.0 0.4754634338095472
9820.0 0.47360761077036506
9825.0 0.47175176769959587
9830.0 0.46989590923545743
9835.0 0.4675877674898001
9840.0 0.46527958310590284
9845.0 0.4629713820607917
9850.0 0.4606632657828284
9855.0 0.4584639079481306
9860.0 0.4562645456993111
9865.0 0.4540652060623328
9870.0 0.4518658600723242
9875.0 0.4488695985691221
9880.0 0.44587335310236104
9885.0 0.4428770907776111
9890.0 0.43988083256069
9895.0 0.4371072361074837
9900.0 0.43433370282465245
9905.0 0.43156015905223744
9910.0 0.4287865869227604
9915.0 0.4256677758115755
9920.0 0.4225489173368593
9925.0 0.4194300733624346
9930.0 0.41631128792935
9935.0 0.41374805745626697
9940.0 0.4111848453298122
9945.0 0.40862162423244835
9950.0 0.4060584000199278
9955.0 0.4029617829844989
9960.0 0.39986514261411055
9965.0 0.39676856057345156
9970.0 0.39367195475444666
9975.0 0.39067388608495146
9980.0 0.3876758022653734
9985.0 0.384677706187136
9990.0 0.3816795965940582
9995.0 0.37832843399250066
10000.0 0.3749772479221308
10005.0 0.37162611592968664
10010.0 0.3682749385194564
10015.0 0.3647473704142243
10020.0 0.3612198494622498
10025.0 0.35769232025016484
10030.0 0.3541647590206847
10035.0 0.3504395147020328
10040.0 0.34671420590045304
10045.0 0.34298898726540744
10050.0 0.33926371901992924
10055.0 0.33580292958803754
10060.0 0.33234214187550476
10065.0 0.32888137810573176
10070.0 0.32542056707832834
10075.0 0.32162256773544656
10080.0 0.3178246280027383
10085.0 0.31402666901813897
10090.0 0.3102286600496511
10095.0 0.30624964756623435
10100.0 0.3022706518194014
10105.0 0.29829165223674775
10110.0 0.2943126402886044
10115.0 0.29081722492097645
10120.0 0.2873218335579588
10125.0 0.28382642720295637
10130.0 0.2803310300477709
10135.0 0.2765688509407339
10140.0 0.27280669675991437
10145.0 0.2690445372754811
10150.0 0.26528236643684533
10155.0 0.2617118759842148
10160.0 0.25814136206660754
10165.0 0.2545708784339044
10170.0 0.25100040867162265
10175.0 0.24715439704906322
10180.0 0.24330838461072438
10185.0 0.23946235195307927
10190.0 0.23561635439450648
10195.0 0.2320254910512231
10200.0 0.22843462951206522
10205.0 0.22484377551314916
10210.0 0.22125290364610764
10215.0 0.21763438285320508
10220.0 0.2140158791297789
10225.0 0.2103973650768693
10230.0 0.20677884806271896
10235.0 0.2031606271764609
10240.0 0.19954241911593112
10245.0 0.19592421650051106
10250.0 0.19230600446038043
10255.0 0.18894414334896054
10260.0 0.18558230225372824
10265.0 0.1822204490717402
10270.0 0.17885862567204908
10275.0 0.17584432620303952
10280.0 0.17283005463475998
10285.0 0.1698157642475801
10290.0 0.1668014676867516
10295.0 0.1634574163579776
10300.0 0.16011337293636937
10305.0 0.15676932560120949
10310.0 0.15342526397724193
10315.0 0.15013552117468904
10320.0 0.14684576673732494
10325.0 0.14355602183749117
10330.0 0.14026627532052863
10335.0 0.13652215042821844
10340.0 0.13277801558081515
10345.0 0.12903389204942856
10350.0 0.12528977363742874
10355.0 0.1213801502801872
10360.0 0.11747052848117369
10365.0 0.1135609204956492
10370.0 0.10965129829855437
10375.0 0.10741122211891134
10380.0 0.10517114498441471
10385.0 0.1029310658599095
10390.0 0.10069098859209015
10395.0 0.09920562561188645
10400.0 0.09772025851268319
10405.0 0.09623489169917933
10410.0 0.09474952432149832
10415.0 0.09341346100725767
10420.0 0.0920774021004849
10425.0 0.09074134172607941
10430.0 0.08940527677089052
10435.0 0.08804932716654465
10440.0 0.08669336443617627
10445.0 0.0853374229353168
10450.0 0.08398145912633927
10455.0 0.0826675211166386
10460.0 0.08135358178773208
10465.0 0.08003964115550397
10470.0 0.07872570445298867
10475.0 0.07751366293344766
10480.0 0.07630162324497676
10485.0 0.07508958522115723
10490.0 0.0738775447463669
10495.0 0.07251821139616264
10500.0 0.07115887755660352
10505.0 0.06979954960715389
10510.0 0.06844021602286449
10515.0 0.06745366473990602
10520.0 0.06646710561671433
10525.0 0.06548055506006853
10530.0 0.06449400356880249
10535.0 0.06378072446279877
10540.0 0.06306743870397194
10545.0 0.06235415592939941
10550.0 0.06164086711346105
10555.0 0.06116776542939244
10560.0 0.060694664618466385
10565.0 0.06022156476307182
10570.0 0.05974846904176356
10575.0 0.05907410705020131
10580.0 0.05839974936408409
10585.0 0.05772539224772218
10590.0 0.0570510330712587
10595.0 0.05542605304159273
10600.0 0.053801074478062476
10605.0 0.05217608686298483
10610.0 0.050551105958423465
10615.0 0.047273396128514
10620.0 0.043995694696184875
10625.0 0.04071799682907847
10630.0 0.037440290359336104
10635.0 0.03349648471413406
10640.0 0.029552676660621273
10645.0 0.025608873374358323
10650.0 0.021665071234192413
10655.0 0.0187020261132902
10660.0 0.015738981251542047
10665.0 0.012775934312263135
10670.0 0.009812886730479316
10675.0 0.008311971043033706
10680.0 0.00681105618128426
10685.0 0.005310136335499066
10690.0 0.003809217280105338
10695.0 0.0019046086017113107
10700.0 0.0
