speclite/data/filters/decamDR1noatm-r.ecsv
# %ECSV 0.9
# ---
# datatype:
# - {name: wavelength, unit: Angstrom, datatype: float64}
# - {name: response, datatype: float64}
# meta: {airmass: 0.0, band_name: r, description: 'DECam r-band DR1 throughput documented in T. M. C. Abbott et al 2018 ApJS 239 18.
# 
#     DOI:10.3847/1538-4365/aae9f0 = arXiv:1801.03181
# 
#     Represents the total system throughput and average instrumental response across the science CCDs,
# 
#     without any atmosphere.', group_name: decamDR1noatm, url: 'http://www.ctio.noao.edu/noao/content/DECam-filter-information'}
# schema: astropy-2.0
wavelength response
5400.0 0.0
5405.0 0.0013756333532486632
5410.0 0.0027512668186607716
5415.0 0.0029150239569453377
5420.0 0.003078781178279848
5425.0 0.00331209727106258
5430.0 0.0035454137206355346
5435.0 0.003778735274744004
5440.0 0.004012056496477469
5445.0 0.004298518395783593
5450.0 0.004584980696084252
5455.0 0.004871443101077854
5460.0 0.005157904551309771
5465.0 0.005454180830546831
5470.0 0.0057504565546962925
5475.0 0.006046727246134237
5480.0 0.006342998154540892
5485.0 0.00677615964012124
5490.0 0.00720932112449006
5495.0 0.007642482509949471
5500.0 0.008075644447259032
5505.0 0.008579242831207342
5510.0 0.009082841716250825
5515.0 0.009586440478298352
5520.0 0.01009003830695613
5525.0 0.010700784267638703
5530.0 0.01131153014907054
5535.0 0.011922282487584503
5540.0 0.012533034637554508
5545.0 0.013365625821321742
5550.0 0.014198219390124459
5555.0 0.015030811020567239
5560.0 0.01586340346664735
5565.0 0.01697597636016193
5570.0 0.01808855126451677
5575.0 0.0192011252517967
5580.0 0.02031370169518246
5585.0 0.0220959977501526
5590.0 0.023878294008975405
5595.0 0.025660587527425723
5600.0 0.02744288040027246
5605.0 0.03181063064659808
5610.0 0.03617838133645382
5615.0 0.040546130078182974
5620.0 0.04491388027681592
5625.0 0.061033645981178025
5630.0 0.0771534081461237
5635.0 0.0932731639400828
5640.0 0.10939291483589557
5645.0 0.16165362710602355
5650.0 0.21391431312768155
5655.0 0.2661750029754556
5660.0 0.3184356924725156
5665.0 0.39942836831452544
5670.0 0.48042099549403716
5675.0 0.561413633552124
5680.0 0.6424063466261162
5685.0 0.6805330920008683
5690.0 0.7186599039848246
5695.0 0.7567866218859639
5700.0 0.7949133945981595
5705.0 0.8006785248016031
5710.0 0.8064435136042162
5715.0 0.8122085776140586
5720.0 0.8179736824455666
5725.0 0.8198777206522712
5730.0 0.821781823201109
5735.0 0.8236859149465824
5740.0 0.8255899054684105
5745.0 0.8275537166949966
5750.0 0.829517573547872
5755.0 0.8314813619480727
5760.0 0.8334452662298687
5765.0 0.834938075306226
5770.0 0.8364309142855
5775.0 0.8379237727900964
5780.0 0.8394165350638355
5785.0 0.840448346143509
5790.0 0.8414801214294378
5795.0 0.8425119043326528
5800.0 0.8435436939629746
5805.0 0.8458659774954873
5810.0 0.8481882501546344
5815.0 0.8505105812397289
5820.0 0.8528329110816157
5825.0 0.8536485319774632
5830.0 0.854464113775185
5835.0 0.8552797534968088
5840.0 0.8560953526362918
5845.0 0.8555473222758522
5850.0 0.8549992672151937
5855.0 0.8544511952570233
5860.0 0.8539031074304811
5865.0 0.8528268993800625
5870.0 0.8517506381761714
5875.0 0.8506744277945251
5880.0 0.8495982158366718
5885.0 0.8498313599802846
5890.0 0.8500644471128562
5895.0 0.850297567700732
5900.0 0.8505307021980885
5905.0 0.8524122110103101
5910.0 0.8542936723604946
5915.0 0.856175157425297
5920.0 0.8580567190843518
5925.0 0.8591134603776474
5930.0 0.860170107392424
5935.0 0.8612267632296323
5940.0 0.8622834790673007
5945.0 0.8620580643921322
5950.0 0.8618326231606044
5955.0 0.8616072336384877
5960.0 0.8613818706670103
5965.0 0.861819773289806
5970.0 0.862257521345409
5975.0 0.862695303200282
5980.0 0.8631332113082512
5985.0 0.8642604072691363
5990.0 0.865387581328449
5995.0 0.866514677522312
6000.0 0.8676417935166673
6005.0 0.8687394097846225
6010.0 0.8698370224823799
6015.0 0.8709345770939568
6020.0 0.8720321520784736
6025.0 0.8719113762380988
6030.0 0.8717906030401414
6035.0 0.8735894608358584
6040.0 0.8753883296190003
6045.0 0.8756026242428523
6050.0 0.8758168244358406
6055.0 0.8760310520225544
6060.0 0.8762452933396435
6065.0 0.8757760602600406
6070.0 0.8753068157476093
6075.0 0.8748374888757733
6080.0 0.8743683388420119
6085.0 0.8746892253099879
6090.0 0.8750102110610667
6095.0 0.875331134406368
6100.0 0.8756521061624211
6105.0 0.8773173044966152
6110.0 0.8789826180589738
6115.0 0.8806479069024604
6120.0 0.8823131643945841
6125.0 0.883772477753995
6130.0 0.8852318013644942
6135.0 0.8866910716630663
6140.0 0.8881503258292507
6145.0 0.8887177677325441
6150.0 0.8892852539325392
6155.0 0.8898526836346395
6160.0 0.8904201304737587
6165.0 0.8911468130802669
6170.0 0.8918735353452035
6175.0 0.8926003188020774
6180.0 0.8933270223094008
6185.0 0.8933200549170542
6190.0 0.8933132455777675
6195.0 0.893306350242781
6200.0 0.8932995422494355
6205.0 0.8935029673276341
6210.0 0.8937063597326537
6215.0 0.8939097983499241
6220.0 0.8941133136910211
6225.0 0.894600897454294
6230.0 0.8950883576186645
6235.0 0.8955758628773736
6240.0 0.8960634454962334
6245.0 0.896323105939266
6250.0 0.89658266526097
6255.0 0.8968422286464832
6260.0 0.8971018650302365
6265.0 0.8976426419838787
6270.0 0.8981834470677542
6275.0 0.8987242792114194
6280.0 0.8992650423354782
6285.0 0.9001982175466441
6290.0 0.9011313609867608
6295.0 0.9020645917352172
6300.0 0.9029977503551615
6305.0 0.9032669340938514
6310.0 0.9035361825161906
6315.0 0.9038053631121312
6320.0 0.9040746129165904
6325.0 0.9041131492056411
6330.0 0.9041518042275014
6335.0 0.9041904353566494
6340.0 0.9042290142479286
6345.0 0.9052063472726439
6350.0 0.9061836325625497
6355.0 0.9071610111626535
6360.0 0.9081383270262524
6365.0 0.9091411719716341
6370.0 0.9101441242775423
6375.0 0.9111470232437336
6380.0 0.9121498286206206
6385.0 0.9122221471458154
6390.0 0.9122944659049186
6395.0 0.9123667751962221
6400.0 0.912438979463993
6405.0 0.9127472110197543
6410.0 0.9130554334037284
6415.0 0.9133636648733539
6420.0 0.9136718237637896
6425.0 0.9136343866882838
6430.0 0.913597068451609
6435.0 0.9135596122385824
6440.0 0.9135221944661064
6445.0 0.9133848853437746
6450.0 0.9132477034943971
6455.0 0.9131105045083047
6460.0 0.9129732175968543
6465.0 0.9133170188132418
6470.0 0.9136608385916157
6475.0 0.9140045348645193
6480.0 0.914348390411925
6485.0 0.9145549137744733
6490.0 0.9147614530377367
6495.0 0.9149679721396308
6500.0 0.9151744878840802
6505.0 0.9152061456548262
6510.0 0.9152377623501268
6515.0 0.9152693867573258
6520.0 0.9153010466983404
6525.0 0.9162023939291047
6530.0 0.917103777336838
6535.0 0.9180051698574472
6540.0 0.918906578790646
6545.0 0.9200136542397294
6550.0 0.9211207910992739
6555.0 0.9222279516531459
6560.0 0.9233352033465012
6565.0 0.9237351254265187
6570.0 0.9241351560385477
6575.0 0.9245351231823783
6580.0 0.9249350589620103
6585.0 0.9250391548667666
6590.0 0.9251433732954938
6595.0 0.9252475478313692
6600.0 0.9253516957007043
6605.0 0.9251851030832774
6610.0 0.9250184418173154
6615.0 0.9248518376709308
6620.0 0.9246852200474694
6625.0 0.9240967564380864
6630.0 0.9235082981937449
6635.0 0.9229197638392086
6640.0 0.9223312625870985
6645.0 0.9223623677793361
6650.0 0.9223935234773945
6655.0 0.9224245258771598
6660.0 0.9224556465278466
6665.0 0.9235352339215336
6670.0 0.9246148201034575
6675.0 0.9256944342221491
6680.0 0.9267740576091138
6685.0 0.9277447765272583
6690.0 0.928715617674851
6695.0 0.9296863923072578
6700.0 0.9306571633530322
6705.0 0.9309422703229325
6710.0 0.9312275309802527
6715.0 0.9315127270841853
6720.0 0.9317979375837554
6725.0 0.9315632419073173
6730.0 0.9313286249707099
6735.0 0.9310939054636812
6740.0 0.9308592650494785
6745.0 0.930353404140203
6750.0 0.9298476097145714
6755.0 0.9293418048440373
6760.0 0.9288360179408732
6765.0 0.928765470338449
6770.0 0.9286948900347202
6775.0 0.9286242711271796
6780.0 0.9285537102935156
6785.0 0.9290348371621339
6790.0 0.9295159258948283
6795.0 0.9299969944434724
6800.0 0.9304780633445547
6805.0 0.930678766381832
6810.0 0.9308794710781036
6815.0 0.931080208481261
6820.0 0.9312809173662284
6825.0 0.9314336694995179
6830.0 0.9315863589181617
6835.0 0.9317391603205231
6840.0 0.9318919287617309
6845.0 0.9319048850704784
6850.0 0.9319177606766963
6855.0 0.9319306825834175
6860.0 0.9319435986785357
6865.0 0.9316903608022697
6870.0 0.9314371200720837
6875.0 0.9311839247856818
6880.0 0.9309306999056954
6885.0 0.9307726954772649
6890.0 0.9306147098543606
6895.0 0.9304567199153078
6900.0 0.9302987503769748
6905.0 0.9296979549527498
6910.0 0.929097269045873
6915.0 0.9284964750804614
6920.0 0.9278957296075396
6925.0 0.9276057618341719
6930.0 0.9273157811294375
6935.0 0.9270258708472795
6940.0 0.9267359144729787
6945.0 0.9264924853481306
6950.0 0.9262490509115234
6955.0 0.9260056328254257
6960.0 0.9257621897979624
6965.0 0.9254505653710783
6970.0 0.9251388828054943
6975.0 0.9248272513793209
6980.0 0.924515643096868
6985.0 0.9246661740830459
6990.0 0.9248166854191207
6995.0 0.9249671550498645
7000.0 0.9251176605666457
7005.0 0.9253526938372183
7010.0 0.9255877929418234
7015.0 0.9258228270946975
7020.0 0.9260579941273601
7025.0 0.9246404470186762
7030.0 0.9232228675441767
7035.0 0.9218052879076685
7040.0 0.9203876128349696
7045.0 0.9183454570122012
7050.0 0.9163032380501713
7055.0 0.9142610455156572
7060.0 0.9122188831720898
7065.0 0.9075159992374253
7070.0 0.9028132054137394
7075.0 0.8981103773411296
7080.0 0.8934075861668062
7085.0 0.8862887900825992
7090.0 0.8791699381805229
7095.0 0.8720510991796546
7100.0 0.8649323681569997
7105.0 0.8584716002175704
7110.0 0.8520108633942625
7115.0 0.8455501400637873
7120.0 0.8390894135264199
7125.0 0.805816168527211
7130.0 0.7725428983656742
7135.0 0.739269747640792
7140.0 0.7059965288606698
7145.0 0.629006036695231
7150.0 0.5520154690751455
7155.0 0.47502494063376105
7160.0 0.39803439875642155
7165.0 0.33587546069980917
7170.0 0.2737165079657688
7175.0 0.21155756793497757
7180.0 0.1493986460623596
7185.0 0.12388831209893517
7190.0 0.09837797937717538
7195.0 0.07286764492984721
7200.0 0.04735731140385457
7205.0 0.03897678760051068
7210.0 0.030596267371182404
7215.0 0.022215738905424186
7220.0 0.0138352080714154
7225.0 0.012299499767203442
7230.0 0.010763790964251504
7235.0 0.009228081762925914
7240.0 0.007692372159816286
7245.0 0.006500736733649222
7250.0 0.0053091012823341735
7255.0 0.004117465598175907
7260.0 0.0029258295667183615
7265.0 0.002539764212814122
7270.0 0.0021536990401445884
7275.0 0.0017676285626676207
7280.0 0.001381558117985427
7285.0 0.0012327088101547787
7290.0 0.0010838594605090698
7295.0 0.0009350048832192817
7300.0 0.000786150402986696
7305.0 0.0007324439729692972
7310.0 0.0006787375059770997
7315.0 0.0006250310458859407
7320.0 0.0005713246841021021
7325.0 0.0005364256407007648
7330.0 0.000501526579347653
7335.0 0.00046662233688807514
7340.0 0.00043171807803893115
7345.0 0.00021585903990329293
7350.0 0.0
