speclite/data/filters/decamDR1-i.ecsv
# %ECSV 0.9
# ---
# datatype:
# - {name: wavelength, unit: Angstrom, datatype: float64}
# - {name: response, datatype: float64}
# meta: {airmass: 1.2, band_name: i, description: 'DECam i-band DR1 throughput documented in T. M. C. Abbott et al 2018 ApJS 239 18.
# 
#     DOI:10.3847/1538-4365/aae9f0 = arXiv:1801.03181
# 
#     Represents the total system throughput and average instrumental response across the science CCDs,
# 
#     including a reference airmass 1.2 atmosphere.  Values are multiplied by 0.590 to give
# 
#     a reasonable absolute throughput (from Douglas Tucker private communication).', group_name: decamDR1, url: 'http://www.ctio.noao.edu/noao/content/DECam-filter-information'}
# schema: astropy-2.0
wavelength response
6750.0 0.0
6755.0 0.00023391293041640892
6760.0 0.00046798356168437744
6765.0 0.0005037593666929751
6770.0 0.0005395519995363429
6775.0 0.000575477194506675
6780.0 0.0006113106606062501
6785.0 0.0006466813269071281
6790.0 0.0006820684089325368
6795.0 0.0007176193734630942
6800.0 0.0007530469796620309
6805.0 0.0007990434963721781
6810.0 0.0008452130306977778
6815.0 0.0008914014534093439
6820.0 0.0009376114432234317
6825.0 0.00099629154545255
6830.0 0.0010549992590676992
6835.0 0.0011137343093287199
6840.0 0.0011722610378637908
6845.0 0.0012533809547312558
6850.0 0.0013345386483706533
6855.0 0.0014154512737877666
6860.0 0.0014879865222610532
6865.0 0.0015115097747184336
6870.0 0.0013960789330303668
6875.0 0.0013753017084673046
6880.0 0.0015858323452994226
6885.0 0.0018147594458423554
6890.0 0.0019027797365561126
6895.0 0.0020203524525277314
6900.0 0.002190660717897117
6905.0 0.0024066809378564358
6910.0 0.0026369714364409447
6915.0 0.0028614844242110847
6920.0 0.0030854729330167174
6925.0 0.0034602143894881007
6930.0 0.0038317108899354932
6935.0 0.004185386095196008
6940.0 0.004527306817471981
6945.0 0.005227321665734052
6950.0 0.005939109129831195
6955.0 0.006646115565672517
6960.0 0.007339180586859583
6965.0 0.009047634685412049
6970.0 0.010782187450677156
6975.0 0.012482293844223022
6980.0 0.014158823136240244
6985.0 0.018096980452537537
6990.0 0.02198846600949764
6995.0 0.02594864100217819
7000.0 0.02996574655175209
7005.0 0.038038728982210154
7010.0 0.04609216749668121
7015.0 0.05417937487363815
7020.0 0.06227372109889984
7025.0 0.07584337055683135
7030.0 0.0895249469578266
7035.0 0.10346138551831245
7040.0 0.11706814467906951
7045.0 0.13627356320619582
7050.0 0.15547608047723768
7055.0 0.17459966599941254
7060.0 0.1939273065328598
7065.0 0.21628489583730698
7070.0 0.23868449181318283
7075.0 0.2609423658251762
7080.0 0.28321036785840986
7085.0 0.3048511886596679
7090.0 0.32642967641353604
7095.0 0.3479262608289718
7100.0 0.3692475038766861
7105.0 0.3870853406190872
7110.0 0.4050519227981567
7115.0 0.42303862035274503
7120.0 0.4409558635950088
7125.0 0.45326351940631865
7130.0 0.4654291015863418
7135.0 0.4778249907493591
7140.0 0.490175022482872
7145.0 0.4966654312610626
7150.0 0.5029966402053833
7155.0 0.5096214562654495
7160.0 0.5156187921762466
7165.0 0.5149104285240174
7170.0 0.5093273919820785
7175.0 0.5038530558347701
7180.0 0.5026892828941345
7185.0 0.49613603115081784
7190.0 0.49228573024272915
7195.0 0.4939610034227371
7200.0 0.49553070604801175
7205.0 0.49997469186782834
7210.0 0.5114619427919388
7215.0 0.5225788879394531
7220.0 0.5260685187578201
7225.0 0.525177217721939
7230.0 0.5184014308452606
7235.0 0.5077581113576889
7240.0 0.5070078641176223
7245.0 0.5088224679231643
7250.0 0.5123108679056168
7255.0 0.5153233915567398
7260.0 0.5201290673017501
7265.0 0.5210950976610184
7270.0 0.521627100110054
7275.0 0.5193205839395523
7280.0 0.5200023263692856
7285.0 0.5276123034954071
7290.0 0.5272489255666732
7295.0 0.5288040339946747
7300.0 0.5327143996953964
7305.0 0.5307760441303253
7310.0 0.5306440281867981
7315.0 0.5316053110361099
7320.0 0.53403972864151
7325.0 0.538014554977417
7330.0 0.5391975992918014
7335.0 0.5385241913795471
7340.0 0.539044764637947
7345.0 0.5391759717464447
7350.0 0.5386009955406189
7355.0 0.5385146260261535
7360.0 0.5378304219245911
7365.0 0.5381778693199157
7370.0 0.539067834019661
7375.0 0.5407755309343337
7380.0 0.5421592718362808
7385.0 0.5432738465070724
7390.0 0.5446062791347503
7395.0 0.5458314180374145
7400.0 0.5471671915054321
7405.0 0.5484655475616455
7410.0 0.5493787223100662
7415.0 0.5501838648319244
7420.0 0.5510998529195785
7425.0 0.5512262070178985
7430.0 0.5515747797489166
7435.0 0.5520338463783264
7440.0 0.552217029929161
7445.0 0.5519518023729324
7450.0 0.5518538278341293
7455.0 0.551643882393837
7460.0 0.5515457671880721
7465.0 0.5514680486917496
7470.0 0.5513351184129714
7475.0 0.5511455345153808
7480.0 0.5510125339031219
7485.0 0.5512782889604568
7490.0 0.5514872848987579
7495.0 0.5517530751228332
7500.0 0.5519637238979339
7505.0 0.5521272844076156
7510.0 0.5524580979347229
7515.0 0.5527338403463363
7520.0 0.552952823638916
7525.0 0.5531705057621001
7530.0 0.5533882582187652
7535.0 0.5535492867231369
7540.0 0.5537115460634231
7545.0 0.5534116089344024
7550.0 0.5531682550907134
7555.0 0.552924690246582
7560.0 0.55256904900074
7565.0 0.5521015423536301
7570.0 0.5515784722566605
7575.0 0.5510540306568146
7580.0 0.5504206073284149
7585.0 0.5455014133453369
7590.0 0.5167043542861938
7595.0 0.40938559055328366
7600.0 0.25719063729047775
7605.0 0.1784585827589035
7610.0 0.18789348512887954
7615.0 0.26876014322042463
7620.0 0.35354228377342223
7625.0 0.34162754595279693
7630.0 0.2954304760694504
7635.0 0.2961661994457245
7640.0 0.3220384758710861
7645.0 0.35367757022380825
7650.0 0.3910610461235046
7655.0 0.42497479557991025
7660.0 0.45240147709846495
7665.0 0.4756308674812317
7670.0 0.5002637976408004
7675.0 0.5166870522499084
7680.0 0.5260922211408615
7685.0 0.5318969488143921
7690.0 0.535885841846466
7695.0 0.5396543800830841
7700.0 0.54430384516716
7705.0 0.5476729947328567
7710.0 0.5492276811599731
7715.0 0.5499554920196533
7720.0 0.550464425086975
7725.0 0.5509222608804702
7730.0 0.55127097427845
7735.0 0.551729056239128
7740.0 0.5521332627534866
7745.0 0.5532369357347489
7750.0 0.5541734611988067
7755.0 0.5552224850654601
7760.0 0.5561036932468414
7765.0 0.5566106569766998
7770.0 0.5570051574707031
7775.0 0.5574566280841827
7780.0 0.557795283794403
7785.0 0.5579351770877837
7790.0 0.5580749648809432
7795.0 0.5581577122211456
7800.0 0.5583534502983093
7805.0 0.5580523526668548
7810.0 0.5578084009885788
7815.0 0.5575632536411285
7820.0 0.5573189502954483
7825.0 0.5570569932460785
7830.0 0.5567959153652191
7835.0 0.5565337121486663
7840.0 0.5563282680511474
7845.0 0.5564275085926056
7850.0 0.5564700603485108
7855.0 0.5565693712234496
7860.0 0.5566117119789123
7865.0 0.556293523311615
7870.0 0.5560297375917435
7875.0 0.5560455274581909
7880.0 0.5558372348546982
7885.0 0.5549131935834885
7890.0 0.5534323573112487
7895.0 0.5520095461606979
7900.0 0.5511984252929687
7905.0 0.5502819097042083
7910.0 0.5494193750619888
7915.0 0.5488863527774811
7920.0 0.5479100185632705
7925.0 0.5459304475784301
7930.0 0.5448300451040268
7935.0 0.5451506251096725
7940.0 0.5447527134418487
7945.0 0.5433029294013977
7950.0 0.5415266925096511
7955.0 0.5394284689426422
7960.0 0.5359289211034775
7965.0 0.534831296801567
7970.0 0.5360540443658829
7975.0 0.5366809618473053
7980.0 0.5368215936422348
7985.0 0.5378308087587357
7990.0 0.539000876545906
7995.0 0.5402263671159744
8000.0 0.5404738003015518
8005.0 0.5412146931886672
8010.0 0.5422795069217682
8015.0 0.5439453905820846
8020.0 0.5457222604751587
8025.0 0.5463394367694855
8030.0 0.546955417394638
8035.0 0.5481776022911071
8040.0 0.5491798895597457
8045.0 0.5492733627557754
8050.0 0.5500833231210708
8055.0 0.5508389508724212
8060.0 0.5508760869503021
8065.0 0.550832023024559
8070.0 0.550954508781433
8075.0 0.5510208684206008
8080.0 0.5510328954458237
8085.0 0.5495257544517517
8090.0 0.5480761814117431
8095.0 0.5461880087852478
8100.0 0.5451251643896102
8105.0 0.5428997075557709
8110.0 0.5393149155378342
8115.0 0.539528447985649
8120.0 0.540117666721344
8125.0 0.5393135792016983
8130.0 0.5356742787361145
8135.0 0.5290369784832001
8140.0 0.5263300538063049
8145.0 0.5254291874170303
8150.0 0.5213597273826599
8155.0 0.5164648687839508
8160.0 0.5116156214475631
8165.0 0.5098777163028717
8170.0 0.5181828343868256
8175.0 0.5181940877437591
8180.0 0.5100101542472839
8185.0 0.5149811488389968
8190.0 0.5186055034399032
8195.0 0.5181923645734787
8200.0 0.5172839021682739
8205.0 0.5274213480949401
8210.0 0.5348610478639603
8215.0 0.5331829261779785
8220.0 0.5265848016738891
8225.0 0.507101759314537
8230.0 0.481439533829689
8235.0 0.4917770433425903
8240.0 0.5160457515716552
8245.0 0.5247988235950469
8250.0 0.5266557681560516
8255.0 0.5249600982666015
8260.0 0.5235830742120743
8265.0 0.5298167306184769
8270.0 0.5317926442623138
8275.0 0.5222598904371262
8280.0 0.5168635541200638
8285.0 0.521894121170044
8290.0 0.5229561215639114
8295.0 0.5258223515748978
8300.0 0.5320977860689163
8305.0 0.5361524760723114
8310.0 0.5439370912313461
8315.0 0.5443243473768234
8320.0 0.5392564684152603
8325.0 0.5433180510997772
8330.0 0.5491744035482407
8335.0 0.5488948279619217
8340.0 0.5502364391088486
8345.0 0.5529248660802841
8350.0 0.5531472957134247
8355.0 0.5516502124071121
8360.0 0.5509347802400588
8365.0 0.5508293151855469
8370.0 0.5509433609247207
8375.0 0.5503908210992813
8380.0 0.5497815573215484
8385.0 0.5500628209114075
8390.0 0.5500126028060913
8395.0 0.5488901507854461
8400.0 0.5474909716844558
8405.0 0.5473461198806763
8410.0 0.5472001779079437
8415.0 0.5478792124986648
8420.0 0.5483929634094238
8425.0 0.5489827448129654
8430.0 0.5491333639621734
8435.0 0.550468715429306
8440.0 0.5521345287561417
8445.0 0.5525504457950592
8450.0 0.5528548842668533
8455.0 0.5531602722406387
8460.0 0.5531326311826705
8465.0 0.5553332602977752
8470.0 0.557869239449501
8475.0 0.5601265221834183
8480.0 0.5620463800430298
8485.0 0.5634408116340637
8490.0 0.5649469327926635
8495.0 0.5665673458576203
8500.0 0.5681307888031005
8505.0 0.5636496317386627
8510.0 0.5590588599443436
8515.0 0.5545261132717132
8520.0 0.5502714300155639
8525.0 0.5307424598932265
8530.0 0.5110346668958664
8535.0 0.49116672456264493
8540.0 0.47120435953140255
8545.0 0.43185439467430115
8550.0 0.3926207965612411
8555.0 0.35332727432250977
8560.0 0.31401585221290584
8565.0 0.2364364579319954
8570.0 0.1587914776802063
8575.0 0.15941672474145888
8580.0 0.16008993923664092
8585.0 0.11180338472127914
8590.0 0.06346670880913734
8595.0 0.06333431482315063
8600.0 0.06321463361382484
8605.0 0.04306225828826427
8610.0 0.02290683664381504
8615.0 0.022964044138789174
8620.0 0.023016635999083518
8625.0 0.015679193418473004
8630.0 0.008343159155920148
8635.0 0.008450358919799327
8640.0 0.008557561980560421
8645.0 0.00602642210200429
8650.0 0.00349260872695595
8655.0 0.0034410504391416906
8660.0 0.003390522701665759
8665.0 0.002493374645709991
8670.0 0.0015961934835650026
8675.0 0.0014582909573800861
8680.0 0.0013202213891781865
8685.0 0.001182267761323601
8690.0 0.0010443870769813656
8695.0 0.0005222031887387856
8700.0 0.0
