speclite/data/filters/decamDR1-i.ecsv
# %ECSV 0.9
# ---
# datatype:
# - {name: wavelength, unit: Angstrom, datatype: float64}
# - {name: response, datatype: float64}
# meta: {airmass: 1.2, band_name: i, description: 'DECam i-band DR1 throughput documented in T. M. C. Abbott et al 2018 ApJS 239 18.
# 
#     DOI:10.3847/1538-4365/aae9f0 = arXiv:1801.03181
# 
#     Represents the total system throughput and average instrumental response across the science CCDs,
# 
#     including a reference airmass 1.2 atmosphere.', group_name: decamDR1, url: 'http://www.ctio.noao.edu/noao/content/DECam-filter-information'}
# schema: astropy-2.0
wavelength response
6750.0 0.0
6755.0 0.0003964625939261168
6760.0 0.0007931924774311483
6765.0 0.0008538294350728393
6770.0 0.0009144949144683778
6775.0 0.0009753850754350424
6780.0 0.001036119763739407
6785.0 0.0010960700456053019
6790.0 0.0011560481507331133
6795.0 0.0012163040228188038
6800.0 0.0012763508129864931
6805.0 0.001354311010800302
6810.0 0.001432564458809793
6815.0 0.0015108499210327864
6820.0 0.0015891719376668334
6825.0 0.0016886297380551696
6830.0 0.0017881343374028802
6835.0 0.001887685270048678
6840.0 0.0019868831150233746
6845.0 0.0021243744995445013
6850.0 0.002261929912492633
6855.0 0.002399069955572486
6860.0 0.0025220110546797514
6865.0 0.00256188097409904
6870.0 0.0023662354797124863
6875.0 0.0023310198448598385
6880.0 0.002687851432710886
6885.0 0.003075863467529416
6890.0 0.003225050400942564
6895.0 0.003424326190724969
6900.0 0.0037129842676222324
6905.0 0.004079120233654976
6910.0 0.004469443112611771
6915.0 0.004849973600357771
6920.0 0.005229615140706301
6925.0 0.0058647701516747475
6930.0 0.0064944252371788025
6935.0 0.007093874737620354
6940.0 0.007673401385545731
6945.0 0.008859867230057716
6950.0 0.010066286660730839
6955.0 0.011264602653682232
6960.0 0.012439289130270481
6965.0 0.01533497404307127
6970.0 0.01827489398419857
6975.0 0.0211564302444458
6980.0 0.02399800531566143
6985.0 0.030672848224639893
6990.0 0.037268586456775665
6995.0 0.04398074746131897
7000.0 0.050789400935173035
7005.0 0.06447242200374603
7010.0 0.07812231779098511
7015.0 0.09182944893836975
7020.0 0.1055486798286438
7025.0 0.12854808568954468
7030.0 0.15173719823360443
7035.0 0.17535828053951263
7040.0 0.19842058420181274
7045.0 0.23097214102745056
7050.0 0.2635187804698944
7055.0 0.2959316372871399
7060.0 0.3286903500556946
7065.0 0.36658456921577454
7070.0 0.4045499861240387
7075.0 0.44227519631385803
7080.0 0.4800175726413727
7085.0 0.5166969299316406
7090.0 0.5532706379890442
7095.0 0.5897055268287659
7100.0 0.6258432269096375
7105.0 0.6560768485069275
7110.0 0.6865286827087402
7115.0 0.7170146107673645
7120.0 0.7473828196525574
7125.0 0.7682432532310486
7130.0 0.7888628840446472
7135.0 0.8098728656768799
7140.0 0.8308051228523254
7145.0 0.8418058156967163
7150.0 0.852536678314209
7155.0 0.8637651801109314
7160.0 0.8739301562309265
7165.0 0.8727295398712158
7170.0 0.8632667660713196
7175.0 0.8539882302284241
7180.0 0.8520157337188721
7185.0 0.8409085273742676
7190.0 0.8343825936317444
7195.0 0.8372220396995544
7200.0 0.8398825526237488
7205.0 0.8474147319793701
7210.0 0.8668846487998962
7215.0 0.8857269287109375
7220.0 0.8916415572166443
7225.0 0.890130877494812
7230.0 0.8786464929580688
7235.0 0.8606069684028625
7240.0 0.8593353629112244
7245.0 0.8624109625816345
7250.0 0.8683235049247742
7255.0 0.8734294772148132
7260.0 0.8815746903419495
7265.0 0.8832120299339294
7270.0 0.8841137290000916
7275.0 0.8802043795585632
7280.0 0.881359875202179
7285.0 0.8942581415176392
7290.0 0.893642246723175
7295.0 0.8962780237197876
7300.0 0.9029057621955872
7305.0 0.8996204137802124
7310.0 0.8993966579437256
7315.0 0.9010259509086609
7320.0 0.9051520824432373
7325.0 0.9118890762329102
7330.0 0.9138942360877991
7335.0 0.9127528667449951
7340.0 0.9136351943016052
7345.0 0.9138575792312622
7350.0 0.9128830432891846
7355.0 0.9127366542816162
7360.0 0.9115769863128662
7365.0 0.9121658802032471
7370.0 0.9136742949485779
7375.0 0.9165686964988708
7380.0 0.9189140200614929
7385.0 0.9208031296730042
7390.0 0.9230614900588989
7395.0 0.925137996673584
7400.0 0.9274020195007324
7405.0 0.9296026229858398
7410.0 0.9311503767967224
7415.0 0.932515025138855
7420.0 0.9340675473213196
7425.0 0.9342817068099976
7430.0 0.9348725080490112
7435.0 0.9356505870819092
7440.0 0.9359610676765442
7445.0 0.9355115294456482
7450.0 0.935345470905304
7455.0 0.9349896311759949
7460.0 0.9348233342170715
7465.0 0.9346916079521179
7470.0 0.9344663023948669
7475.0 0.9341449737548828
7480.0 0.9339195489883423
7485.0 0.9343699812889099
7490.0 0.9347242116928101
7495.0 0.9351747035980225
7500.0 0.935531735420227
7505.0 0.9358089566230774
7510.0 0.9363696575164795
7515.0 0.9368370175361633
7520.0 0.9372081756591797
7525.0 0.9375771284103394
7530.0 0.9379462003707886
7535.0 0.9382191300392151
7540.0 0.9384941458702087
7545.0 0.9379857778549194
7550.0 0.9375733137130737
7555.0 0.9371604919433594
7560.0 0.9365577101707458
7565.0 0.9357653260231018
7570.0 0.9348787665367126
7575.0 0.9339898824691772
7580.0 0.9329162836074829
7585.0 0.9245786666870117
7590.0 0.875770092010498
7595.0 0.6938738822937012
7600.0 0.43591633439064026
7605.0 0.30247217416763306
7610.0 0.318463534116745
7615.0 0.455525666475296
7620.0 0.5992242097854614
7625.0 0.5790297389030457
7630.0 0.5007296204566956
7635.0 0.5019766092300415
7640.0 0.5458279252052307
7645.0 0.5994535088539124
7650.0 0.6628153324127197
7655.0 0.7202962636947632
7660.0 0.7667821645736694
7665.0 0.8061540126800537
7670.0 0.8479047417640686
7675.0 0.8757407665252686
7680.0 0.8916817307472229
7685.0 0.9015202522277832
7690.0 0.9082810878753662
7695.0 0.9146684408187866
7700.0 0.9225488901138306
7705.0 0.9282593131065369
7710.0 0.9308943748474121
7715.0 0.9321279525756836
7720.0 0.932990550994873
7725.0 0.9337665438652039
7730.0 0.9343575835227966
7735.0 0.9351339936256409
7740.0 0.9358190894126892
7745.0 0.9376897215843201
7750.0 0.9392770528793335
7755.0 0.9410550594329834
7760.0 0.9425486326217651
7765.0 0.9434078931808472
7770.0 0.9440765380859375
7775.0 0.944841742515564
7780.0 0.945415735244751
7785.0 0.9456528425216675
7790.0 0.9458897709846497
7795.0 0.9460300207138062
7800.0 0.946361780166626
7805.0 0.9458514451980591
7810.0 0.9454379677772522
7815.0 0.945022463798523
7820.0 0.9446083903312683
7825.0 0.9441643953323364
7830.0 0.9437218904495239
7835.0 0.9432774782180786
7840.0 0.9429292678833008
7845.0 0.9430974721908569
7850.0 0.9431695938110352
7855.0 0.9433379173278809
7860.0 0.9434096813201904
7865.0 0.9428703784942627
7870.0 0.9424232840538025
7875.0 0.9424500465393066
7880.0 0.942097008228302
7885.0 0.9405308365821838
7890.0 0.9380209445953369
7895.0 0.9356094002723694
7900.0 0.934234619140625
7905.0 0.9326812028884888
7910.0 0.9312192797660828
7915.0 0.9303158521652222
7920.0 0.928661048412323
7925.0 0.9253058433532715
7930.0 0.9234407544136047
7935.0 0.9239841103553772
7940.0 0.9233096837997437
7945.0 0.9208524227142334
7950.0 0.9178418517112732
7955.0 0.9142855405807495
7960.0 0.9083541035652161
7965.0 0.9064937233924866
7970.0 0.9085661768913269
7975.0 0.9096287488937378
7980.0 0.9098671078681946
7985.0 0.9115776419639587
7990.0 0.9135608077049255
7995.0 0.9156379103660583
8000.0 0.916057288646698
8005.0 0.9173130393028259
8010.0 0.91911780834198
8015.0 0.921941339969635
8020.0 0.9249529838562012
8025.0 0.9259990453720093
8030.0 0.927043080329895
8035.0 0.929114580154419
8040.0 0.9308133721351624
8045.0 0.9309718012809753
8050.0 0.9323446154594421
8055.0 0.933625340461731
8060.0 0.9336882829666138
8065.0 0.9336135983467102
8070.0 0.9338212013244629
8075.0 0.933933675289154
8080.0 0.9339540600776672
8085.0 0.9313995838165283
8090.0 0.9289426803588867
8095.0 0.9257423877716064
8100.0 0.9239409565925598
8105.0 0.9201689958572388
8110.0 0.9140930771827698
8115.0 0.914454996585846
8120.0 0.9154536724090576
8125.0 0.9140908122062683
8130.0 0.9079225063323975
8135.0 0.8966728448867798
8140.0 0.8920848369598389
8145.0 0.8905579447746277
8150.0 0.8836605548858643
8155.0 0.8753641843795776
8160.0 0.8671451210975647
8165.0 0.8641995191574097
8170.0 0.878275990486145
8175.0 0.8782950639724731
8180.0 0.8644239902496338
8185.0 0.8728494048118591
8190.0 0.8789923787117004
8195.0 0.8782921433448792
8200.0 0.8767523765563965
8205.0 0.8939344882965088
8210.0 0.9065441489219666
8215.0 0.9036998748779297
8220.0 0.8925166130065918
8225.0 0.8594945073127747
8230.0 0.8159992098808289
8235.0 0.8335204124450684
8240.0 0.8746538162231445
8245.0 0.8894895315170288
8250.0 0.8926368951797485
8255.0 0.8897628784179688
8260.0 0.8874289393424988
8265.0 0.8979944586753845
8270.0 0.9013434648513794
8275.0 0.8851862549781799
8280.0 0.8760399222373962
8285.0 0.8845663070678711
8290.0 0.8863663077354431
8295.0 0.8912243247032166
8300.0 0.9018606543540955
8305.0 0.9087330102920532
8310.0 0.921927273273468
8315.0 0.9225836396217346
8320.0 0.9139940142631531
8325.0 0.9208780527114868
8330.0 0.9308040738105774
8335.0 0.930330216884613
8340.0 0.9326041340827942
8345.0 0.9371607899665833
8350.0 0.9375377893447876
8355.0 0.9350003600120544
8360.0 0.9337877631187439
8365.0 0.9336090087890625
8370.0 0.9338023066520691
8375.0 0.9328657984733582
8380.0 0.9318331480026245
8385.0 0.9323098659515381
8390.0 0.9322247505187988
8395.0 0.9303222894668579
8400.0 0.9279507994651794
8405.0 0.9277052879333496
8410.0 0.9274579286575317
8415.0 0.9286088347434998
8420.0 0.9294795989990234
8425.0 0.9304792284965515
8430.0 0.9307345151901245
8435.0 0.9329978227615356
8440.0 0.9358212351799011
8445.0 0.9365261793136597
8450.0 0.9370421767234802
8455.0 0.9375597834587097
8460.0 0.9375129342079163
8465.0 0.9412428140640259
8470.0 0.9455410838127136
8475.0 0.9493669867515564
8480.0 0.9526209831237793
8485.0 0.9549844264984131
8490.0 0.9575371742248535
8495.0 0.960283637046814
8500.0 0.9629335403442383
8505.0 0.9553383588790894
8510.0 0.9475573897361755
8515.0 0.9398747682571411
8520.0 0.9326634407043457
8525.0 0.8995634913444519
8530.0 0.8661604523658752
8535.0 0.8324859738349915
8540.0 0.7986514568328857
8545.0 0.7319566011428833
8550.0 0.6654589772224426
8555.0 0.5988597869873047
8560.0 0.5322302579879761
8565.0 0.40073975920677185
8570.0 0.2691380977630615
8575.0 0.2701978385448456
8580.0 0.27133888006210327
8585.0 0.18949726223945618
8590.0 0.10757069289684296
8595.0 0.1073462963104248
8600.0 0.10714344680309296
8605.0 0.07298687845468521
8610.0 0.0388251468539238
8615.0 0.038922108709812164
8620.0 0.03901124745607376
8625.0 0.02657490409910679
8630.0 0.014140947721898556
8635.0 0.014322642236948013
8640.0 0.014504342339932919
8645.0 0.010214274749159813
8650.0 0.005919675808399916
8655.0 0.005832288879901171
8660.0 0.005746648646891117
8665.0 0.004226058721542358
8670.0 0.002705412684008479
8675.0 0.002471679588779807
8680.0 0.002237663371488452
8685.0 0.0020038436632603407
8690.0 0.0017701475881040096
8695.0 0.0008850901504047215
8700.0 0.0
