speclite/data/filters/decamDR1noatm-g.ecsv
# %ECSV 0.9
# ---
# datatype:
# - {name: wavelength, unit: Angstrom, datatype: float64}
# - {name: response, datatype: float64}
# meta: {airmass: 0.0, band_name: g, description: 'DECam g-band DR1 throughput documented in T. M. C. Abbott et al 2018 ApJS 239 18.
# 
#     DOI:10.3847/1538-4365/aae9f0 = arXiv:1801.03181
# 
#     Represents the total system throughput and average instrumental response across the science CCDs,
# 
#     without any atmosphere.  Values are multiplied by 0.557 to give
# 
#     a reasonable absolute throughput (from Douglas Tucker private communication).', group_name: decamDR1noatm, url: 'http://www.ctio.noao.edu/noao/content/DECam-filter-information'}
# schema: astropy-2.0
wavelength response
3800.0 0.0
3805.0 0.000218610257934163
3810.0 0.000437220517489973
3815.0 0.0004891189713274695
3820.0 0.0005410174234445744
3825.0 0.0005427151918498603
3830.0 0.0005444128736941599
3835.0 0.0006269807220641921
3840.0 0.00070954843035511
3845.0 0.0007796072732235851
3850.0 0.0008496661389593575
3855.0 0.000919727911002587
3860.0 0.0009897896310186516
3865.0 0.0010922386736831754
3870.0 0.001194687725840832
3875.0 0.0012971367763657043
3880.0 0.001399585957098061
3885.0 0.0015701097234893714
3890.0 0.0017406335492073616
3895.0 0.0019111573168359194
3900.0 0.0020816811979121083
3905.0 0.0020651781605660596
3910.0 0.0020486749225134024
3915.0 0.0029053285897123315
3920.0 0.0037619826074145935
3925.0 0.005705651452491785
3930.0 0.007649320507581315
3935.0 0.00959298964840095
3940.0 0.011536658608411783
3945.0 0.011754054359423165
3950.0 0.011971449820595798
3955.0 0.03979995889282226
3960.0 0.06762846963647844
3965.0 0.09675060358758998
3970.0 0.1258727265193911
3975.0 0.15499486927302755
3980.0 0.18411701025417268
3985.0 0.1837242223618935
3990.0 0.18333143654152823
3995.0 0.19352331997264327
4000.0 0.20371518606850803
4005.0 0.20828816543675854
4010.0 0.21286114699541558
4015.0 0.2174341300430781
4020.0 0.2220070883716389
4025.0 0.22335321861890747
4030.0 0.2246993232233187
4035.0 0.22623121161087734
4040.0 0.22776307994626838
4045.0 0.22797967836605973
4050.0 0.2281962690965681
4055.0 0.23053104822405357
4060.0 0.23286582383754184
4065.0 0.23404808177706923
4070.0 0.2352303455211377
4075.0 0.238390783128957
4080.0 0.24155123269322104
4085.0 0.24179646706764465
4090.0 0.24204170111970333
4095.0 0.24375111486215975
4100.0 0.24546050089609664
4105.0 0.24654566312062012
4110.0 0.24763079446372863
4115.0 0.24871596867007398
4120.0 0.24980112215692987
4125.0 0.2506236688468328
4130.0 0.2514461803313075
4135.0 0.2530557278859114
4140.0 0.2546652468505096
4145.0 0.2554301332455717
4150.0 0.2561950025756385
4155.0 0.2597111672411917
4160.0 0.26322735119837376
4165.0 0.26522284334085283
4170.0 0.267218305715946
4175.0 0.2692137948129971
4180.0 0.2712092806291927
4185.0 0.2716094023508529
4190.0 0.27200951985145416
4195.0 0.2721500199493601
4200.0 0.2722905183911518
4205.0 0.27248420572972043
4210.0 0.2726778964194681
4215.0 0.27421833289896985
4220.0 0.2757587991991613
4225.0 0.27592579925193167
4230.0 0.2760927837302389
4235.0 0.2804027517662321
4240.0 0.2847126752902517
4245.0 0.2859529444406443
4250.0 0.28719320503407025
4255.0 0.2884334690176214
4260.0 0.2896737615290128
4265.0 0.2906895600559877
4270.0 0.291705378835445
4275.0 0.29447354472525944
4280.0 0.29724167321911554
4285.0 0.29727116415172217
4290.0 0.2973006055654391
4295.0 0.30020659400378014
4300.0 0.303112572900367
4305.0 0.30410672964098967
4310.0 0.3051008931099103
4315.0 0.3060950548358909
4320.0 0.30708922568281377
4325.0 0.30837297672470526
4330.0 0.3096567001807676
4335.0 0.31094043506255575
4340.0 0.31222417803272384
4345.0 0.31380644335001207
4350.0 0.31538874299262615
4355.0 0.31697103922332986
4360.0 0.31855331020710076
4365.0 0.31984923324354037
4370.0 0.3211451488032036
4375.0 0.3224410797660726
4380.0 0.3237370054231469
4385.0 0.32556932763976826
4390.0 0.3274016525401661
4395.0 0.3292339944856145
4400.0 0.33106632856431867
4405.0 0.3321170628971372
4410.0 0.33316783089275903
4415.0 0.3342185996052336
4420.0 0.3352693501130771
4425.0 0.33615292922421974
4430.0 0.33703649457967094
4435.0 0.3379200485978845
4440.0 0.3388036362446633
4445.0 0.3396692817731313
4450.0 0.34053493220741016
4455.0 0.3414005898364226
4460.0 0.3422662632374589
4465.0 0.3429872075327795
4470.0 0.34370811033358467
4475.0 0.3444290114088384
4480.0 0.34514994103007035
4485.0 0.34605221141138526
4490.0 0.34695443232435624
4495.0 0.3478566870267602
4500.0 0.3487589157295479
4505.0 0.3495866484400073
4510.0 0.35041442869662215
4515.0 0.35124219346592445
4520.0 0.3520699374870394
4525.0 0.35329924486721453
4530.0 0.35452861241116995
4535.0 0.35575795343081495
4540.0 0.35698729313403077
4545.0 0.3575364027955947
4550.0 0.35808555676011716
4555.0 0.3586347323228595
4560.0 0.35918384722141705
4565.0 0.3594141521892152
4570.0 0.3596444564173781
4575.0 0.3598747654614604
4580.0 0.3601050718330213
4585.0 0.3611994323763739
4590.0 0.3622937946222554
4595.0 0.36338820749011286
4600.0 0.3644825846228938
4605.0 0.36555443028134615
4610.0 0.3666262643445663
4615.0 0.367698138075125
4620.0 0.3687699733827985
4625.0 0.36958726379375195
4630.0 0.3704045639831994
4635.0 0.3712217890152874
4640.0 0.37203902329008914
4645.0 0.3726424447301701
4650.0 0.3732458061137348
4655.0 0.37384919432997316
4660.0 0.37445256780487585
4665.0 0.3744270744366512
4670.0 0.3744016172165022
4675.0 0.3743761026330066
4680.0 0.3743506188090301
4685.0 0.37465953956694614
4690.0 0.37496840920453567
4695.0 0.3752773244565719
4700.0 0.3755861831019404
4705.0 0.37626879534859803
4710.0 0.37695139276151873
4715.0 0.3776339939115256
4720.0 0.378316599906035
4725.0 0.3793510482011713
4730.0 0.38038548999870925
4735.0 0.3814199721940675
4740.0 0.38245444413049684
4745.0 0.3836239229737467
4750.0 0.3847934035697788
4755.0 0.3859629169299093
4760.0 0.38713242796987624
4765.0 0.38733350080920304
4770.0 0.3875345701090964
4775.0 0.38773565210808214
4780.0 0.3879367413945358
4785.0 0.38806685791696555
4790.0 0.38819696717717217
4795.0 0.38832707094054836
4800.0 0.3884572291478752
4805.0 0.38927628072255704
4810.0 0.39009531560574673
4815.0 0.3909143640846533
4820.0 0.3917333574561108
4825.0 0.39198817781895656
4830.0 0.39224297944339875
4835.0 0.39249777763299143
4840.0 0.3927526193549967
4845.0 0.3925235435736024
4850.0 0.39229443690708526
4855.0 0.3920653115812064
4860.0 0.391836222418411
4865.0 0.3926481832038677
4870.0 0.3934601529129847
4875.0 0.3942720605549284
4880.0 0.3950840047848389
4885.0 0.39613175642497966
4890.0 0.3971795610895307
4895.0 0.3982272762759724
4900.0 0.3992750609665566
4905.0 0.3996251125189802
4910.0 0.39997515139715606
4915.0 0.40032514747387715
4920.0 0.4006751815175667
4925.0 0.400382267666618
4930.0 0.4000893290070896
4935.0 0.3997964283585358
4940.0 0.3995035389237366
4945.0 0.3996667546778809
4950.0 0.3998299084483068
4955.0 0.39999316803894164
4960.0 0.40015636434481333
4965.0 0.40145394900035464
4970.0 0.40275156831472625
4975.0 0.4040491728046542
4980.0 0.40534681130192746
4985.0 0.4061047088695082
4990.0 0.40686261108176514
4995.0 0.40762047738059326
5000.0 0.40837834701030684
5005.0 0.4090173754608997
5010.0 0.40965640155262056
5015.0 0.41029537183577086
5020.0 0.41093440964300726
5025.0 0.4111855217572504
5030.0 0.41143659869171656
5035.0 0.41168771730765663
5040.0 0.4119387972848236
5045.0 0.41239220602966176
5050.0 0.41284559913997243
5055.0 0.41329898365503204
5060.0 0.4137523662544287
5065.0 0.41460617200759403
5070.0 0.4154599512906188
5075.0 0.41631372098865116
5080.0 0.4171674716860171
5085.0 0.41766044522323814
5090.0 0.418153361145339
5095.0 0.4186463092170872
5100.0 0.4191392928947607
5105.0 0.4187572920820802
5110.0 0.41837527473465846
5115.0 0.4179932800271955
5120.0 0.417611261256617
5125.0 0.4178256884163132
5130.0 0.4180401565262961
5135.0 0.4182546359269259
5140.0 0.4184690840594896
5145.0 0.41938369007391324
5150.0 0.4202983284387262
5155.0 0.4212129548201332
5160.0 0.4221275717574451
5165.0 0.42248276666201956
5170.0 0.42283795866249113
5175.0 0.4231931628164657
5180.0 0.42354841720484915
5185.0 0.4241587483886242
5190.0 0.4247690488648742
5195.0 0.42537939375312456
5200.0 0.4259896715418279
5205.0 0.4270468608519762
5210.0 0.4281040990221696
5215.0 0.4291613076289432
5220.0 0.43021848655446404
5225.0 0.43107990082758235
5230.0 0.4319413760146799
5235.0 0.4328028520157821
5240.0 0.433664301476878
5245.0 0.43414393386962385
5250.0 0.43462356060890417
5255.0 0.43510317392561987
5260.0 0.4355827635110395
5265.0 0.4356682429657743
5270.0 0.43575369536646696
5275.0 0.4358391859487691
5280.0 0.435924613703312
5285.0 0.43613624857609773
5290.0 0.4363478067077117
5295.0 0.43655942092955413
5300.0 0.4367709777588771
5305.0 0.437384402722286
5310.0 0.43799778806121403
5315.0 0.43861118727234216
5320.0 0.43922458451108176
5325.0 0.4397947783814501
5330.0 0.4403649683230154
5335.0 0.44093512938669144
5340.0 0.44150533323231633
5345.0 0.4421829174507876
5350.0 0.44286044972970895
5355.0 0.44353800811878685
5360.0 0.4442155378473779
5365.0 0.4436993497006405
5370.0 0.443183205222475
5375.0 0.44266703509822364
5380.0 0.4421508346760341
5385.0 0.44103865245354756
5390.0 0.439926442427989
5395.0 0.4388141897792802
5400.0 0.4377019809604559
5405.0 0.438596744172478
5410.0 0.43949148336020316
5415.0 0.4403862367802638
5420.0 0.44128101969517286
5425.0 0.4440977668086917
5430.0 0.4469144391309111
5435.0 0.44973119044062954
5440.0 0.4525479057997086
5445.0 0.4375753120679809
5450.0 0.42260270156630775
5455.0 0.4076300903310167
5460.0 0.39265745542932984
5465.0 0.33694637033403835
5470.0 0.28123530356290816
5475.0 0.22552420337746662
5480.0 0.1698131190148236
5485.0 0.13550926523713858
5490.0 0.10120541857771612
5495.0 0.06690157281721841
5500.0 0.0325977225634019
5505.0 0.02627327312182391
5510.0 0.01994882666787835
5515.0 0.013624376633987684
5520.0 0.007299925890006151
5525.0 0.005894417044310459
5530.0 0.004488907313053787
5535.0 0.003083395561493535
5540.0 0.0016778835249260434
5545.0 0.001415805543626888
5550.0 0.0011537277164411044
5555.0 0.0008916499398645966
5560.0 0.0006295721669856018
5565.0 0.0005629985076313993
5570.0 0.0004964248195152935
5575.0 0.0004298482495155728
5580.0 0.0003632716632076043
5585.0 0.00034013081327092165
5590.0 0.00031698993691065393
5595.0 0.00029385199218093927
5600.0 0.00027071406450292077
5605.0 0.00025687177553298596
5610.0 0.0002430294881469793
5615.0 0.00022918721454302695
5620.0 0.00021534491662513088
5625.0 0.00020613024233781567
5630.0 0.00019691556578249736
5635.0 0.00018770374737053555
5640.0 0.00017849194293083643
5645.0 8.924596906609812e-05
5650.0 0.0
