speclite/data/filters/decamDR1-z.ecsv
# %ECSV 0.9
# ---
# datatype:
# - {name: wavelength, unit: Angstrom, datatype: float64}
# - {name: response, datatype: float64}
# meta: {airmass: 1.2, band_name: z, description: 'DECam z-band DR1 throughput documented in T. M. C. Abbott et al 2018 ApJS 239 18.
# 
#     DOI:10.3847/1538-4365/aae9f0 = arXiv:1801.03181
# 
#     Represents the total system throughput and average instrumental response across the science CCDs,
# 
#     including a reference airmass 1.2 atmosphere.', group_name: decamDR1, url: 'http://www.ctio.noao.edu/noao/content/DECam-filter-information'}
# schema: astropy-2.0
wavelength response
8250.0 0.0
8255.0 0.002176435897126794
8260.0 0.004336424637585878
8265.0 0.004668763838708401
8270.0 0.004967283457517624
8275.0 0.005284239538013935
8280.0 0.005629648920148611
8285.0 0.0056630573235452175
8290.0 0.00565324816852808
8295.0 0.005662878043949604
8300.0 0.005708947312086821
8305.0 0.0060129896737635136
8310.0 0.006361299194395542
8315.0 0.006836078595370054
8320.0 0.007237276062369347
8325.0 0.00775909936055541
8330.0 0.008314044214785099
8335.0 0.008779846131801605
8340.0 0.009271454997360706
8345.0 0.011348685249686241
8350.0 0.013393480330705643
8355.0 0.013759082183241844
8360.0 0.014143786393105984
8365.0 0.014544777572154999
8370.0 0.014952803030610085
8375.0 0.015343648381531239
8380.0 0.015733296051621437
8385.0 0.019581390544772148
8390.0 0.023424793034791946
8395.0 0.02589518390595913
8400.0 0.02835489623248577
8405.0 0.030791016295552254
8410.0 0.03322423994541168
8415.0 0.03570837900042534
8420.0 0.03818551450967789
8425.0 0.05742092430591583
8430.0 0.07663041353225708
8435.0 0.0743204653263092
8440.0 0.07205603271722794
8445.0 0.09307791292667389
8450.0 0.11410705745220184
8455.0 0.1351582556962967
8460.0 0.15613731741905212
8465.0 0.24018365144729614
8470.0 0.32441166043281555
8475.0 0.32214391231536865
8480.0 0.31968408823013306
8485.0 0.380888968706131
8490.0 0.4421597421169281
8495.0 0.5035344958305359
8500.0 0.5648789405822754
8505.0 0.6163342595100403
8510.0 0.6676381826400757
8515.0 0.7189739346504211
8520.0 0.7706665992736816
8525.0 0.8022217750549316
8530.0 0.8335642218589783
8535.0 0.8646669983863831
8540.0 0.8955929279327393
8545.0 0.9048768877983093
8550.0 0.9144357442855835
8555.0 0.9239094257354736
8560.0 0.9333857893943787
8565.0 0.931929886341095
8570.0 0.9302883744239807
8575.0 0.9350717067718506
8580.0 0.9401365518569946
8585.0 0.9320675730705261
8590.0 0.9237146973609924
8595.0 0.9234853982925415
8600.0 0.9234421849250793
8605.0 0.9251595139503479
8610.0 0.9267843961715698
8615.0 0.9293563961982727
8620.0 0.9317418336868286
8625.0 0.936281681060791
8630.0 0.9410114288330078
8635.0 0.9451631903648376
8640.0 0.949315071105957
8645.0 0.9504865407943726
8650.0 0.9513718485832214
8655.0 0.9500710368156433
8660.0 0.9490563869476318
8665.0 0.9520137906074524
8670.0 0.9549713134765625
8675.0 0.9545760750770569
8680.0 0.9540839791297913
8685.0 0.953687310218811
8690.0 0.9533870220184326
8695.0 0.9534258246421814
8700.0 0.9534645676612854
8705.0 0.9535033106803894
8710.0 0.9536387920379639
8715.0 0.9539363384246826
8720.0 0.954233705997467
8725.0 0.9546278715133667
8730.0 0.9549253582954407
8735.0 0.9545820355415344
8740.0 0.9544308185577393
8745.0 0.9562016725540161
8750.0 0.9579726457595825
8755.0 0.9589216113090515
8760.0 0.9598692655563354
8765.0 0.9608168601989746
8770.0 0.9617646336555481
8775.0 0.9628720283508301
8780.0 0.9637854695320129
8785.0 0.9647952914237976
8790.0 0.965903103351593
8795.0 0.9665520191192627
8800.0 0.9672009348869324
8805.0 0.9677541851997375
8810.0 0.9683062434196472
8815.0 0.9690195918083191
8820.0 0.9696372747421265
8825.0 0.9702536463737488
8830.0 0.9711612462997437
8835.0 0.9714046716690063
8840.0 0.9719409942626953
8845.0 0.9723787903785706
8850.0 0.9726220965385437
8855.0 0.9726988077163696
8860.0 0.9722867608070374
8865.0 0.9729458689689636
8870.0 0.9738976955413818
8875.0 0.9744720458984375
8880.0 0.9742640256881714
8885.0 0.9752273559570312
8890.0 0.9768766164779663
8895.0 0.9747088551521301
8900.0 0.9719577431678772
8905.0 0.9719688296318054
8910.0 0.9724656939506531
8915.0 0.9715582728385925
8920.0 0.9698731303215027
8925.0 0.9684815406799316
8930.0 0.9634937047958374
8935.0 0.9602593779563904
8940.0 0.9609130620956421
8945.0 0.9558379650115967
8950.0 0.9457248449325562
8955.0 0.932224452495575
8960.0 0.9225171208381653
8965.0 0.909127950668335
8970.0 0.9038863778114319
8975.0 0.9134769439697266
8980.0 0.9190887212753296
8985.0 0.8854306936264038
8990.0 0.8426980972290039
8995.0 0.8637219667434692
9000.0 0.8924561738967896
9005.0 0.886132001876831
9010.0 0.8916639685630798
9015.0 0.8998381495475769
9020.0 0.8974820971488953
9025.0 0.8929973244667053
9030.0 0.9059180021286011
9035.0 0.9377540349960327
9040.0 0.9577995538711548
9045.0 0.9550042748451233
9050.0 0.9507401585578918
9055.0 0.9517149329185486
9060.0 0.9497382640838623
9065.0 0.928580641746521
9070.0 0.9044146537780762
9075.0 0.8956673741340637
9080.0 0.8937105536460876
9085.0 0.8960704803466797
9090.0 0.8961641192436218
9095.0 0.9007389545440674
9100.0 0.9034456610679626
9105.0 0.89581298828125
9110.0 0.9060854911804199
9115.0 0.9115782976150513
9120.0 0.9026628732681274
9125.0 0.9131855964660645
9130.0 0.8915268182754517
9135.0 0.8681401610374451
9140.0 0.8861389756202698
9145.0 0.9167100191116333
9150.0 0.9093006253242493
9155.0 0.8690091967582703
9160.0 0.8799451589584351
9165.0 0.9213014245033264
9170.0 0.9239770770072937
9175.0 0.8967209458351135
9180.0 0.8854895830154419
9185.0 0.9091702699661255
9190.0 0.9320014119148254
9195.0 0.9373382329940796
9200.0 0.936062753200531
9205.0 0.9472224116325378
9210.0 0.9466165900230408
9215.0 0.9362263679504395
9220.0 0.9343862533569336
9225.0 0.9412597417831421
9230.0 0.9401877522468567
9235.0 0.9339627027511597
9240.0 0.9268881678581238
9245.0 0.920515775680542
9250.0 0.9170307517051697
9255.0 0.9190422296524048
9260.0 0.9200853109359741
9265.0 0.9196014404296875
9270.0 0.9215694069862366
9275.0 0.8982511162757874
9280.0 0.866941511631012
9285.0 0.8584920167922974
9290.0 0.8463785648345947
9295.0 0.8277654051780701
9300.0 0.7919498085975647
9305.0 0.75894695520401
9310.0 0.727051317691803
9315.0 0.693036675453186
9320.0 0.6307991743087769
9325.0 0.6079928278923035
9330.0 0.6129081845283508
9335.0 0.5932203531265259
9340.0 0.5261871814727783
9345.0 0.49964532256126404
9350.0 0.5677846074104309
9355.0 0.5861270427703857
9360.0 0.5613940954208374
9365.0 0.5677464604377747
9370.0 0.5522136092185974
9375.0 0.5790556073188782
9380.0 0.585347056388855
9385.0 0.590402364730835
9390.0 0.6579430103302002
9395.0 0.7288773655891418
9400.0 0.7164545655250549
9405.0 0.6752252578735352
9410.0 0.6657100319862366
9415.0 0.6817411780357361
9420.0 0.6724437475204468
9425.0 0.6106149554252625
9430.0 0.5640439391136169
9435.0 0.5943025350570679
9440.0 0.5641478896141052
9445.0 0.5422717332839966
9450.0 0.6084625720977783
9455.0 0.6197720170021057
9460.0 0.5828056335449219
9465.0 0.5979955792427063
9470.0 0.6362999677658081
9475.0 0.6318356990814209
9480.0 0.5824480652809143
9485.0 0.6027864217758179
9490.0 0.6753284931182861
9495.0 0.6366584300994873
9500.0 0.5832887291908264
9505.0 0.6231376528739929
9510.0 0.6953386068344116
9515.0 0.6866921186447144
9520.0 0.6101738214492798
9525.0 0.5917448401451111
9530.0 0.6359699964523315
9535.0 0.6620493531227112
9540.0 0.6691897511482239
9545.0 0.65948486328125
9550.0 0.6649869084358215
9555.0 0.6550519466400146
9560.0 0.6447675228118896
9565.0 0.6477017402648926
9570.0 0.6551883816719055
9575.0 0.7031541466712952
9580.0 0.7078681588172913
9585.0 0.6857225298881531
9590.0 0.6668094992637634
9595.0 0.6529779434204102
9600.0 0.676762580871582
9605.0 0.6968633532524109
9610.0 0.7107151746749878
9615.0 0.7248881459236145
9620.0 0.7087137699127197
9625.0 0.6800423860549927
9630.0 0.7028602957725525
9635.0 0.7246423363685608
9640.0 0.7152928709983826
9645.0 0.7150036096572876
9650.0 0.7266835570335388
9655.0 0.7458260655403137
9660.0 0.7329307794570923
9665.0 0.7068721055984497
9670.0 0.7181263566017151
9675.0 0.764352023601532
9680.0 0.7790297269821167
9685.0 0.7644789814949036
9690.0 0.7727305889129639
9695.0 0.781032145023346
9700.0 0.7729693055152893
9705.0 0.7687075138092041
9710.0 0.7754481434822083
9715.0 0.7669228315353394
9720.0 0.7626588940620422
9725.0 0.7598432898521423
9730.0 0.7499638199806213
9735.0 0.7418734431266785
9740.0 0.7377673983573914
9745.0 0.728937566280365
9750.0 0.7211710810661316
9755.0 0.721571683883667
9760.0 0.7166422605514526
9765.0 0.721207320690155
9770.0 0.7367970943450928
9775.0 0.7420613169670105
9780.0 0.7328912019729614
9785.0 0.7261423468589783
9790.0 0.7227820754051208
9795.0 0.7169975638389587
9800.0 0.7175030708312988
9805.0 0.7183389067649841
9810.0 0.7303371429443359
9815.0 0.731013834476471
9820.0 0.7244692444801331
9825.0 0.7164832949638367
9830.0 0.711611807346344
9835.0 0.716040313243866
9840.0 0.7171915173530579
9845.0 0.7100823521614075
9850.0 0.7025803923606873
9855.0 0.7017872929573059
9860.0 0.7024291157722473
9865.0 0.6990059614181519
9870.0 0.6929890513420105
9875.0 0.6881465911865234
9880.0 0.6858682632446289
9885.0 0.6840552091598511
9890.0 0.6808579564094543
9895.0 0.6767946481704712
9900.0 0.6725356578826904
9905.0 0.6696293950080872
9910.0 0.6669860482215881
9915.0 0.6622850298881531
9920.0 0.6575131416320801
9925.0 0.6521484851837158
9930.0 0.646464467048645
9935.0 0.6307668685913086
9940.0 0.6152859330177307
9945.0 0.5992823243141174
9950.0 0.5830872654914856
9955.0 0.5518297553062439
9960.0 0.5207400918006897
9965.0 0.4896433651447296
9970.0 0.45844775438308716
9975.0 0.41696497797966003
9980.0 0.3754437267780304
9985.0 0.33396270871162415
9990.0 0.29245126247406006
9995.0 0.25728482007980347
10000.0 0.22222749888896942
10005.0 0.18727457523345947
10010.0 0.15214967727661133
10015.0 0.13017019629478455
10020.0 0.10824884474277496
10025.0 0.08664429187774658
10030.0 0.0650302991271019
10035.0 0.055318672209978104
10040.0 0.045553360134363174
10045.0 0.03582460805773735
10050.0 0.026098832488059998
10055.0 0.022287096828222275
10060.0 0.018483418971300125
10065.0 0.0146744130179286
10070.0 0.010864539071917534
10075.0 0.009581392630934715
10080.0 0.008297066204249859
10085.0 0.007014431990683079
10090.0 0.005728510208427906
10095.0 0.005122652277350426
10100.0 0.004526608623564243
10105.0 0.003931831568479538
10110.0 0.0033328987192362547
10115.0 0.002927128691226244
10120.0 0.0025207523722201586
10125.0 0.0021164657082408667
10130.0 0.0017122671706601977
10135.0 0.001743597793392837
10140.0 0.0017745807999745011
10145.0 0.0008871253812685609
10150.0 0.0
