speclite/data/filters/decamDR1noatm-i.ecsv
# %ECSV 0.9
# ---
# datatype:
# - {name: wavelength, unit: Angstrom, datatype: float64}
# - {name: response, datatype: float64}
# meta: {airmass: 0.0, band_name: i, description: 'DECam i-band DR1 throughput documented in T. M. C. Abbott et al 2018 ApJS 239 18.
# 
#     DOI:10.3847/1538-4365/aae9f0 = arXiv:1801.03181
# 
#     Represents the total system throughput and average instrumental response across the science CCDs,
# 
#     without any atmosphere.', group_name: decamDR1noatm, url: 'http://www.ctio.noao.edu/noao/content/DECam-filter-information'}
# schema: astropy-2.0
wavelength response
6750.0 0.0
6755.0 0.00043888377319343614
6760.0 0.0008777675950900055
6765.0 0.0009446474747021961
6770.0 0.001011527402163348
6775.0 0.0010784072876770952
6780.0 0.001145287229820851
6785.0 0.001211268842623612
6790.0 0.0012772503136282592
6795.0 0.0013432320088544775
6800.0 0.001409213667819557
6805.0 0.0014952384259868583
6810.0 0.0015812631054696984
6815.0 0.0016672828002005909
6820.0 0.0017533024244748882
6825.0 0.0018625948816290477
6830.0 0.001971887381227961
6835.0 0.0020811800505727727
6840.0 0.002190472632437563
6845.0 0.0023415028640651333
6850.0 0.002492533131548264
6855.0 0.002643563412360129
6860.0 0.0027945934237701094
6865.0 0.002991915340321323
6870.0 0.0031892369797415694
6875.0 0.003386558367308872
6880.0 0.0035838799512868448
6885.0 0.0038393219223926806
6890.0 0.0040947636305467125
6895.0 0.004350210580048672
6900.0 0.0046056574623936425
6905.0 0.004964965581429497
6910.0 0.005324273643284916
6915.0 0.005683586891926147
6920.0 0.006042900065058452
6925.0 0.006682818319563289
6930.0 0.007322736690529314
6935.0 0.00796265430153583
6940.0 0.008602572352531007
6945.0 0.009909618193724878
6950.0 0.011216662727628477
6955.0 0.012523707631629572
6960.0 0.01383075277452879
6965.0 0.016967243969571912
6970.0 0.02010373647595815
6975.0 0.02324022624364766
6980.0 0.02637671685116471
6985.0 0.03380714779696278
6990.0 0.04123757787324748
6995.0 0.04866800774889527
7000.0 0.056098437626732646
7005.0 0.07119517201120279
7010.0 0.08629190672211436
7015.0 0.10138863588861273
7020.0 0.11648535964492092
7025.0 0.1418492795785956
7030.0 0.1672132055808679
7035.0 0.19257711859303325
7040.0 0.21794105477618936
7045.0 0.2536106140977616
7050.0 0.289280160082203
7055.0 0.32494973822249956
7060.0 0.36061931074838016
7065.0 0.40181965396410124
7070.0 0.4430199813281065
7075.0 0.48422030910395825
7080.0 0.525420599941895
7085.0 0.5650982133317567
7090.0 0.6047758466534523
7095.0 0.6444534827467183
7100.0 0.6841310806760578
7105.0 0.7170146599484736
7110.0 0.7498981735830502
7115.0 0.7827817555082136
7120.0 0.8156653372562973
7125.0 0.8384896601318296
7130.0 0.8613138643378843
7135.0 0.8841380858571152
7140.0 0.9069623262372546
7145.0 0.9195918602282891
7150.0 0.9322213827584571
7155.0 0.9448508324835055
7160.0 0.9574803561992286
7165.0 0.96311737523768
7170.0 0.9687543686279902
7175.0 0.9743913550080634
7180.0 0.9800283879755813
7185.0 0.9808050606609693
7190.0 0.9815816750326724
7195.0 0.9823583642036957
7200.0 0.9831350326283907
7205.0 0.9829488423788738
7210.0 0.9827626272492472
7215.0 0.9825763665501838
7220.0 0.9823901179293979
7225.0 0.9831913774682953
7230.0 0.9839925772893088
7235.0 0.9847938159271863
7240.0 0.9855949946851822
7245.0 0.9876429738283252
7250.0 0.9896909590743025
7255.0 0.9917389127165478
7260.0 0.9937869372620287
7265.0 0.9961283141222386
7270.0 0.9984696784083094
7275.0 1.0
7280.0 1.0
7285.0 1.0
7290.0 1.0
7295.0 1.0
7300.0 1.0
7305.0 1.0
7310.0 1.0
7315.0 1.0
7320.0 1.0
7325.0 1.0
7330.0 0.9994059985735623
7335.0 0.997828469272182
7340.0 0.9962510568092835
7345.0 0.9956628362532521
7350.0 0.9950746015075258
7355.0 0.9944864547380524
7360.0 0.9938982746838935
7365.0 0.9948146609208957
7370.0 0.9957309791965784
7375.0 0.9966473310346615
7380.0 0.9975636823803287
7385.0 0.999486298699967
7390.0 1.0
7395.0 1.0
7400.0 1.0
7405.0 1.0
7410.0 1.0
7415.0 1.0
7420.0 1.0
7425.0 1.0
7430.0 1.0
7435.0 1.0
7440.0 1.0
7445.0 1.0
7450.0 1.0
7455.0 1.0
7460.0 1.0
7465.0 1.0
7470.0 1.0
7475.0 1.0
7480.0 1.0
7485.0 1.0
7490.0 1.0
7495.0 1.0
7500.0 1.0
7505.0 1.0
7510.0 1.0
7515.0 1.0
7520.0 1.0
7525.0 1.0
7530.0 1.0
7535.0 1.0
7540.0 1.0
7545.0 1.0
7550.0 1.0
7555.0 1.0
7560.0 1.0
7565.0 1.0
7570.0 1.0
7575.0 1.0
7580.0 1.0
7585.0 0.9987109735674574
7590.0 0.9941135934847024
7595.0 0.9895161845569042
7600.0 0.9849188203753929
7605.0 0.9859204485623971
7610.0 0.9869220530310698
7615.0 0.9879236011341447
7620.0 0.9889253266164977
7625.0 0.9896241580382138
7630.0 0.9903230460955862
7635.0 0.99102195723121
7640.0 0.9917208527427457
7645.0 0.9934059132634309
7650.0 0.9950909413868657
7655.0 0.9967760539481008
7660.0 0.9984611500340298
7665.0 0.9991699329563507
7670.0 0.9998786831456097
7675.0 1.0
7680.0 1.0
7685.0 1.0
7690.0 1.0
7695.0 1.0
7700.0 1.0
7705.0 1.0
7710.0 1.0
7715.0 1.0
7720.0 1.0
7725.0 1.0
7730.0 1.0
7735.0 1.0
7740.0 1.0
7745.0 1.0
7750.0 1.0
7755.0 1.0
7760.0 1.0
7765.0 1.0
7770.0 1.0
7775.0 1.0
7780.0 1.0
7785.0 1.0
7790.0 1.0
7795.0 1.0
7800.0 1.0
7805.0 1.0
7810.0 1.0
7815.0 1.0
7820.0 1.0
7825.0 1.0
7830.0 1.0
7835.0 1.0
7840.0 1.0
7845.0 1.0
7850.0 1.0
7855.0 1.0
7860.0 1.0
7865.0 1.0
7870.0 1.0
7875.0 1.0
7880.0 1.0
7885.0 1.0
7890.0 1.0
7895.0 1.0
7900.0 1.0
7905.0 1.0
7910.0 1.0
7915.0 0.9998830872774294
7920.0 0.9977816183900762
7925.0 0.9952539048701232
7930.0 0.9927261347240723
7935.0 0.990198353544662
7940.0 0.9876705725729632
7945.0 0.9851170825005444
7950.0 0.9825635331379075
7955.0 0.9800100306349647
7960.0 0.9774565424406991
7965.0 0.9767122409681142
7970.0 0.9759678838468955
7975.0 0.975223530504879
7980.0 0.9744791145661006
7985.0 0.9764840385127279
7990.0 0.9784888951424532
7995.0 0.9804937849561908
8000.0 0.9824986904399495
8005.0 0.9849116130668104
8010.0 0.9873245365056652
8015.0 0.9897374531545703
8020.0 0.9921503932859154
8025.0 0.9935492180694032
8030.0 0.9949481115038765
8035.0 0.9963470368083772
8040.0 0.9977459370803381
8045.0 0.9976917648908983
8050.0 0.9976376326144971
8055.0 0.997583491135954
8060.0 0.9975293387048788
8065.0 0.9976280642148065
8070.0 0.9977268752833127
8075.0 0.9978256316280933
8080.0 0.9979243701653447
8085.0 0.9958724896608304
8090.0 0.9938206766800306
8095.0 0.991768858313024
8100.0 0.9897169697358202
8105.0 0.9849626405942287
8110.0 0.980208351376225
8115.0 0.9828499132943922
8120.0 0.9854914488262275
8125.0 0.985295384648398
8130.0 0.9850992888166122
8135.0 0.9849032997659789
8140.0 0.9847072238377744
8145.0 0.9854482791916902
8150.0 0.9861893640641686
8155.0 0.9869303503292428
8160.0 0.9876714533771798
8165.0 0.9911723364920944
8170.0 0.994673124728887
8175.0 0.993934611767869
8180.0 0.9931960592464898
8185.0 0.9905812819424615
8190.0 0.9879665015594575
8195.0 0.9861186603083427
8200.0 0.9842708983515571
8205.0 0.982423167312118
8210.0 0.9805753803824411
8215.0 0.9784736756815258
8220.0 0.9763719580282377
8225.0 0.9742702141007091
8230.0 0.9721684700643838
8235.0 0.9717046894803549
8240.0 0.9712409415193957
8245.0 0.9707771397577071
8250.0 0.9703134264156709
8255.0 0.9714400954849322
8260.0 0.9725667047129412
8265.0 0.9736934014766218
8270.0 0.9748200209867539
8275.0 0.9770048981289955
8280.0 0.9791898250411113
8285.0 0.9813747523097641
8290.0 0.9835597157941905
8295.0 0.9857445985416089
8300.0 0.9879295438885521
8305.0 0.9942078269915184
8310.0 1.0
8315.0 1.0
8320.0 1.0
8325.0 1.0
8330.0 1.0
8335.0 1.0
8340.0 1.0
8345.0 1.0
8350.0 1.0
8355.0 1.0
8360.0 1.0
8365.0 0.9988629689455966
8370.0 0.9973409720625409
8375.0 0.9958188804655255
8380.0 0.9942967857958529
8385.0 0.9935869233659004
8390.0 0.9928769317525566
8395.0 0.9901354502617402
8400.0 0.9873939514788713
8405.0 0.9877061479540696
8410.0 0.988018244620992
8415.0 0.9883304533539448
8420.0 0.9886426501826957
8425.0 0.9887941087552153
8430.0 0.9889455644446246
8435.0 0.9918278199071352
8440.0 0.9947100764440077
8445.0 0.9947406126957662
8450.0 0.9947710631663239
8455.0 0.994801553772363
8460.0 0.9948321261657712
8465.0 0.9988706006955784
8470.0 1.0
8475.0 1.0
8480.0 1.0
8485.0 1.0
8490.0 1.0
8495.0 1.0
8500.0 1.0
8505.0 1.0
8510.0 1.0
8515.0 0.9981190891593515
8520.0 0.9902434338252688
8525.0 0.9545067456337282
8530.0 0.9187700241354967
8535.0 0.8830332807922897
8540.0 0.8472965190782522
8545.0 0.7765245170779894
8550.0 0.7057525231434861
8555.0 0.634980584403084
8560.0 0.5642085706122095
8565.0 0.424724579277213
8570.0 0.2852405590487239
8575.0 0.2863869330507939
8580.0 0.28753332588021063
8585.0 0.20074275608709174
8590.0 0.11395219156661089
8595.0 0.11370097177015405
8600.0 0.11344975030964759
8605.0 0.07728132380321444
8610.0 0.04111289812352441
8615.0 0.04120649913388086
8620.0 0.0413000929173036
8625.0 0.028133564322367594
8630.0 0.01496703781855208
8635.0 0.0151590625865848
8640.0 0.015351087041616956
8645.0 0.01080711162194434
8650.0 0.006263137090817799
8655.0 0.006171181980630791
8660.0 0.00607922742146634
8665.0 0.004470552732742519
8670.0 0.002861878146956422
8675.0 0.00261431375733528
8680.0 0.0023667492080840426
8685.0 0.002119189657362902
8690.0 0.0018716299697709763
8695.0 0.0009358149987671593
8700.0 0.0
