speclite/data/filters/decamDR1noatm-Y.ecsv
# %ECSV 0.9
# ---
# datatype:
# - {name: wavelength, unit: Angstrom, datatype: float64}
# - {name: response, datatype: float64}
# meta: {airmass: 0.0, band_name: Y, description: 'DECam Y-band DR1 throughput documented in T. M. C. Abbott et al 2018 ApJS 239 18.
# 
#     DOI:10.3847/1538-4365/aae9f0 = arXiv:1801.03181
# 
#     Represents the total system throughput and average instrumental response across the science CCDs,
# 
#     without any atmosphere.', group_name: decamDR1noatm, url: 'http://www.ctio.noao.edu/noao/content/DECam-filter-information'}
# schema: astropy-2.0
wavelength response
9300.0 0.0
9305.0 0.003353570267710609
9310.0 0.006707140450035794
9315.0 0.0071271593812706315
9320.0 0.0075471785079817165
9325.0 0.007967202897288143
9330.0 0.008387227360058643
9335.0 0.008928030928451956
9340.0 0.009468834330021294
9345.0 0.010009636680727085
9350.0 0.010550439307812652
9355.0 0.011231965140818156
9360.0 0.011913491546118947
9365.0 0.012595011910233591
9370.0 0.013276532353770737
9375.0 0.014389761448076481
9380.0 0.015502989991314048
9385.0 0.016616212325272866
9390.0 0.017729434666126257
9395.0 0.019676591163191374
9400.0 0.02162374815087184
9405.0 0.023570901882476937
9410.0 0.025518058084675242
9415.0 0.029412775479844736
9420.0 0.03330749583323648
9425.0 0.03720222506547882
9430.0 0.04109695146277109
9435.0 0.04988580746028576
9440.0 0.05867466597117427
9445.0 0.06746351629209556
9450.0 0.07625238110500052
9455.0 0.07738125552232342
9460.0 0.07851012970792111
9465.0 0.11730952758201518
9470.0 0.1561089166938849
9475.0 0.15833461066147542
9480.0 0.16056032910075183
9485.0 0.23346739557251936
9490.0 0.30637446848789274
9495.0 0.3099632860411221
9500.0 0.31355208726357753
9505.0 0.4192119952039256
9510.0 0.524871879932134
9515.0 0.5754878643425383
9520.0 0.6261038796805218
9525.0 0.6767198495791644
9530.0 0.727335792623204
9535.0 0.7535552134504135
9540.0 0.7797744593753718
9545.0 0.8059938160600096
9550.0 0.8322131433578493
9555.0 0.8393242249535003
9560.0 0.8464352106670489
9565.0 0.8535462775611007
9570.0 0.8606573067306863
9575.0 0.8605087759827015
9580.0 0.8603601988031121
9585.0 0.8602117323235232
9590.0 0.8600631959918058
9595.0 0.8589121182202427
9600.0 0.8577609467860479
9605.0 0.8566098582179923
9610.0 0.8554587677793799
9615.0 0.8542225467608412
9620.0 0.852986274949342
9625.0 0.8517500599122464
9630.0 0.8505138412003168
9635.0 0.8496941204646556
9640.0 0.8488742994642596
9645.0 0.8480545336522695
9650.0 0.8472348042559719
9655.0 0.8461199095825952
9660.0 0.8450050662036481
9665.0 0.843890285688305
9670.0 0.8427754282023399
9675.0 0.8409871117292782
9680.0 0.8391986782751095
9685.0 0.8374103266777116
9690.0 0.83562202798295
9695.0 0.8344084257048189
9700.0 0.833194803865262
9705.0 0.8319812072089071
9710.0 0.8307675871109755
9715.0 0.8264343095048515
9720.0 0.8221010849645909
9725.0 0.8177678779042993
9730.0 0.8134346272198179
9735.0 0.810560834098478
9740.0 0.8076871028666489
9745.0 0.804813309210097
9750.0 0.8019395609283416
9755.0 0.7989338678246951
9760.0 0.7959281494684719
9765.0 0.7929224542769522
9770.0 0.789916755967073
9775.0 0.7866726111836847
9780.0 0.7834283657304585
9785.0 0.7801842490404273
9790.0 0.7769401244142333
9795.0 0.7739387424658445
9800.0 0.7709374365915398
9805.0 0.7679360895787827
9810.0 0.7649347494394709
9815.0 0.7619606311050435
9820.0 0.7589865557217389
9825.0 0.7560124482365319
9830.0 0.7530383160824639
9835.0 0.7493393709772437
9840.0 0.7456403575415109
9845.0 0.7419413174051149
9850.0 0.738242413113507
9855.0 0.7347178011989272
9860.0 0.7311931822104344
9865.0 0.7276685994588666
9870.0 0.7241440065261606
9875.0 0.7193423053992342
9880.0 0.7145406299717324
9885.0 0.7097389275282229
9890.0 0.7049372316677724
9895.0 0.700492365556865
9900.0 0.6960476006805328
9905.0 0.6916028189939702
9910.0 0.687157991863398
9915.0 0.6821598971339351
9920.0 0.6771617265013771
9925.0 0.6721635791064657
9930.0 0.6671655255278045
9935.0 0.6630577843850431
9940.0 0.6589500726439298
9945.0 0.6548423465263595
9950.0 0.650734615416551
9955.0 0.6457720881161841
9960.0 0.6408095234200489
9965.0 0.6358470522010442
9970.0 0.6308845428757158
9975.0 0.6260799456489606
9980.0 0.6212753241432266
9985.0 0.6164706829922051
9990.0 0.6116660201827855
9995.0 0.6062955672956741
10000.0 0.6009250767982864
10005.0 0.5955546729642414
10010.0 0.5901841963452826
10015.0 0.5845310423304876
10020.0 0.5788779638818106
10025.0 0.573224872195777
10030.0 0.5675717291998152
10035.0 0.5616017863814627
10040.0 0.555631740225085
10045.0 0.5496618385663581
10050.0 0.5436918574037327
10055.0 0.53814572049365
10060.0 0.5325995863389499
10065.0 0.5270534905540574
10070.0 0.5215073190357826
10075.0 0.5154207816273183
10080.0 0.509334339747978
10085.0 0.5032478670162484
10090.0 0.4971613141821331
10095.0 0.49078469161255506
10100.0 0.48440809586442535
10105.0 0.47803149396914696
10110.0 0.47165487225737884
10115.0 0.46605324506566737
10120.0 0.4604516563428827
10125.0 0.45485004359448133
10130.0 0.44924844558937643
10135.0 0.4432193124050223
10140.0 0.4371902191665294
10145.0 0.4311611174286557
10150.0 0.4251319974949444
10155.0 0.41941005766701084
10160.0 0.413688080234948
10165.0 0.4079661513363853
10170.0 0.4022442446660619
10175.0 0.3960807645017039
10180.0 0.38991728303000706
10185.0 0.38375376915557574
10190.0 0.37759031152965783
10195.0 0.3718357228384986
10200.0 0.36608113703856604
10205.0 0.3603265633223544
10210.0 0.35457196097132637
10215.0 0.3487730494442389
10220.0 0.3429741652720816
10225.0 0.33717526454626484
10230.0 0.3313763590748702
10235.0 0.32557792816740533
10240.0 0.3197795178139922
10245.0 0.3139811161867164
10250.0 0.30818269945573784
10255.0 0.3027951015207701
10260.0 0.297407535663026
10265.0 0.29201995043548107
10270.0 0.2866324129359761
10275.0 0.28180180481256334
10280.0 0.2769712414018589
10285.0 0.2721406478326604
10290.0 0.2673100443697943
10295.0 0.2619509877531692
10300.0 0.25659194380828426
10305.0 0.2512328935916818
10310.0 0.2458738204763493
10315.0 0.24060179675430937
10320.0 0.23532975438673864
10325.0 0.23005772730367177
10330.0 0.2247856976290523
10335.0 0.2187854974811193
10340.0 0.21278528137951144
10345.0 0.20678508341254578
10350.0 0.20078489364972557
10355.0 0.1945194716028641
10360.0 0.18825405205316298
10365.0 0.18198865464046346
10370.0 0.17572323445281152
10375.0 0.17213336878030666
10380.0 0.16854350157758768
10385.0 0.1649536311857524
10390.0 0.16136376376937522
10395.0 0.15898337437802315
10400.0 0.15660297838571025
10405.0 0.15422258285124893
10410.0 0.15184218641265756
10415.0 0.14970105930650268
10420.0 0.1475599392635976
10425.0 0.145418816868717
10430.0 0.1432776871328374
10435.0 0.1411046909720267
10440.0 0.1389316737759235
10445.0 0.13675869060146925
10450.0 0.13458567167682575
10455.0 0.1324800017894849
10460.0 0.13037432978803218
10465.0 0.128268655697923
10470.0 0.12616298790543057
10475.0 0.1242206136753969
10480.0 0.12227824237977045
10485.0 0.12033587375185453
10490.0 0.11839350119610079
10495.0 0.11621508236564526
10500.0 0.11403666275096719
10505.0 0.11185825257556713
10510.0 0.10967983336997515
10515.0 0.10809882169856737
10520.0 0.10651779746268322
10525.0 0.10493678695523803
10530.0 0.10335577495000398
10535.0 0.10221269945961341
10540.0 0.10106961330764735
10545.0 0.09992653193814009
10550.0 0.09878344088695681
10555.0 0.09802526511120582
10560.0 0.09726709073472177
10565.0 0.09650891788953818
10570.0 0.09575075166949289
10575.0 0.09467004334968158
10580.0 0.09358934192962194
10585.0 0.09250864142263171
10590.0 0.09142793761419664
10595.0 0.08882380295127039
10600.0 0.08621967063792063
10605.0 0.08361552381888596
10610.0 0.08101138775388377
10615.0 0.07575864764184936
10620.0 0.07050592098747577
10625.0 0.06525320004660011
10630.0 0.06000046531944888
10635.0 0.05368026396495843
10640.0 0.04736005875099562
10645.0 0.041039861176856283
10650.0 0.034719665439410914
10655.0 0.029971195694375324
10660.0 0.025222726364650717
10665.0 0.020474253705549894
10670.0 0.015725780016793776
10675.0 0.01332046641511812
10680.0 0.010915154136673495
10685.0 0.008509833870992094
10690.0 0.006104514871963683
10695.0 0.003052257374537357
10700.0 0.0
