speclite/data/filters/decamDR1-g.ecsv
# %ECSV 0.9
# ---
# datatype:
# - {name: wavelength, unit: Angstrom, datatype: float64}
# - {name: response, datatype: float64}
# meta: {airmass: 1.2, band_name: g, description: 'DECam g-band DR1 throughput documented in T. M. C. Abbott et al 2018 ApJS 239 18.
# 
#     DOI:10.3847/1538-4365/aae9f0 = arXiv:1801.03181
# 
#     Represents the total system throughput and average instrumental response across the science CCDs,
# 
#     including a reference airmass 1.2 atmosphere.  Values are multiplied by 0.557 to give
# 
#     a reasonable absolute throughput (from Douglas Tucker private communication).', group_name: decamDR1, url: 'http://www.ctio.noao.edu/noao/content/DECam-filter-information'}
# schema: astropy-2.0
wavelength response
3800.0 0.0
3805.0 0.00013352190046862235
3810.0 0.0002676980215474032
3815.0 0.0003001759726903402
3820.0 0.0003328363605542109
3825.0 0.0003346437063883059
3830.0 0.0003364721911493689
3835.0 0.00038830665568821135
3840.0 0.0004403736160020344
3845.0 0.0004849026035517455
3850.0 0.0005296199609874749
3855.0 0.0005746697053546087
3860.0 0.0006198387938784436
3865.0 0.0006854643332771958
3870.0 0.0007512901088921354
3875.0 0.0008173782406374813
3880.0 0.0008838174341944978
3885.0 0.0009936119185294957
3890.0 0.0011037052657920869
3895.0 0.0012144015263766052
3900.0 0.0013255567480809987
3905.0 0.0013176360051147641
3910.0 0.0013098620674572886
3915.0 0.0018610354664269837
3920.0 0.0024148334641940893
3925.0 0.0036700027729384605
3930.0 0.004930791923776269
3935.0 0.006196340834721923
3940.0 0.007467331917025149
3945.0 0.007622021137736738
3950.0 0.007776124693453313
3955.0 0.025897004261612896
3960.0 0.044093654043972495
3965.0 0.06321524159610271
3970.0 0.08238945496082306
3975.0 0.1016252622306347
3980.0 0.12092639008164408
3985.0 0.12088188576698304
3990.0 0.12087764449417593
3995.0 0.12780963554978372
4000.0 0.1347691990286112
4005.0 0.13803653948009015
4010.0 0.14134830954670907
4015.0 0.14465220296382905
4020.0 0.14799708151817323
4025.0 0.14916916680336
4030.0 0.1503295325636864
4035.0 0.151602329403162
4040.0 0.15287842962145806
4045.0 0.15327357348799706
4050.0 0.15366913235187532
4055.0 0.1555038521885872
4060.0 0.15738116735219956
4065.0 0.15848428007960322
4070.0 0.15955286502838137
4075.0 0.1619414901137352
4080.0 0.16428124511241915
4085.0 0.16469620925188067
4090.0 0.16512251111865045
4095.0 0.16656638646125796
4100.0 0.16798053139448169
4105.0 0.16900992399454118
4110.0 0.1700531111061573
4115.0 0.17111625128984453
4120.0 0.17214780187606812
4125.0 0.17293116745352746
4130.0 0.17369836473464967
4135.0 0.17504609349370004
4140.0 0.1764618154168129
4145.0 0.17731880152225496
4150.0 0.1781600509285927
4155.0 0.18091986623406411
4160.0 0.18364560195803645
4165.0 0.18532217460870745
4170.0 0.18695957151055337
4175.0 0.18860053738951685
4180.0 0.19027013808488846
4185.0 0.1907977657020092
4190.0 0.19137039563059807
4195.0 0.19173584228754045
4200.0 0.19208228206634523
4205.0 0.19248580887913705
4210.0 0.192889717489481
4215.0 0.1942285985052586
4220.0 0.19557018530368805
4225.0 0.19595880541205407
4230.0 0.1963478073179722
4235.0 0.1996674872338772
4240.0 0.20295423296093942
4245.0 0.20407138919830325
4250.0 0.20529946592450143
4255.0 0.2065514298975468
4260.0 0.20773833888769153
4265.0 0.20873071372509006
4270.0 0.20968278402090074
4275.0 0.2118912338614464
4280.0 0.21414667800068857
4285.0 0.21452362838387493
4290.0 0.21487328854203225
4295.0 0.21728359308838846
4300.0 0.21961788672208787
4305.0 0.22051949334144594
4310.0 0.22148879432678226
4315.0 0.22250437581539156
4320.0 0.22356673580408098
4325.0 0.22482001116871836
4330.0 0.22598540669679643
4335.0 0.22710702830553056
4340.0 0.2282986848652363
4345.0 0.22968779715895654
4350.0 0.23102682757377627
4355.0 0.23249019119143488
4360.0 0.23400358688831333
4365.0 0.23531001511216165
4370.0 0.23661347195506097
4375.0 0.23792599233984948
4380.0 0.2390917032659054
4385.0 0.24061316651105882
4390.0 0.24205737385153772
4395.0 0.24365498080849649
4400.0 0.24534775495529176
4405.0 0.24651985684037211
4410.0 0.2476637721061707
4415.0 0.24871047839522364
4420.0 0.24978386071324352
4425.0 0.2506651324629784
4430.0 0.25154125824570656
4435.0 0.2524690096974373
4440.0 0.25337272450327875
4445.0 0.2541623814404011
4450.0 0.2550035312473774
4455.0 0.2559483307898045
4460.0 0.2569720462262631
4465.0 0.2579148205816746
4470.0 0.2587239989936352
4475.0 0.25951405432820324
4480.0 0.26014856866002084
4485.0 0.26099845001101496
4490.0 0.26200095078349117
4495.0 0.26311667943000794
4500.0 0.2641290405392647
4505.0 0.2650276923775673
4510.0 0.26590682274103167
4515.0 0.2667545959055424
4520.0 0.2676627760827542
4525.0 0.2688180954754353
4530.0 0.27000206628441814
4535.0 0.2712207142710686
4540.0 0.2724628677070141
4545.0 0.2731932298243046
4550.0 0.27383647570014
4555.0 0.27445291274786
4560.0 0.2751249262392521
4565.0 0.27555328649282457
4570.0 0.2759820119440556
4575.0 0.2763832645714283
4580.0 0.2766738125085831
4585.0 0.2776562440097332
4590.0 0.2787511563897133
4595.0 0.2798757327795029
4600.0 0.2809456291198731
4605.0 0.2819712037444115
4610.0 0.28299780756235127
4615.0 0.28405399239063267
4620.0 0.28519722706079487
4625.0 0.2861109848022461
4630.0 0.2869741792678833
4635.0 0.2877516850829125
4640.0 0.2885818789601326
4645.0 0.2893686475157738
4650.0 0.29018005031347277
4655.0 0.29105662429332735
4660.0 0.29187629383802416
4665.0 0.2921130747199059
4670.0 0.2922034777402878
4675.0 0.2923284085392952
4680.0 0.29250635939836506
4685.0 0.2930098673701287
4690.0 0.29347901356220246
4695.0 0.29397793996334076
4700.0 0.2945121909379959
4705.0 0.29524613863229754
4710.0 0.296010430932045
4715.0 0.29680533343553545
4720.0 0.2975712525248528
4725.0 0.2986204321980477
4730.0 0.2996654950976372
4735.0 0.30065146237611773
4740.0 0.301577802836895
4745.0 0.3026110798120499
4750.0 0.3037667312026024
4755.0 0.3049237105846405
4760.0 0.3060821507573128
4765.0 0.30644489163160327
4770.0 0.3067718763351441
4775.0 0.307104106605053
4780.0 0.3074055606722832
4785.0 0.3076816833019257
4790.0 0.3078960211277008
4795.0 0.3080433285832405
4800.0 0.3083193516135216
4805.0 0.3091733165383339
4810.0 0.30999215608835223
4815.0 0.31081660640239717
4820.0 0.31167302811145786
4825.0 0.312138688325882
4830.0 0.31264110070467
4835.0 0.3131075909137726
4840.0 0.313579725086689
4845.0 0.31362929236888887
4850.0 0.31365200102329255
4855.0 0.31370083791017533
4860.0 0.31374940919876104
4865.0 0.31466827970743183
4870.0 0.3155835314393044
4875.0 0.3163729227781296
4880.0 0.3172630422711373
4885.0 0.3180837078094483
4890.0 0.31903186053037647
4895.0 0.3201456137895584
4900.0 0.32122377687692644
4905.0 0.32177379775047305
4910.0 0.3222920464277268
4915.0 0.32277839010953907
4920.0 0.3232652649879456
4925.0 0.32316845440864567
4930.0 0.32310394722223285
4935.0 0.32300657224655155
4940.0 0.3229090976715088
4945.0 0.3231799747347832
4950.0 0.3234832547903061
4955.0 0.32381913703680043
4960.0 0.32405751150846485
4965.0 0.32527999407053
4970.0 0.3264708704352379
4975.0 0.3277279471755028
4980.0 0.3289533181190491
4985.0 0.32977451485395437
4990.0 0.3304591276645661
4995.0 0.3311484880447388
5000.0 0.3318711810112
5005.0 0.33235974907875065
5010.0 0.33291929829120637
5015.0 0.33347878110408785
5020.0 0.33400476533174517
5025.0 0.3341437728404999
5030.0 0.33428752791881566
5035.0 0.3343930368423462
5040.0 0.3346035566926003
5045.0 0.3351752238273621
5050.0 0.33581883490085607
5055.0 0.33635819864273075
5060.0 0.3369365057349205
5065.0 0.33783708316087724
5070.0 0.3388111649155617
5075.0 0.33971399992704393
5080.0 0.3406902728676796
5085.0 0.3413343487381935
5090.0 0.34197892260551455
5095.0 0.3426286092400551
5100.0 0.3432401825189591
5105.0 0.3431696661710739
5110.0 0.3431369975805283
5115.0 0.34299623048305516
5120.0 0.34282080280780797
5125.0 0.34313487279415134
5130.0 0.34348350375890735
5135.0 0.34390494185686116
5140.0 0.3442193770408631
5145.0 0.34510966253280645
5150.0 0.34600097721815115
5155.0 0.3468923583030701
5160.0 0.34778473538160326
5165.0 0.34825145798921586
5170.0 0.3486481290459633
5175.0 0.3490803238749504
5180.0 0.3495169342756272
5185.0 0.35005443882942205
5190.0 0.3506584757566452
5195.0 0.35126646345853807
5200.0 0.3519496486783028
5205.0 0.3528521848917008
5210.0 0.3538656747937203
5215.0 0.3548797290921212
5220.0 0.35585829281806947
5225.0 0.3566395502090454
5230.0 0.35738521742820745
5235.0 0.35813032025098807
5240.0 0.35883598172664644
5245.0 0.35922840321064
5250.0 0.3595852677226067
5255.0 0.3599778220057488
5260.0 0.3604063316583634
5265.0 0.3605046362280846
5270.0 0.3606068251729012
5275.0 0.3607809912562371
5280.0 0.36084274286031726
5285.0 0.361048913538456
5290.0 0.3612509674429894
5295.0 0.3614937906861306
5300.0 0.3617325967550278
5305.0 0.36230818146467214
5310.0 0.36288376617431645
5315.0 0.36341921234130864
5320.0 0.3640321468114853
5325.0 0.36460643672943116
5330.0 0.36522132998704915
5335.0 0.3658327040672303
5340.0 0.366448261320591
5345.0 0.36718705618381503
5350.0 0.36796705198287966
5355.0 0.3687069424390793
5360.0 0.36945121526718144
5365.0 0.36916204512119294
5370.0 0.36891321271657945
5375.0 0.3686232789754868
5380.0 0.3682990498542786
5385.0 0.36740063041448595
5390.0 0.36657528370618825
5395.0 0.3656753702759743
5400.0 0.36481177741289145
5405.0 0.36562440860271456
5410.0 0.36632362931966783
5415.0 0.36709960794448854
5420.0 0.3678711045980454
5425.0 0.3703199872970581
5430.0 0.3727700319886208
5435.0 0.3751077618002892
5440.0 0.37756321805715565
5445.0 0.36517040151357655
5450.0 0.35273548763990403
5455.0 0.34026219481229786
5460.0 0.3278207073807717
5465.0 0.28138479590415955
5470.0 0.23499712371826173
5475.0 0.18847570618987086
5480.0 0.14196951076388362
5485.0 0.11333354066312314
5490.0 0.08466642086207868
5495.0 0.0559893079251051
5500.0 0.027290791500359776
5505.0 0.022001928459852937
5510.0 0.016711867114529017
5515.0 0.011415557984262706
5520.0 0.006118709357455373
5525.0 0.004940961952321232
5530.0 0.0037634300864301624
5535.0 0.002585502416826785
5540.0 0.001407172199804336
5545.0 0.0011876945022959264
5550.0 0.000968000163207762
5555.0 0.000748235923005268
5560.0 0.0005283970157033764
5565.0 0.0004725042986683548
5570.0 0.0004166573286056519
5575.0 0.00036076360649894926
5580.0 0.0003049058724427596
5585.0 0.0002854684994090349
5590.0 0.0002660628347657621
5595.0 0.0002466316866921261
5600.0 0.00022720211106934586
5605.0 0.00021553035953547807
5610.0 0.00020390698112896646
5615.0 0.00019228455916163513
5620.0 0.000180663061211817
5625.0 0.000172888621018501
5630.0 0.0001651696218759753
5635.0 0.00015742001667967998
5640.0 0.0001496719028800726
5645.0 7.484026352176444e-05
5650.0 0.0
