speclite/data/filters/decamDR1noatm-z.ecsv
# %ECSV 0.9
# ---
# datatype:
# - {name: wavelength, unit: Angstrom, datatype: float64}
# - {name: response, datatype: float64}
# meta: {airmass: 0.0, band_name: z, description: 'DECam z-band DR1 throughput documented in T. M. C. Abbott et al 2018 ApJS 239 18.
# 
#     DOI:10.3847/1538-4365/aae9f0 = arXiv:1801.03181
# 
#     Represents the total system throughput and average instrumental response across the science CCDs,
# 
#     without any atmosphere.  Values are multiplied by 0.587 to give
# 
#     a reasonable absolute throughput (from Douglas Tucker private communication).', group_name: decamDR1noatm, url: 'http://www.ctio.noao.edu/noao/content/DECam-filter-information'}
# schema: astropy-2.0
wavelength response
8250.0 0.0
8255.0 0.0013948442728868586
8260.0 0.0027896885185892187
8265.0 0.0029715878765684046
8270.0 0.003153487914083236
8275.0 0.0034235973130205995
8280.0 0.003693706700259176
8285.0 0.00368802236942885
8290.0 0.0036823379629629628
8295.0 0.0036766533484516198
8300.0 0.00367096859387423
8305.0 0.0038616190899376985
8310.0 0.004052270008004925
8315.0 0.004356425776674865
8320.0 0.004660581498350357
8325.0 0.004964737519835985
8330.0 0.0052688935487419045
8335.0 0.005573049111669867
8340.0 0.005877204689795899
8345.0 0.00714586403300893
8350.0 0.00841452374572247
8355.0 0.008654525013549984
8360.0 0.00889452590383797
8365.0 0.009134527011342888
8370.0 0.00937452846601481
8375.0 0.009614527014511213
8380.0 0.00985452501032071
8385.0 0.012249749780006659
8390.0 0.014644975685677448
8395.0 0.016177756140761824
8400.0 0.017710534805164747
8405.0 0.019243313260219115
8410.0 0.02077609401403695
8415.0 0.022308871560605837
8420.0 0.023841645598787615
8425.0 0.03581850604648523
8430.0 0.047795371090484415
8435.0 0.04637694926777712
8440.0 0.04495852658846116
8445.0 0.058032952349472394
8450.0 0.07110736932008191
8455.0 0.08418179160363373
8460.0 0.0972562115114932
8465.0 0.14961981092255316
8470.0 0.20198341179373547
8475.0 0.200567586092665
8480.0 0.1991517609375068
8485.0 0.23732278853412003
8490.0 0.2754938055650965
8495.0 0.3136648667073971
8500.0 0.3518358941899652
8505.0 0.38395440918560697
8510.0 0.4160729570455976
8515.0 0.44819150229611643
8520.0 0.4803100306005708
8525.0 0.4996659185818513
8530.0 0.5190218408731417
8535.0 0.5383777857411602
8540.0 0.5577337052147651
8545.0 0.563504563242528
8550.0 0.5692754383017158
8555.0 0.5750462739762493
8560.0 0.5808171128792212
8565.0 0.5797841020804961
8570.0 0.5787510545887092
8575.0 0.5817740500066303
8580.0 0.5847970848184311
8585.0 0.5795920807159473
8590.0 0.5743870913176221
8595.0 0.5741762781362195
8600.0 0.573965438942228
8605.0 0.5750220298956328
8610.0 0.5760786754910708
8615.0 0.5775502165786895
8620.0 0.5790217627153937
8625.0 0.5818321017998676
8630.0 0.5846424405952477
8635.0 0.5872108925003495
8640.0 0.589779359427013
8645.0 0.5903182016489749
8650.0 0.5908570098033836
8655.0 0.5900971354616026
8660.0 0.5893372103243898
8665.0 0.5911627155340917
8670.0 0.5929881896979987
8675.0 0.5926716910220352
8680.0 0.5923551820139535
8685.0 0.5920386987075931
8690.0 0.5917221821263697
8695.0 0.5917353384600599
8700.0 0.5917484946071421
8705.0 0.5917616502700428
8710.0 0.5917748018926662
8715.0 0.5919485511672115
8720.0 0.5921222203991785
8725.0 0.5922959011501062
8730.0 0.5924696513292564
8735.0 0.5922458213987775
8740.0 0.5920218751021533
8745.0 0.5931095182561709
8750.0 0.5941971583331874
8755.0 0.594774193461026
8760.0 0.5953511427103093
8765.0 0.5959280715198728
8770.0 0.5965050903050996
8775.0 0.5971205430756208
8780.0 0.5977359784140436
8785.0 0.5983514891118417
8790.0 0.5989669080140173
8795.0 0.5993585141223059
8800.0 0.5997501061266329
8805.0 0.6001416895340668
8810.0 0.6005332776762625
8815.0 0.6009649406398169
8820.0 0.6013966041256714
8825.0 0.6018283200167587
8830.0 0.6022600384961696
8835.0 0.6024604672126248
8840.0 0.6026609403591412
8845.0 0.602861344242354
8850.0 0.6030617732414925
8855.0 0.6033393030560555
8860.0 0.603616806347316
8865.0 0.6038942768012618
8870.0 0.6041717945112837
8875.0 0.6045166391321002
8880.0 0.6048614176308903
8885.0 0.6052061955713511
8890.0 0.6055510075856102
8895.0 0.6043175555388515
8900.0 0.6030840713643382
8905.0 0.6031400851362737
8910.0 0.603196114439365
8915.0 0.6029245263437012
8920.0 0.6026529758055597
8925.0 0.6023814580829417
8930.0 0.602109941514382
8935.0 0.6018383675483543
8940.0 0.6015667976537385
8945.0 0.6013568064137175
8950.0 0.6011467328787609
8955.0 0.6009366571380022
8960.0 0.6007266586183247
8965.0 0.600832274513183
8970.0 0.6009377952816503
8975.0 0.6010433125222691
8980.0 0.6011487845347496
8985.0 0.6015169258179461
8990.0 0.601885134257003
8995.0 0.6022531935715508
9000.0 0.6026213398787793
9005.0 0.6032009635369686
9010.0 0.6037804981822245
9015.0 0.6043600430030999
9020.0 0.6049395722703991
9025.0 0.6054729350111591
9030.0 0.6060061962619196
9035.0 0.6065394988634953
9040.0 0.6070728475090749
9045.0 0.6069676797747949
9050.0 0.606862503189671
9055.0 0.6077887054592473
9060.0 0.6087149838625954
9065.0 0.6083026207268137
9070.0 0.6078902946243194
9075.0 0.6074779358213751
9080.0 0.607065587635247
9085.0 0.6062588909040945
9090.0 0.6054522086528997
9095.0 0.6046455163760479
9100.0 0.6038387857633004
9105.0 0.6029578389343255
9110.0 0.6020770037269618
9115.0 0.6025477957583386
9120.0 0.6030186784885887
9125.0 0.6021792830421924
9130.0 0.6013398853215989
9135.0 0.601152470070664
9140.0 0.6009650616662733
9145.0 0.601263300467972
9150.0 0.6015614989129233
9155.0 0.6014584209180666
9160.0 0.601355265639618
9165.0 0.6012521303825815
9170.0 0.6011490514935585
9175.0 0.6013080275763456
9180.0 0.6014670227073164
9185.0 0.6016260886678959
9190.0 0.6017850474134133
9195.0 0.6013311429639753
9200.0 0.600877179995376
9205.0 0.6004233255143123
9210.0 0.5999694121267718
9215.0 0.5993399622240722
9220.0 0.5987104563253939
9225.0 0.5980809425711896
9230.0 0.5974514488091436
9235.0 0.5956281788392942
9240.0 0.5938049315672671
9245.0 0.5919817306406383
9250.0 0.5901584237977625
9255.0 0.5888653613597337
9260.0 0.5875722526747833
9265.0 0.5862791757871801
9270.0 0.5849861007024546
9275.0 0.5827257289061657
9280.0 0.5804653245181766
9285.0 0.5782049899502057
9290.0 0.5759446061847457
9295.0 0.5743736308635705
9300.0 0.5728025785918897
9305.0 0.5712315974272463
9310.0 0.5696606046155126
9315.0 0.5681569738059552
9320.0 0.5666533763943192
9325.0 0.5651497327369152
9330.0 0.5636461269312117
9335.0 0.561144877639932
9340.0 0.5586436921036267
9345.0 0.5561424526906161
9350.0 0.5536412634139912
9355.0 0.5501609181511092
9360.0 0.5466805648887146
9365.0 0.5432002407597446
9370.0 0.5397198734086011
9375.0 0.5371063586689578
9380.0 0.5344929045568978
9385.0 0.5318794075759129
9390.0 0.529265959527099
9395.0 0.5256400454568887
9400.0 0.5220141102304182
9405.0 0.5183882791878252
9410.0 0.514762350016834
9415.0 0.512242899948943
9420.0 0.5097235148626496
9425.0 0.5072040795292019
9430.0 0.5046846297124592
9435.0 0.5027779506441685
9440.0 0.5008713455659339
9445.0 0.5018141400249723
9450.0 0.5027568796147543
9455.0 0.5029860936750865
9460.0 0.5032152754501481
9465.0 0.5032963566792191
9470.0 0.503377424518197
9475.0 0.5038430474239752
9480.0 0.5043086363582813
9485.0 0.5047742856613237
9490.0 0.505239893606798
9495.0 0.505167893526941
9500.0 0.5050958920527022
9505.0 0.5064797435348072
9510.0 0.5078636847421256
9515.0 0.5082539541557528
9520.0 0.5086441886728761
9525.0 0.5090344214491195
9530.0 0.509424712105455
9535.0 0.5097705735456123
9540.0 0.5101164599173529
9545.0 0.510462383913582
9550.0 0.5108082841851118
9555.0 0.5110728209311158
9560.0 0.5113374154003989
9565.0 0.5116019921534255
9570.0 0.5118665734338074
9575.0 0.5115863304880024
9580.0 0.5113060566914375
9585.0 0.5110257271852295
9590.0 0.5107455125860385
9595.0 0.5098476479657824
9600.0 0.5089497864864041
9605.0 0.5080518968401567
9610.0 0.5071540322148235
9615.0 0.506498448441627
9620.0 0.5058428221261642
9625.0 0.5051872249967545
9630.0 0.5045316041511975
9635.0 0.5038759436851783
9640.0 0.5032203071141828
9645.0 0.5025647039343266
9650.0 0.5019090344967513
9655.0 0.50154179203396
9660.0 0.5011745556248886
9665.0 0.5008072845809292
9670.0 0.5004400269768747
9675.0 0.49965804344360015
9680.0 0.4988760194950259
9685.0 0.4980940055343178
9690.0 0.49731193117278044
9695.0 0.4965299312403944
9700.0 0.4957479116869919
9705.0 0.49496591449604344
9710.0 0.49418387041916
9715.0 0.49297751970371856
9720.0 0.49177114925372056
9725.0 0.4905647972439087
9730.0 0.4893584395497496
9735.0 0.488054034770358
9740.0 0.4867496216916272
9745.0 0.4854451978654249
9750.0 0.484140777576268
9755.0 0.4822992405053669
9760.0 0.4804577488629756
9765.0 0.47861625234418853
9770.0 0.4767747530443231
9775.0 0.4748847340735127
9780.0 0.4729946871899684
9785.0 0.4711046318392123
9790.0 0.4692145685415374
9795.0 0.46683410673429054
9800.0 0.4644535826901534
9805.0 0.46207307622820926
9810.0 0.45969262843498804
9815.0 0.4572581163404535
9820.0 0.4548235900808972
9825.0 0.45238910259985804
9830.0 0.4499546139406492
9835.0 0.4474129324606793
9840.0 0.44487129076254517
9845.0 0.4423295965095625
9850.0 0.43978795998390385
9855.0 0.43697221763839394
9860.0 0.4341565116128736
9865.0 0.4313407545502616
9870.0 0.4285249687053718
9875.0 0.42625330329464317
9880.0 0.4239815889683452
9885.0 0.42170988040036556
9890.0 0.4194382400345897
9895.0 0.4173474193058167
9900.0 0.41525660244205337
9905.0 0.4131657645992052
9910.0 0.411074955854979
9915.0 0.40796728578165126
9920.0 0.40485960482887584
9925.0 0.40175192664044285
9930.0 0.3986442734327632
9935.0 0.3886078729456568
9940.0 0.37857154294707257
9945.0 0.36853516120964913
9950.0 0.35849878151463266
9955.0 0.33934392098186833
9960.0 0.3201890181006891
9965.0 0.30103412342757696
9970.0 0.2818792402410119
9975.0 0.25636971508470463
9980.0 0.23086018177083142
9985.0 0.2053506500443457
9990.0 0.17984112144513997
9995.0 0.15826106146131766
10000.0 0.13668100165462616
10005.0 0.11510092393539173
10010.0 0.09352085233048116
10015.0 0.08013801606591751
10020.0 0.06675518427668127
10025.0 0.05337235142944764
10030.0 0.03998951167016525
10035.0 0.034003387066678846
10040.0 0.028017264280805546
10045.0 0.022031141004235203
10050.0 0.01604501688262826
10055.0 0.013702823612615432
10060.0 0.011360630517144964
10065.0 0.009018439628660113
10070.0 0.0066762496238244725
10075.0 0.0058888544690491595
10080.0 0.005101459731434943
10085.0 0.00431406756308273
10090.0 0.0035266756128742058
10095.0 0.0031568101254913876
10100.0 0.002786945181792288
10105.0 0.0024170831094979285
10110.0 0.0020472212427169833
10115.0 0.0017983138068635865
10120.0 0.0015494063388784896
10125.0 0.001300498948465249
10130.0 0.0010515914542410325
10135.0 0.0010707116794126015
10140.0 0.0010898318990522707
10145.0 0.0005449159369121092
10150.0 0.0
