speclite/data/filters/decamDR1noatm-i.ecsv
# %ECSV 0.9
# ---
# datatype:
# - {name: wavelength, unit: Angstrom, datatype: float64}
# - {name: response, datatype: float64}
# meta: {airmass: 0.0, band_name: i, description: 'DECam i-band DR1 throughput documented in T. M. C. Abbott et al 2018 ApJS 239 18.
# 
#     DOI:10.3847/1538-4365/aae9f0 = arXiv:1801.03181
# 
#     Represents the total system throughput and average instrumental response across the science CCDs,
# 
#     without any atmosphere.  Values are multiplied by 0.590 to give
# 
#     a reasonable absolute throughput (from Douglas Tucker private communication).', group_name: decamDR1noatm, url: 'http://www.ctio.noao.edu/noao/content/DECam-filter-information'}
# schema: astropy-2.0
wavelength response
6750.0 0.0
6755.0 0.0002589414261841273
6760.0 0.0005178828811031031
6765.0 0.0005573420100742957
6770.0 0.0005968011672763753
6775.0 0.0006362602997294862
6780.0 0.000675719465594302
6785.0 0.0007146486171479311
6790.0 0.0007535776850406728
6795.0 0.0007925068852241416
6800.0 0.0008314360640135386
6805.0 0.0008821906713322463
6810.0 0.000932945232227122
6815.0 0.0009836968521183486
6820.0 0.001034448430440184
6825.0 0.0010989309801611381
6830.0 0.0011634135549244968
6835.0 0.0012278962298379358
6840.0 0.001292378853138162
6845.0 0.0013814866897984286
6850.0 0.0014705945476134756
6855.0 0.001559702413292476
6860.0 0.0016488101200243645
6865.0 0.0017652300507895805
6870.0 0.0018816498180475258
6875.0 0.0019980694367122344
6880.0 0.0021144891712592383
6885.0 0.0022651999342116814
6890.0 0.0024159105420225604
6895.0 0.0025666242422287162
6900.0 0.0027173379028122484
6905.0 0.0029293296930434035
6910.0 0.0031413214495381
6915.0 0.0033533162662364264
6920.0 0.003565311038384487
6925.0 0.00394286280854234
6930.0 0.0043204146474122955
6935.0 0.00469796603790614
6940.0 0.005075517687993293
6945.0 0.005846674734297677
6950.0 0.006617831009300802
6955.0 0.007388987502661448
6960.0 0.008160144136971985
6965.0 0.010010673942047427
6970.0 0.011861204520815306
6975.0 0.013711733483752118
6980.0 0.015562262942187178
6985.0 0.019946217200208043
6990.0 0.02433017094521601
6995.0 0.028714124571848205
7000.0 0.033098078199772264
7005.0 0.042005151486609646
7010.0 0.05091222496604747
7015.0 0.05981929517428151
7020.0 0.06872636219050333
7025.0 0.0836910749513714
7030.0 0.09865579129271207
7035.0 0.11362049996988961
7040.0 0.12858522231795172
7045.0 0.1496302623176793
7050.0 0.17067529444849971
7055.0 0.19172034555127473
7060.0 0.2127653933415443
7065.0 0.23707359583881973
7070.0 0.26138178898358283
7075.0 0.2856899823713353
7080.0 0.3099981539657181
7085.0 0.33340794586573635
7090.0 0.3568177495255368
7095.0 0.3802275548205638
7100.0 0.4036373375988741
7105.0 0.42303864936959945
7110.0 0.4424399224139996
7115.0 0.46184123574984604
7120.0 0.48124254898121543
7125.0 0.4947088994777794
7130.0 0.5081751799593517
7135.0 0.5216414706556979
7140.0 0.5351077724799802
7145.0 0.5425591975346905
7150.0 0.5500106158274897
7155.0 0.5574619911652683
7160.0 0.5649134101575448
7165.0 0.5682392513902312
7170.0 0.5715650774905142
7175.0 0.5748908994547574
7180.0 0.578216748905593
7185.0 0.5786749857899719
7190.0 0.5791331882692766
7195.0 0.5795914348801804
7200.0 0.5800496692507505
7205.0 0.5799398170035355
7210.0 0.5798299500770558
7215.0 0.5797200562646083
7220.0 0.5796101695783448
7225.0 0.5800829127062942
7230.0 0.5805556206006922
7235.0 0.5810283513970399
7240.0 0.5815010468642575
7245.0 0.5827093545587119
7250.0 0.5839176658538384
7255.0 0.5851259585027632
7260.0 0.5863342929845969
7265.0 0.5877157053321208
7270.0 0.5890971102609025
7275.0 0.5904785444471862
7280.0 0.5918600238326301
7285.0 0.5923006821397422
7290.0 0.5927413165419081
7295.0 0.5931820360881298
7300.0 0.5936226541517119
7305.0 0.5930947317073756
7310.0 0.5925668361886631
7315.0 0.5920389060560131
7320.0 0.591510957744435
7325.0 0.5905802362730159
7330.0 0.5896495391584017
7335.0 0.5887187968705874
7340.0 0.5877881235174772
7345.0 0.5874410733894188
7350.0 0.5870940148894402
7355.0 0.5867470082954509
7360.0 0.5863999820634972
7365.0 0.5869406499433284
7370.0 0.5874812777259812
7375.0 0.5880219253104503
7380.0 0.5885625726043938
7385.0 0.5896969162329805
7390.0 0.5908313237991357
7395.0 0.5919656877638222
7400.0 0.5931000936367519
7405.0 0.5937758633673286
7410.0 0.5944516202806002
7415.0 0.5951272983479212
7420.0 0.595803081860535
7425.0 0.5959245937075978
7430.0 0.5960462108166098
7435.0 0.5961676660736912
7440.0 0.5962892275499592
7445.0 0.596047678203505
7450.0 0.595806117543793
7455.0 0.5955645040270374
7460.0 0.5953229626531991
7465.0 0.5951036184513089
7470.0 0.594884255099774
7475.0 0.5946648573804408
7480.0 0.594445507586008
7485.0 0.5945967081321699
7490.0 0.5947478736096183
7495.0 0.5948989898989898
7500.0 0.5950501638242406
7505.0 0.5952117286636668
7510.0 0.5953732501810135
7515.0 0.5955348400661724
7520.0 0.5956963730107487
7525.0 0.5957953365387577
7530.0 0.5958943690402151
7535.0 0.5959933267087723
7540.0 0.5960922842309705
7545.0 0.5956950447831213
7550.0 0.5952978158976561
7555.0 0.5949005404521457
7560.0 0.5945033746091236
7565.0 0.5938655355939699
7570.0 0.5932276665817271
7575.0 0.5925898138535919
7580.0 0.5919519765417279
7585.0 0.5892394744047998
7590.0 0.5865270201559744
7595.0 0.5838145488885734
7600.0 0.5811021040214818
7605.0 0.5816930646518144
7610.0 0.5822840112883312
7615.0 0.5828749246691453
7620.0 0.5834659427037335
7625.0 0.583878253242546
7630.0 0.5842905971963959
7635.0 0.5847029547664139
7640.0 0.5851153031182199
7645.0 0.5861094888254241
7650.0 0.5871036554182507
7655.0 0.5880978718293794
7660.0 0.5890920785200776
7665.0 0.5895102604442469
7670.0 0.5899284230559096
7675.0 0.5903465940100515
7680.0 0.5907647987995104
7685.0 0.5907185089857726
7690.0 0.5906722497115021
7695.0 0.590625974031735
7700.0 0.5905796744534073
7705.0 0.5907560836908319
7710.0 0.5909325705377784
7715.0 0.5911089639406265
7720.0 0.591285356634249
7725.0 0.5915856046979988
7730.0 0.5918857677680912
7735.0 0.5921859509979891
7740.0 0.5924862215466816
7745.0 0.5934773061054384
7750.0 0.5944682671817219
7755.0 0.5954592843279529
7760.0 0.5964503352697884
7765.0 0.5968596162100983
7770.0 0.5972688242663688
7775.0 0.5976780205998463
7780.0 0.5980872817076944
7785.0 0.5981623519618948
7790.0 0.5982373285448503
7795.0 0.5983123067845402
7800.0 0.598387280249115
7805.0 0.5980509174947765
7810.0 0.5977146856609169
7815.0 0.5973784013786815
7820.0 0.5970420747777245
7825.0 0.5966880273328676
7830.0 0.5963338665438269
7835.0 0.5959797684068407
7840.0 0.5956257100210525
7845.0 0.5957172105543735
7850.0 0.5958086957520634
7855.0 0.5959001957896295
7860.0 0.5959917021653279
7865.0 0.596053895513976
7870.0 0.5961160636405428
7875.0 0.5961782509140245
7880.0 0.5962403215019622
7885.0 0.59559290416569
7890.0 0.5949454854345572
7895.0 0.5942980722176253
7900.0 0.5936507165349336
7905.0 0.592410827307165
7910.0 0.5911708941637497
7915.0 0.5899310214936834
7920.0 0.5886911548501448
7925.0 0.5871998038733726
7930.0 0.5857084194872026
7935.0 0.5842170285913505
7940.0 0.5827256378180482
7945.0 0.5812190786753212
7950.0 0.5797124845513654
7955.0 0.5782059180746292
7960.0 0.5766993600400124
7965.0 0.5762602221711873
7970.0 0.5758210514696683
7975.0 0.5753818829978786
7980.0 0.5749426775939993
7985.0 0.5761255827225095
7990.0 0.5773084481340472
7995.0 0.5784913331241525
8000.0 0.5796742273595702
8005.0 0.5810978517094181
8010.0 0.5825214765383425
8015.0 0.5839450973611964
8020.0 0.5853687320386901
8025.0 0.586194038660948
8030.0 0.5870193857872872
8035.0 0.5878447517169425
8040.0 0.5886701028773994
8045.0 0.58863814128563
8050.0 0.5886062032425532
8055.0 0.5885742597702128
8060.0 0.5885423098358785
8065.0 0.5886005578867358
8070.0 0.5886588564171544
8075.0 0.588717122660575
8080.0 0.5887753783975535
8085.0 0.5875647688998898
8090.0 0.586354199241218
8095.0 0.5851436264046841
8100.0 0.5839330121441338
8105.0 0.5811279579505949
8110.0 0.5783229273119728
8115.0 0.5798814488436913
8120.0 0.5814399548074742
8125.0 0.5813242769425548
8130.0 0.5812085804018012
8135.0 0.5810929468619276
8140.0 0.5809772620642869
8145.0 0.5814144847230972
8150.0 0.5818517247978594
8155.0 0.5822889066942533
8160.0 0.582726157492536
8165.0 0.5847916785303356
8170.0 0.5868571435900434
8175.0 0.5864214209430426
8180.0 0.585985674955429
8185.0 0.5844429563460523
8190.0 0.5829002359200799
8195.0 0.5818100095819223
8200.0 0.5807198300274187
8205.0 0.5796296687141496
8210.0 0.5785394744256402
8215.0 0.5772994686521001
8220.0 0.5760594552366601
8225.0 0.5748194263194184
8230.0 0.5735793973379864
8235.0 0.5733057667934094
8240.0 0.5730321554964434
8245.0 0.5727585124570471
8250.0 0.5724849215852458
8255.0 0.5731496563361099
8260.0 0.5738143557806353
8265.0 0.5744791068712068
8270.0 0.5751438123821847
8275.0 0.5764328898961074
8280.0 0.5777219967742556
8285.0 0.5790111038627609
8290.0 0.5803002323185723
8295.0 0.5815893131395492
8300.0 0.5828784308942457
8305.0 0.5865826179249959
8310.0 0.5902868739527717
8315.0 0.5909393785856923
8320.0 0.5915919146601075
8325.0 0.5922444674460158
8330.0 0.5928970374252348
8335.0 0.5935495809251544
8340.0 0.5942020810960351
8345.0 0.5931126917577862
8350.0 0.5920232849721457
8355.0 0.5911251826996552
8360.0 0.590227179135253
8365.0 0.589329151677902
8370.0 0.5884311735168991
8375.0 0.58753313947466
8380.0 0.5866351036195532
8385.0 0.5862162847858812
8390.0 0.5857973897340084
8395.0 0.5841799156544267
8400.0 0.582562431372534
8405.0 0.582746627292901
8410.0 0.5829307643263852
8415.0 0.5831149674788273
8420.0 0.5832991636077904
8425.0 0.5833885241655771
8430.0 0.5834778830223284
8435.0 0.5851784137452097
8440.0 0.5868789451019645
8445.0 0.586896961490502
8450.0 0.586914927268131
8455.0 0.5869329167256941
8460.0 0.586950954437805
8465.0 0.5893336544103912
8470.0 0.5917163397098649
8475.0 0.5940990457609889
8480.0 0.5964817824769764
8485.0 0.5980689387963937
8490.0 0.5996560143179955
8495.0 0.6012430750219946
8500.0 0.6028301769610054
8505.0 0.5981835647520707
8510.0 0.5935369442360932
8515.0 0.5888902626040173
8520.0 0.5842436259569085
8525.0 0.5631589799238995
8530.0 0.542074314239943
8535.0 0.5209896356674509
8540.0 0.49990494625616877
8545.0 0.4581494650760138
8550.0 0.41639398865465677
8555.0 0.37463854479781955
8560.0 0.33288305666120355
8565.0 0.2505875017735557
8570.0 0.1682919298387471
8575.0 0.16896829049996837
8580.0 0.16964466226932426
8585.0 0.11843822609138413
8590.0 0.06723179302430042
8595.0 0.06708357334439088
8600.0 0.06693535268269209
8605.0 0.04559598104389652
8610.0 0.0242566098928794
8615.0 0.024311834488989704
8620.0 0.024367054821209124
8625.0 0.01659880295019688
8630.0 0.008830552312945727
8635.0 0.008943846926085032
8640.0 0.009057141354554004
8645.0 0.00637619585694716
8650.0 0.003695250883582501
8655.0 0.003640997368572167
8660.0 0.00358674417866514
8665.0 0.0026376261123180855
8670.0 0.0016885081067042887
8675.0 0.0015424451168278151
8680.0 0.001396382032769585
8685.0 0.0012503218978441122
8690.0 0.001104261682164876
8695.0 0.000552130849272624
8700.0 0.0
