speclite/data/filters/decamDR1-Y.ecsv
# %ECSV 0.9
# ---
# datatype:
# - {name: wavelength, unit: Angstrom, datatype: float64}
# - {name: response, datatype: float64}
# meta: {airmass: 1.2, band_name: Y, description: 'DECam Y-band DR1 throughput documented in T. M. C. Abbott et al 2018 ApJS 239 18.
# 
#     DOI:10.3847/1538-4365/aae9f0 = arXiv:1801.03181
# 
#     Represents the total system throughput and average instrumental response across the science CCDs,
# 
#     including a reference airmass 1.2 atmosphere.  Values are multiplied by 0.624 to give
# 
#     a reasonable absolute throughput (from Douglas Tucker private communication).', group_name: decamDR1, url: 'http://www.ctio.noao.edu/noao/content/DECam-filter-information'}
# schema: astropy-2.0
wavelength response
9300.0 0.0
9305.0 0.0016320343762636184
9310.0 0.003135515637695789
9315.0 0.003184395767748356
9320.0 0.003077378734946251
9325.0 0.003139521762728691
9330.0 0.0033406424894928933
9335.0 0.0034571595042943953
9340.0 0.00326681524515152
9345.0 0.0032939483374357223
9350.0 0.003963221982121468
9355.0 0.004383090734481811
9360.0 0.004481216825544834
9365.0 0.004821872860193252
9370.0 0.004975606709718704
9375.0 0.005682458370923996
9380.0 0.0062188438475131985
9385.0 0.00675599992275238
9390.0 0.008072943136096
9395.0 0.00999398222565651
9400.0 0.010870764255523682
9405.0 0.01124585285782814
9410.0 0.012087838232517242
9415.0 0.014338452368974686
9420.0 0.01609481406211853
9425.0 0.01640500268340111
9430.0 0.01682384106516838
9435.0 0.021598871290683747
9440.0 0.024206951379776
9445.0 0.02670334929227829
9450.0 0.033802743315696715
9455.0 0.03492484188079834
9460.0 0.03330568045377731
9465.0 0.051054045796394346
9470.0 0.07228007054328918
9475.0 0.07272897040843963
9480.0 0.06792376363277436
9485.0 0.10212102556228637
9490.0 0.15000049781799316
9495.0 0.14308816051483153
9500.0 0.13263011169433594
9505.0 0.1889201602935791
9510.0 0.26322381591796873
9515.0 0.28480011320114135
9520.0 0.27511138916015626
9525.0 0.28815020656585694
9530.0 0.33259389209747314
9535.0 0.3584704599380493
9540.0 0.37468960189819334
9545.0 0.3814129972457886
9550.0 0.3968372440338135
9555.0 0.39404462242126465
9560.0 0.3909416971206665
9565.0 0.3958153209686279
9570.0 0.40351749515533447
9575.0 0.43322110462188723
9580.0 0.43628917980194093
9585.0 0.42279876136779787
9590.0 0.411292010307312
9595.0 0.40292991542816164
9600.0 0.41778261280059814
9605.0 0.4303732881546021
9610.0 0.43911419677734376
9615.0 0.4478025884628296
9620.0 0.4377438097000122
9625.0 0.41997021102905274
9630.0 0.43399498558044436
9635.0 0.4475951614379883
9640.0 0.4419690055847168
9645.0 0.4419393997192383
9650.0 0.4493107395172119
9655.0 0.4608769998550415
9660.0 0.4526431474685669
9665.0 0.4362936429977417
9670.0 0.4429792499542236
9675.0 0.47122960567474365
9680.0 0.480008451461792
9685.0 0.4707770004272461
9690.0 0.4755889949798584
9695.0 0.48075614833831787
9700.0 0.47585057544708254
9705.0 0.4732842378616333
9710.0 0.4774923620223999
9715.0 0.4709291582107544
9720.0 0.4669981985092163
9725.0 0.4639598407745361
9730.0 0.45662383460998535
9735.0 0.4513050813674927
9740.0 0.448414529800415
9745.0 0.44265763950347903
9750.0 0.43755330562591555
9755.0 0.43782083702087404
9760.0 0.4348542995452881
9765.0 0.4376491527557373
9770.0 0.44713500595092776
9775.0 0.4502651195526123
9780.0 0.4446366205215454
9785.0 0.4404780378341675
9790.0 0.4383753519058228
9795.0 0.43539594554901123
9800.0 0.4362377786636353
9805.0 0.43728692722320556
9810.0 0.445146466255188
9815.0 0.4461895523071289
9820.0 0.44282664585113524
9825.0 0.43857671642303464
9830.0 0.43622866630554197
9835.0 0.4392686233520508
9840.0 0.4403042335510254
9845.0 0.43626961612701415
9850.0 0.4319906759262085
9855.0 0.4322101163864136
9860.0 0.43332227039337157
9865.0 0.43193332386016847
9870.0 0.4289413089752197
9875.0 0.42537454605102537
9880.0 0.4233926639556885
9885.0 0.4216952362060547
9890.0 0.4191424369812012
9895.0 0.41608808612823484
9900.0 0.4129147539138794
9905.0 0.4105722827911377
9910.0 0.40838992881774905
9915.0 0.4056285123825073
9920.0 0.4028237657546997
9925.0 0.3996558637619019
9930.0 0.3962921018600464
9935.0 0.39421336841583254
9940.0 0.39228727626800536
9945.0 0.3900425491333008
9950.0 0.3876791753768921
9955.0 0.38465112018585207
9960.0 0.3817387361526489
9965.0 0.37882575702667237
9970.0 0.37583682918548583
9975.0 0.37297982597351076
9980.0 0.37008596420288087
9985.0 0.36722903537750246
9990.0 0.364335545539856
9995.0 0.3610332269668579
10000.0 0.35787607383728026
10005.0 0.3549313316345215
10010.0 0.3517003870010376
10015.0 0.34777891159057617
10020.0 0.3438333349227905
10025.0 0.34085630893707275
10030.0 0.3380750312805176
10035.0 0.33465763664245607
10040.0 0.330905837059021
10045.0 0.3273879833221435
10050.0 0.32393391609191896
10055.0 0.320601842880249
10060.0 0.31739741706848146
10065.0 0.3141280517578125
10070.0 0.3108578495979309
10075.0 0.30717257022857664
10080.0 0.3034280605316162
10085.0 0.299716187953949
10090.0 0.2957986550331116
10095.0 0.2917159094810486
10100.0 0.2881897988319397
10105.0 0.28482789659500124
10110.0 0.2812576560974121
10115.0 0.2778654599189758
10120.0 0.27439208936691284
10125.0 0.2711391077041626
10130.0 0.2679376573562622
10135.0 0.2643718056678772
10140.0 0.2607530465126038
10145.0 0.25710929346084593
10150.0 0.25354282808303835
10155.0 0.2501337275505066
10160.0 0.24672449684143066
10165.0 0.24333957195281983
10170.0 0.23985785150527955
10175.0 0.2362330298423767
10180.0 0.23267662525177002
10185.0 0.22897881174087525
10190.0 0.22507883405685425
10195.0 0.22156276559829713
10200.0 0.21833342027664185
10205.0 0.21499024486541748
10210.0 0.21158075380325317
10215.0 0.20810252952575684
10220.0 0.20460427665710448
10225.0 0.20114758729934692
10230.0 0.19761163902282713
10235.0 0.19403978061676025
10240.0 0.19051021099090576
10245.0 0.18722697257995605
10250.0 0.18390075731277467
10255.0 0.18067014741897583
10260.0 0.17747563362121582
10265.0 0.17429780101776124
10270.0 0.1710501937866211
10275.0 0.16810240173339844
10280.0 0.16525609159469604
10285.0 0.16240855407714844
10290.0 0.15951195859909056
10295.0 0.15636302518844605
10300.0 0.1531967875957489
10305.0 0.14999915885925294
10310.0 0.14678676438331603
10315.0 0.1436412434577942
10320.0 0.1405097908973694
10325.0 0.1373775107860565
10330.0 0.1342311158180237
10335.0 0.13063672757148742
10340.0 0.12706836533546448
10345.0 0.12348683667182922
10350.0 0.11990524291992187
10355.0 0.11616523361206055
10360.0 0.11241378736495972
10365.0 0.10866301989555359
10370.0 0.10492337322235107
10375.0 0.10278121590614318
10380.0 0.10064908218383789
10385.0 0.09850659012794495
10390.0 0.09635439991950989
10395.0 0.09493423891067505
10400.0 0.09351407790184021
10405.0 0.0920938332080841
10410.0 0.09067355132102967
10415.0 0.08939611029624939
10420.0 0.08810982656478882
10425.0 0.08683245062828064
10430.0 0.08555503749847412
10435.0 0.08425012922286987
10440.0 0.08296207880973816
10445.0 0.0816573657989502
10450.0 0.08035284805297851
10455.0 0.07908086514472962
10460.0 0.07781712985038758
10465.0 0.07655361306667328
10470.0 0.07529784643650055
10475.0 0.07413956809043884
10480.0 0.0729738929271698
10485.0 0.07180123007297516
10490.0 0.07061484754085541
10495.0 0.06928862285614014
10500.0 0.06798386335372925
10505.0 0.06669272124767303
10510.0 0.06538815701007843
10515.0 0.06443350267410278
10520.0 0.06347280442714691
10525.0 0.06251265013217926
10530.0 0.06155922782421112
10535.0 0.060866944313049315
10540.0 0.060168858647346495
10545.0 0.05947117280960083
10550.0 0.0587679591178894
10555.0 0.05829418623447418
10560.0 0.057820762038230895
10565.0 0.05734190762042999
10570.0 0.05686349952220917
10575.0 0.056188417911529544
10580.0 0.05551970100402832
10585.0 0.054846065282821654
10590.0 0.05418414080142975
10595.0 0.052614904403686526
10600.0 0.051062632799148557
10605.0 0.049510960936546326
10610.0 0.047950241804122926
10615.0 0.04482812476158142
10620.0 0.04170365524291992
10625.0 0.038581621885299684
10630.0 0.03546551620960236
10635.0 0.03171722674369812
10640.0 0.027969079077243806
10645.0 0.024229553282260896
10650.0 0.020490164637565613
10655.0 0.01768620604276657
10660.0 0.014885754078626632
10665.0 0.012084709346294404
10670.0 0.009283055573701859
10675.0 0.007861702054738998
10680.0 0.006444783836603164
10685.0 0.0050312490463256835
10690.0 0.003612136133015156
10695.0 0.0018070114105939864
10700.0 0.0
