speclite/data/filters/decamDR1-r.ecsv
# %ECSV 0.9
# ---
# datatype:
# - {name: wavelength, unit: Angstrom, datatype: float64}
# - {name: response, datatype: float64}
# meta: {airmass: 1.2, band_name: r, description: 'DECam r-band DR1 throughput documented in T. M. C. Abbott et al 2018 ApJS 239 18.
# 
#     DOI:10.3847/1538-4365/aae9f0 = arXiv:1801.03181
# 
#     Represents the total system throughput and average instrumental response across the science CCDs,
# 
#     including a reference airmass 1.2 atmosphere.  Values are multiplied by 0.585 to give
# 
#     a reasonable absolute throughput (from Douglas Tucker private communication).', group_name: decamDR1, url: 'http://www.ctio.noao.edu/noao/content/DECam-filter-information'}
# schema: astropy-2.0
wavelength response
5400.0 0.0
5405.0 0.0006708545051515102
5410.0 0.0013415382080711423
5415.0 0.001421504298923537
5420.0 0.0015014646691270171
5425.0 0.0016156880487687884
5430.0 0.0017299732659012078
5435.0 0.0018437641917262225
5440.0 0.0019581593270413577
5445.0 0.0020985407824628054
5450.0 0.00223877404583618
5455.0 0.002378816620912403
5460.0 0.0025191365112550556
5465.0 0.0026645584031939505
5470.0 0.00281093564350158
5475.0 0.002956231681164354
5480.0 0.00310223217587918
5485.0 0.003315346778836101
5490.0 0.003528236369602382
5495.0 0.0037416149396449325
5500.0 0.003955140612088143
5505.0 0.004202922619879246
5510.0 0.004451283230446279
5515.0 0.004698873460292816
5520.0 0.004947548434138298
5525.0 0.00524737527128309
5530.0 0.005547795421443879
5535.0 0.005848317998461425
5540.0 0.006148901595734059
5545.0 0.006559130963869392
5550.0 0.006968861818313598
5555.0 0.007378744133748114
5560.0 0.007788737593218684
5565.0 0.008334684181027114
5570.0 0.008881476880051194
5575.0 0.009427360268309712
5580.0 0.009974225973710418
5585.0 0.010848799869418144
5590.0 0.01172459634952247
5595.0 0.012599192038178443
5600.0 0.013473707092925905
5605.0 0.015614217007532715
5610.0 0.01775734861381352
5615.0 0.01990028517320752
5620.0 0.022043024506419897
5625.0 0.02994676239788532
5630.0 0.03785829998552799
5635.0 0.04576142985373735
5640.0 0.05366198379546404
5645.0 0.07930270805954932
5650.0 0.1049568698555231
5655.0 0.13061846740543842
5660.0 0.15628858163952827
5665.0 0.19607136458158492
5670.0 0.23584128096699714
5675.0 0.27553382366895673
5680.0 0.31517404586076736
5685.0 0.3337323975563049
5690.0 0.3523434010148048
5695.0 0.37105510532855984
5700.0 0.3898497971892357
5705.0 0.3928545042872429
5710.0 0.3959042966365814
5715.0 0.398714750111103
5720.0 0.4014476206898689
5725.0 0.40248440712690353
5730.0 0.4035651978850364
5735.0 0.4046856343746185
5740.0 0.405767785012722
5745.0 0.40679717928171155
5750.0 0.40795234501361843
5755.0 0.40918885946273803
5760.0 0.41038890123367305
5765.0 0.4113152933120727
5770.0 0.4121995988488197
5775.0 0.41312888503074646
5780.0 0.41414018243551254
5785.0 0.414886617064476
5790.0 0.41558904737234115
5795.0 0.4163334944844246
5800.0 0.41703840047121044
5805.0 0.4183806717395782
5810.0 0.4197659710049629
5815.0 0.42115576833486557
5820.0 0.4224576964974403
5825.0 0.42305778712034225
5830.0 0.42361425697803495
5835.0 0.4242605137825012
5840.0 0.424775210916996
5845.0 0.4246132805943489
5850.0 0.4245391148328781
5855.0 0.4243767660856247
5860.0 0.42412780344486234
5865.0 0.42357401847839354
5870.0 0.4230654582381248
5875.0 0.42229998528957363
5880.0 0.42123899996280667
5885.0 0.4203622609376907
5890.0 0.4196100032329559
5895.0 0.4196615391969681
5900.0 0.4197997936606407
5905.0 0.42134332716464995
5910.0 0.4228883600234985
5915.0 0.4234983184933662
5920.0 0.4238074994087219
5925.0 0.4245613610744476
5930.0 0.42612933754920956
5935.0 0.4270562875270843
5940.0 0.42678462535142897
5945.0 0.42540162742137905
5950.0 0.42586576491594313
5955.0 0.42697113811969756
5960.0 0.42726121097803116
5965.0 0.4274939247965812
5970.0 0.4274278137087822
5975.0 0.42770303249359126
5980.0 0.42815175801515576
5985.0 0.4290715599060058
5990.0 0.4296479049324989
5995.0 0.4303983494639396
6000.0 0.43110621929168697
6005.0 0.43184285581111903
6010.0 0.4325817936658859
6015.0 0.43323464065790174
6020.0 0.43397640287876127
6025.0 0.43406873524188994
6030.0 0.434204374551773
6035.0 0.43525493413209915
6040.0 0.4363517993688583
6045.0 0.43665728420019145
6050.0 0.4369184160232544
6055.0 0.43722609758377073
6060.0 0.43757956176996227
6065.0 0.43754601806402205
6070.0 0.4375579431653023
6075.0 0.43761519759893414
6080.0 0.4376267391443252
6085.0 0.43803365707397457
6090.0 0.4384866017103195
6095.0 0.4388474929332733
6100.0 0.4393008559942245
6105.0 0.4404293820261955
6110.0 0.44146906256675716
6115.0 0.44259975045919414
6120.0 0.4436385941505432
6125.0 0.44462332159280776
6130.0 0.4456072470545768
6135.0 0.4466366761922836
6140.0 0.4476223799586296
6145.0 0.4481592187285423
6150.0 0.44864901959896086
6155.0 0.4491865557432174
6160.0 0.4497245451807976
6165.0 0.4503433254361152
6170.0 0.4509148934483528
6175.0 0.45148782134056087
6180.0 0.45210789173841476
6185.0 0.45230755001306533
6190.0 0.4525566869974136
6195.0 0.45275896042585373
6200.0 0.45286820411682127
6205.0 0.45317717581987377
6210.0 0.4534862869977951
6215.0 0.45384086698293685
6220.0 0.4541023823618889
6225.0 0.454556268453598
6230.0 0.4549623146653175
6235.0 0.45541658431291576
6240.0 0.45582409501075744
6245.0 0.4561147955060005
6250.0 0.45645364969968794
6255.0 0.4567470002174377
6260.0 0.4569923713803291
6265.0 0.45729182392358775
6270.0 0.4570420244336128
6275.0 0.45262185662984844
6280.0 0.44562952816486356
6285.0 0.4485407871007919
6290.0 0.45348318368196483
6295.0 0.4539739260077476
6300.0 0.45501493155956263
6305.0 0.4570621436834335
6310.0 0.4587433040142059
6315.0 0.4601519304513931
6320.0 0.4613289240002632
6325.0 0.4621583461761474
6330.0 0.46275460124015805
6335.0 0.4632623943686485
6340.0 0.4635813733935356
6345.0 0.4642915096879005
6350.0 0.4649997979402542
6355.0 0.4658054047822952
6360.0 0.4664681893587112
6365.0 0.4672882318496704
6370.0 0.46791823983192443
6375.0 0.46873957246541975
6380.0 0.46951226323843
6385.0 0.4698087868094444
6390.0 0.4700078523159027
6395.0 0.4703044456243515
6400.0 0.47050351113080974
6405.0 0.47087374716997143
6410.0 0.4712430068850517
6415.0 0.47161359161138533
6420.0 0.47193483710288997
6425.0 0.4720775896310806
6430.0 0.4722710412740707
6435.0 0.472366546690464
6440.0 0.472511530816555
6445.0 0.47255529105663296
6450.0 0.47260124802589415
6455.0 0.47250305771827694
6460.0 0.47221532106399533
6465.0 0.4720363399386406
6470.0 0.4716167297959327
6475.0 0.4711022070050239
6480.0 0.4713002264499664
6485.0 0.4719004216790199
6490.0 0.47245281189680094
6495.0 0.47286562263965604
6500.0 0.4738951215147972
6505.0 0.4747884580492973
6510.0 0.4746815156936645
6515.0 0.4733839112520218
6520.0 0.47308738768100733
6525.0 0.47504993855953215
6530.0 0.4764915856719017
6535.0 0.4770747649669647
6540.0 0.47775526285171505
6545.0 0.4780622470378875
6550.0 0.47846445769071577
6555.0 0.4792522117495536
6560.0 0.4802320227026939
6565.0 0.4808928894996643
6570.0 0.48145985484123227
6575.0 0.48178315758705137
6580.0 0.482445698082447
6585.0 0.48285763710737223
6590.0 0.4832710754871368
6595.0 0.48373190045356745
6600.0 0.48390157163143155
6605.0 0.4840272733569145
6610.0 0.4842026630043983
6615.0 0.48437676250934597
6620.0 0.48445319473743437
6625.0 0.4843092566728592
6630.0 0.4840674769878387
6635.0 0.48402197331190105
6640.0 0.4838282775878906
6645.0 0.4840086185932159
6650.0 0.48418902933597563
6655.0 0.4844191280007362
6660.0 0.4845996084809303
6665.0 0.4853310844302177
6670.0 0.48606294393539423
6675.0 0.48679452449083327
6680.0 0.4874784395098686
6685.0 0.48820496410131453
6690.0 0.48883152008056635
6695.0 0.4895080429315567
6700.0 0.4901848447322845
6705.0 0.4904509627819061
6710.0 0.49076697796583174
6715.0 0.49113425016403195
6720.0 0.4914006820321083
6725.0 0.49144273370504377
6730.0 0.4914349928498268
6735.0 0.49147697478532787
6740.0 0.4914690595865249
6745.0 0.49141874402761454
6750.0 0.4913165786862373
6755.0 0.4911159440875053
6760.0 0.4910140925645828
6765.0 0.491092477440834
6770.0 0.49117082744836804
6775.0 0.4913479954004287
6780.0 0.49142634540796276
6785.0 0.4917967209219932
6790.0 0.4921671313047409
6795.0 0.4926386958360672
6800.0 0.49300942003726955
6805.0 0.49313250660896296
6810.0 0.4933547946810722
6815.0 0.4935771176218986
6820.0 0.4937994754314422
6825.0 0.49399644881486887
6830.0 0.4941934919357299
6835.0 0.49439053505659103
6840.0 0.4944881674647331
6845.0 0.49461107969284057
6850.0 0.4947338873147964
6855.0 0.49475780725479124
6860.0 0.49200990825891494
6865.0 0.4666992643475532
6870.0 0.4042784374952316
6875.0 0.3749546483159065
6880.0 0.40843695044517514
6885.0 0.4362264811992645
6890.0 0.42877894163131713
6895.0 0.4284665179252624
6900.0 0.4387425729632377
6905.0 0.4468358463048935
6910.0 0.4562575829029083
6915.0 0.46350347667932507
6920.0 0.4697635969519615
6925.0 0.4762233057618141
6930.0 0.48111713021993635
6935.0 0.4831404224038124
6940.0 0.4835834643244743
6945.0 0.4845828714966774
6950.0 0.48628320962190624
6955.0 0.48725067704916
6960.0 0.4870853295922279
6965.0 0.48930632740259167
6970.0 0.4919725638628006
6975.0 0.49251393556594847
6980.0 0.49206733703613276
6985.0 0.4907794958353042
6990.0 0.4889464473724365
6995.0 0.48899139314889906
7000.0 0.48997639954090116
7005.0 0.490215006172657
7010.0 0.49020590543746945
7015.0 0.49054228395223615
7020.0 0.4908801966905594
7025.0 0.49019314348697657
7030.0 0.49009910255670547
7035.0 0.4910397559404373
7040.0 0.49020112842321395
7045.0 0.4892762356996536
7050.0 0.4883014458417892
7055.0 0.48708111047744745
7060.0 0.48639925271272655
7065.0 0.48434314906597137
7070.0 0.4822837677597999
7075.0 0.4798827776312828
7080.0 0.4774803927540779
7085.0 0.47407065063714976
7090.0 0.470513274371624
7095.0 0.46681136727333067
7100.0 0.46287556082010267
7105.0 0.4595242935419082
7110.0 0.4563072708249092
7115.0 0.45308798164129255
7120.0 0.4497748956084251
7125.0 0.4319096294045448
7130.0 0.4139220437407493
7135.0 0.3961462506651878
7140.0 0.3783278828859329
7145.0 0.33684296607971187
7150.0 0.2953256213665008
7155.0 0.2540415309369564
7160.0 0.212531508654356
7165.0 0.1780469749867916
7170.0 0.14268824771046637
7175.0 0.10846831530332565
7180.0 0.07598213396966456
7185.0 0.06213728316128254
7190.0 0.04892068818211555
7195.0 0.03632965760305524
7200.0 0.02366727691143751
7205.0 0.019657441992312667
7210.0 0.015788359008729456
7215.0 0.011715212306007743
7220.0 0.007345948470756411
7225.0 0.006514170477166772
7230.0 0.005622681439854204
7235.0 0.0047176622506231065
7240.0 0.003923560450784862
7245.0 0.003320723643992096
7250.0 0.002724951838608831
7255.0 0.0021213695767801255
7260.0 0.0015183458954561501
7265.0 0.0013173432683106512
7270.0 0.0011156144592678174
7275.0 0.0009094488783739507
7280.0 0.000710086579201743
7285.0 0.000642375616589561
7290.0 0.0005640003088046796
7295.0 0.0004876143907313235
7300.0 0.00041271046124165874
7305.0 0.00038345775275956835
7310.0 0.0003555688061169348
7315.0 0.0003283193803508766
7320.0 0.00030175163119565694
7325.0 0.00028587785200215874
7330.0 0.0002682895807083696
7335.0 0.0002497000937000848
7340.0 0.00023161150398664176
7345.0 0.00011590237307245843
7350.0 0.0
