speclite/data/filters/decamDR1-Y.ecsv
# %ECSV 0.9
# ---
# datatype:
# - {name: wavelength, unit: Angstrom, datatype: float64}
# - {name: response, datatype: float64}
# meta: {airmass: 1.2, band_name: Y, description: 'DECam Y-band DR1 throughput documented in T. M. C. Abbott et al 2018 ApJS 239 18.
# 
#     DOI:10.3847/1538-4365/aae9f0 = arXiv:1801.03181
# 
#     Represents the total system throughput and average instrumental response across the science CCDs,
# 
#     including a reference airmass 1.2 atmosphere.', group_name: decamDR1, url: 'http://www.ctio.noao.edu/noao/content/DECam-filter-information'}
# schema: astropy-2.0
wavelength response
9300.0 0.0
9305.0 0.0026154397055506706
9310.0 0.005024864803999662
9315.0 0.00510319834575057
9320.0 0.004931696690618992
9325.0 0.005031284876167774
9330.0 0.005353593733161688
9335.0 0.0055403197184205055
9340.0 0.005235280841588974
9345.0 0.005278763361275196
9350.0 0.0063513172790408134
9355.0 0.0070241838693618774
9360.0 0.007181437220424414
9365.0 0.007727360352873802
9370.0 0.007973728701472282
9375.0 0.009106503799557686
9380.0 0.00996609590947628
9385.0 0.010826922953128815
9390.0 0.012937408871948719
9395.0 0.016015997156500816
9400.0 0.017421096563339233
9405.0 0.0180222000926733
9410.0 0.019371535629034042
9415.0 0.022978289052844048
9420.0 0.02579297125339508
9425.0 0.02629006840288639
9430.0 0.02696128375828266
9435.0 0.03461357578635216
9440.0 0.03879319131374359
9445.0 0.04279382899403572
9450.0 0.054171063005924225
9455.0 0.055969297885894775
9460.0 0.05337448790669441
9465.0 0.0818173810839653
9470.0 0.11583344638347626
9475.0 0.11655283719301224
9480.0 0.10885218530893326
9485.0 0.16365548968315125
9490.0 0.24038541316986084
9495.0 0.22930794954299927
9500.0 0.21254825592041016
9505.0 0.302756667137146
9510.0 0.4218330383300781
9515.0 0.4564104378223419
9520.0 0.4408836364746094
9525.0 0.4617791771888733
9530.0 0.533003032207489
9535.0 0.5744718909263611
9540.0 0.6004641056060791
9545.0 0.6112387776374817
9550.0 0.6359571218490601
9555.0 0.6314817667007446
9560.0 0.6265091300010681
9565.0 0.6343194246292114
9570.0 0.6466626524925232
9575.0 0.6942645907402039
9580.0 0.6991813778877258
9585.0 0.6775621175765991
9590.0 0.6591218113899231
9595.0 0.6457210183143616
9600.0 0.6695234179496765
9605.0 0.6897007822990417
9610.0 0.7037086486816406
9615.0 0.7176323533058167
9620.0 0.7015125155448914
9625.0 0.6730291843414307
9630.0 0.6955047845840454
9635.0 0.7172999382019043
9640.0 0.7082836627960205
9645.0 0.7082362174987793
9650.0 0.720049262046814
9655.0 0.7385849356651306
9660.0 0.7253896594047546
9665.0 0.6991885304450989
9670.0 0.7099026441574097
9675.0 0.7551756501197815
9680.0 0.7692443132400513
9685.0 0.7544503211975098
9690.0 0.7621618509292603
9695.0 0.770442545413971
9700.0 0.7625810503959656
9705.0 0.7584683299064636
9710.0 0.7652121186256409
9715.0 0.7546941637992859
9720.0 0.7483945488929749
9725.0 0.7435253858566284
9730.0 0.7317689657211304
9735.0 0.7232453227043152
9740.0 0.7186130285263062
9745.0 0.7093872427940369
9750.0 0.7012072205543518
9755.0 0.7016359567642212
9760.0 0.696881890296936
9765.0 0.701360821723938
9770.0 0.7165625095367432
9775.0 0.7215787172317505
9780.0 0.7125586867332458
9785.0 0.7058942914009094
9790.0 0.7025246024131775
9795.0 0.6977499127388
9800.0 0.6990990042686462
9805.0 0.7007803320884705
9810.0 0.7133757472038269
9815.0 0.7150473594665527
9820.0 0.7096580862998962
9825.0 0.7028473019599915
9830.0 0.6990844011306763
9835.0 0.703956127166748
9840.0 0.705615758895874
9845.0 0.699150025844574
9850.0 0.6922927498817444
9855.0 0.6926444172859192
9860.0 0.6944267153739929
9865.0 0.6922008395195007
9870.0 0.6874059438705444
9875.0 0.681689977645874
9880.0 0.6785138845443726
9885.0 0.6757936477661133
9890.0 0.6717026233673096
9895.0 0.6668078303337097
9900.0 0.6617223620414734
9905.0 0.6579684019088745
9910.0 0.6544710397720337
9915.0 0.6500456929206848
9920.0 0.6455509066581726
9925.0 0.6404741406440735
9930.0 0.6350834965705872
9935.0 0.6317521929740906
9940.0 0.6286655068397522
9945.0 0.625068187713623
9950.0 0.6212807297706604
9955.0 0.6164280772209167
9960.0 0.6117607951164246
9965.0 0.607092559337616
9970.0 0.602302610874176
9975.0 0.5977240800857544
9980.0 0.5930864810943604
9985.0 0.5885080695152283
9990.0 0.583871066570282
9995.0 0.5785788893699646
10000.0 0.5735193490982056
10005.0 0.5688002109527588
10010.0 0.5636224150657654
10015.0 0.5573379993438721
10020.0 0.5510149598121643
10025.0 0.5462440848350525
10030.0 0.5417869091033936
10035.0 0.5363103151321411
10040.0 0.5302978157997131
10045.0 0.5246602296829224
10050.0 0.5191248655319214
10055.0 0.5137850046157837
10060.0 0.5086497068405151
10065.0 0.5034103393554688
10070.0 0.4981696307659149
10075.0 0.4922637343406677
10080.0 0.4862629175186157
10085.0 0.4803144037723541
10090.0 0.474036306142807
10095.0 0.4674934446811676
10100.0 0.4618426263332367
10105.0 0.45645496249198914
10110.0 0.4507334232330322
10115.0 0.4452972114086151
10120.0 0.4397309124469757
10125.0 0.4345178008079529
10130.0 0.42938727140426636
10135.0 0.42367276549339294
10140.0 0.41787347197532654
10145.0 0.41203412413597107
10150.0 0.40631863474845886
10155.0 0.40085533261299133
10160.0 0.3953918218612671
10165.0 0.38996726274490356
10170.0 0.3843875825405121
10175.0 0.3785785734653473
10180.0 0.3728792071342468
10185.0 0.3669532239437103
10190.0 0.3607032597064972
10195.0 0.35506853461265564
10200.0 0.3498933017253876
10205.0 0.3445356488227844
10210.0 0.33907172083854675
10215.0 0.33349764347076416
10220.0 0.32789146900177
10225.0 0.3223519027233124
10230.0 0.3166853189468384
10235.0 0.31096118688583374
10240.0 0.3053048253059387
10245.0 0.3000432252883911
10250.0 0.29471275210380554
10255.0 0.2895354926586151
10260.0 0.2844160795211792
10265.0 0.27932339906692505
10270.0 0.27411890029907227
10275.0 0.2693948745727539
10280.0 0.2648334801197052
10285.0 0.2602701187133789
10290.0 0.25562813878059387
10295.0 0.2505817711353302
10300.0 0.24550767242908478
10305.0 0.24038326740264893
10310.0 0.23523519933223724
10315.0 0.2301943004131317
10320.0 0.22517594695091248
10325.0 0.22015626728534698
10330.0 0.21511396765708923
10335.0 0.2093537300825119
10340.0 0.20363520085811615
10345.0 0.1978955715894699
10350.0 0.1921558380126953
10355.0 0.18616223335266113
10360.0 0.18015030026435852
10365.0 0.17413945496082306
10370.0 0.16814643144607544
10375.0 0.16471348702907562
10380.0 0.16129660606384277
10385.0 0.15786312520503998
10390.0 0.154414102435112
10395.0 0.15213820338249207
10400.0 0.14986230432987213
10405.0 0.14758627116680145
10410.0 0.145310178399086
10415.0 0.14326299726963043
10420.0 0.14120164513587952
10425.0 0.1391545683145523
10430.0 0.13710743188858032
10435.0 0.13501623272895813
10440.0 0.13295204937458038
10445.0 0.13086116313934326
10450.0 0.1287705898284912
10455.0 0.12673215568065643
10460.0 0.1247069388628006
10465.0 0.12268207222223282
10470.0 0.12066962569952011
10475.0 0.1188134104013443
10480.0 0.11694534122943878
10485.0 0.11506607383489609
10490.0 0.11316481977701187
10495.0 0.11103945970535278
10500.0 0.10894849896430969
10505.0 0.10687936097383499
10510.0 0.10478871315717697
10515.0 0.10325881838798523
10520.0 0.10171923786401749
10525.0 0.10018052905797958
10530.0 0.09865260869264603
10535.0 0.09754317998886108
10540.0 0.09642445296049118
10545.0 0.09530636668205261
10550.0 0.0941794216632843
10555.0 0.09342017024755478
10560.0 0.09266147762537003
10565.0 0.09189408272504807
10570.0 0.09112740308046341
10575.0 0.09004554152488708
10580.0 0.08897387981414795
10585.0 0.08789433538913727
10590.0 0.08683355897665024
10595.0 0.08431875705718994
10600.0 0.08183114230632782
10605.0 0.0793444886803627
10610.0 0.07684333622455597
10615.0 0.07183994352817535
10620.0 0.0668327808380127
10625.0 0.061829522252082825
10630.0 0.05683576315641403
10635.0 0.05082888901233673
10640.0 0.044822242110967636
10645.0 0.038829412311315536
10650.0 0.032836802303791046
10655.0 0.028343278914690018
10660.0 0.02385537512600422
10665.0 0.019366521388292313
10670.0 0.01487669162452221
10675.0 0.012598881497979164
10680.0 0.010328179225325584
10685.0 0.008062899112701416
10690.0 0.005788679700344801
10695.0 0.002895851619541645
10700.0 0.0
