speclite/data/filters/decamDR1-r.ecsv
# %ECSV 0.9
# ---
# datatype:
# - {name: wavelength, unit: Angstrom, datatype: float64}
# - {name: response, datatype: float64}
# meta: {airmass: 1.2, band_name: r, description: 'DECam r-band DR1 throughput documented in T. M. C. Abbott et al 2018 ApJS 239 18.
# 
#     DOI:10.3847/1538-4365/aae9f0 = arXiv:1801.03181
# 
#     Represents the total system throughput and average instrumental response across the science CCDs,
# 
#     including a reference airmass 1.2 atmosphere.', group_name: decamDR1, url: 'http://www.ctio.noao.edu/noao/content/DECam-filter-information'}
# schema: astropy-2.0
wavelength response
5400.0 0.0
5405.0 0.0011467598378658295
5410.0 0.002293227706104517
5415.0 0.002429921878501773
5420.0 0.0025666062720119953
5425.0 0.0027618599124252796
5430.0 0.0029572192579507828
5435.0 0.003151733661070466
5440.0 0.003347280900925398
5445.0 0.0035872492007911205
5450.0 0.0038269641809165478
5455.0 0.00406635319814086
5460.0 0.004306216258555651
5465.0 0.0045548006892204285
5470.0 0.0048050181940197945
5475.0 0.005053387489169836
5480.0 0.0053029609844088554
5485.0 0.0056672594510018826
5490.0 0.0060311732813715935
5495.0 0.006395922973752022
5500.0 0.006760924123227596
5505.0 0.007184483110904694
5510.0 0.0076090311631560326
5515.0 0.008032262325286865
5520.0 0.008457347750663757
5525.0 0.008969872258603573
5530.0 0.009483410976827145
5535.0 0.009997124783694744
5540.0 0.0105109428986907
5545.0 0.011212189681828022
5550.0 0.01191258430480957
5555.0 0.012613237835466862
5560.0 0.013314081355929375
5565.0 0.014247323386371136
5570.0 0.015182011760771275
5575.0 0.01611514575779438
5580.0 0.017049958929419518
5585.0 0.018544957041740417
5590.0 0.020042045041918755
5595.0 0.02153708040714264
5600.0 0.02303197793662548
5605.0 0.026690969243645668
5610.0 0.030354442074894905
5615.0 0.03401758149266243
5620.0 0.037680383771657944
5625.0 0.051191046833992004
5630.0 0.06471504271030426
5635.0 0.07822466641664505
5640.0 0.09172988682985306
5645.0 0.13556018471717834
5650.0 0.17941345274448395
5655.0 0.2232794314622879
5660.0 0.26715996861457825
5665.0 0.33516472578048706
5670.0 0.40314748883247375
5675.0 0.47099798917770386
5680.0 0.5387590527534485
5685.0 0.5704827308654785
5690.0 0.6022964119911194
5695.0 0.6342822313308716
5700.0 0.6664099097251892
5705.0 0.6715461611747742
5710.0 0.6767594814300537
5715.0 0.681563675403595
5720.0 0.686235249042511
5725.0 0.6880075335502625
5730.0 0.6898550391197205
5735.0 0.6917703151702881
5740.0 0.6936201453208923
5745.0 0.6953797936439514
5750.0 0.6973544359207153
5755.0 0.6994681358337402
5760.0 0.7015194892883301
5765.0 0.7031030654907227
5770.0 0.7046146988868713
5775.0 0.7062032222747803
5780.0 0.7079319357872009
5785.0 0.7092078924179077
5790.0 0.710408627986908
5795.0 0.7116811871528625
5800.0 0.7128861546516418
5805.0 0.7151806354522705
5810.0 0.717548668384552
5815.0 0.7199243903160095
5820.0 0.7221499085426331
5825.0 0.7231757044792175
5830.0 0.724126935005188
5835.0 0.7252316474914551
5840.0 0.7261114716529846
5845.0 0.7258346676826477
5850.0 0.7257078886032104
5855.0 0.7254303693771362
5860.0 0.7250047922134399
5865.0 0.7240581512451172
5870.0 0.7231888175010681
5875.0 0.721880316734314
5880.0 0.7200666666030884
5885.0 0.718567967414856
5890.0 0.7172820568084717
5895.0 0.7173701524734497
5900.0 0.7176064848899841
5905.0 0.7202450037002563
5910.0 0.7228860855102539
5915.0 0.7239287495613098
5920.0 0.7244572639465332
5925.0 0.7257459163665771
5930.0 0.7284262180328369
5935.0 0.7300107479095459
5940.0 0.7295463681221008
5945.0 0.7271822690963745
5950.0 0.7279756665229797
5955.0 0.7298651933670044
5960.0 0.7303610444068909
5965.0 0.7307588458061218
5970.0 0.7306458353996277
5975.0 0.7311162948608398
5980.0 0.7318833470344543
5985.0 0.7334556579589844
5990.0 0.7344408631324768
5995.0 0.7357236742973328
6000.0 0.736933708190918
6005.0 0.7381929159164429
6010.0 0.739456057548523
6015.0 0.7405720353126526
6020.0 0.7418400049209595
6025.0 0.7419978380203247
6030.0 0.742229700088501
6035.0 0.7440255284309387
6040.0 0.7459005117416382
6045.0 0.7464227080345154
6050.0 0.7468690872192383
6055.0 0.7473950386047363
6060.0 0.7479992508888245
6065.0 0.7479419112205505
6070.0 0.7479622960090637
6075.0 0.7480601668357849
6080.0 0.7480798959732056
6085.0 0.7487754821777344
6090.0 0.7495497465133667
6095.0 0.750166654586792
6100.0 0.7509416341781616
6105.0 0.7528707385063171
6110.0 0.754647970199585
6115.0 0.7565807700157166
6120.0 0.7583565711975098
6125.0 0.7600398659706116
6130.0 0.7617217898368835
6135.0 0.7634814977645874
6140.0 0.7651664614677429
6145.0 0.7660841345787048
6150.0 0.7669214010238647
6155.0 0.7678402662277222
6160.0 0.7687599062919617
6165.0 0.7698176503181458
6170.0 0.770794689655304
6175.0 0.7717740535736084
6180.0 0.7728340029716492
6185.0 0.7731752991676331
6190.0 0.7736011743545532
6195.0 0.7739469408988953
6200.0 0.7741336822509766
6205.0 0.7746618390083313
6210.0 0.7751902341842651
6215.0 0.7757963538169861
6220.0 0.7762433886528015
6225.0 0.7770192623138428
6230.0 0.7777133584022522
6235.0 0.778489887714386
6240.0 0.779186487197876
6245.0 0.7796834111213684
6250.0 0.7802626490592957
6255.0 0.780764102935791
6260.0 0.7811835408210754
6265.0 0.7816954255104065
6270.0 0.7812684178352356
6275.0 0.7737125754356384
6280.0 0.761759877204895
6285.0 0.7667363882064819
6290.0 0.7751849293708801
6295.0 0.776023805141449
6300.0 0.7778033018112183
6305.0 0.781302809715271
6310.0 0.7841765880584717
6315.0 0.7865844964981079
6320.0 0.7885964512825012
6325.0 0.7900142669677734
6330.0 0.7910335063934326
6335.0 0.7919015288352966
6340.0 0.7924467921257019
6345.0 0.7936607003211975
6350.0 0.79487144947052
6355.0 0.7962485551834106
6360.0 0.7973815202713013
6365.0 0.7987833023071289
6370.0 0.7998602390289307
6375.0 0.801264226436615
6380.0 0.8025850653648376
6385.0 0.8030919432640076
6390.0 0.8034322261810303
6395.0 0.8039392232894897
6400.0 0.8042795062065125
6405.0 0.8049123883247375
6410.0 0.8055436015129089
6415.0 0.8061770796775818
6420.0 0.8067262172698975
6425.0 0.8069702386856079
6430.0 0.8073009252548218
6435.0 0.8074641823768616
6440.0 0.8077120184898376
6445.0 0.8077868223190308
6450.0 0.8078653812408447
6455.0 0.8076975345611572
6460.0 0.8072056770324707
6465.0 0.8068997263908386
6470.0 0.8061824440956116
6475.0 0.8053029179573059
6480.0 0.8056414127349854
6485.0 0.8066673874855042
6490.0 0.8076116442680359
6495.0 0.8083173036575317
6500.0 0.8100771307945251
6505.0 0.8116042017936707
6510.0 0.8114213943481445
6515.0 0.8092032670974731
6520.0 0.8086963891983032
6525.0 0.8120511770248413
6530.0 0.8145155310630798
6535.0 0.8155124187469482
6540.0 0.8166756629943848
6545.0 0.8172004222869873
6550.0 0.8178879618644714
6555.0 0.8192345499992371
6560.0 0.8209094405174255
6565.0 0.8220391273498535
6570.0 0.8230082988739014
6575.0 0.8235609531402588
6580.0 0.824693500995636
6585.0 0.8253976702690125
6590.0 0.8261044025421143
6595.0 0.8268921375274658
6600.0 0.8271821737289429
6605.0 0.8273970484733582
6610.0 0.8276968598365784
6615.0 0.8279944658279419
6620.0 0.8281251192092896
6625.0 0.8278790712356567
6630.0 0.8274657726287842
6635.0 0.8273879885673523
6640.0 0.827056884765625
6645.0 0.8273651599884033
6650.0 0.8276735544204712
6655.0 0.828066885471344
6660.0 0.8283753991127014
6665.0 0.8296257853507996
6670.0 0.8308768272399902
6675.0 0.8321273922920227
6680.0 0.8332964777946472
6685.0 0.8345384001731873
6690.0 0.8356094360351562
6695.0 0.8367658853530884
6700.0 0.8379228115081787
6705.0 0.8383777141571045
6710.0 0.8389179110527039
6715.0 0.839545726776123
6720.0 0.8400011658668518
6725.0 0.8400730490684509
6730.0 0.8400598168373108
6735.0 0.8401315808296204
6740.0 0.8401180505752563
6745.0 0.8400320410728455
6750.0 0.8398573994636536
6755.0 0.839514434337616
6760.0 0.839340329170227
6765.0 0.8394743204116821
6770.0 0.8396082520484924
6775.0 0.8399111032485962
6780.0 0.8400450348854065
6785.0 0.8406781554222107
6790.0 0.8413113355636597
6795.0 0.842117428779602
6800.0 0.842751145362854
6805.0 0.8429615497589111
6810.0 0.8433415293693542
6815.0 0.8437215685844421
6820.0 0.8441016674041748
6825.0 0.844438374042511
6830.0 0.8447751998901367
6835.0 0.8451120257377625
6840.0 0.8452789187431335
6845.0 0.8454890251159668
6850.0 0.8456989526748657
6855.0 0.8457398414611816
6860.0 0.8410425782203674
6865.0 0.7977765202522278
6870.0 0.6910742521286011
6875.0 0.6409481167793274
6880.0 0.6981828212738037
6885.0 0.7456862926483154
6890.0 0.7329554557800293
6895.0 0.7324213981628418
6900.0 0.7499873042106628
6905.0 0.7638219594955444
6910.0 0.7799274921417236
6915.0 0.7923136353492737
6920.0 0.8030146956443787
6925.0 0.814056932926178
6930.0 0.822422444820404
6935.0 0.8258810639381409
6940.0 0.826638400554657
6945.0 0.8283467888832092
6950.0 0.8312533497810364
6955.0 0.8329071402549744
6960.0 0.8326244950294495
6965.0 0.8364210724830627
6970.0 0.840978741645813
6975.0 0.8419041633605957
6980.0 0.8411407470703125
6985.0 0.8389393091201782
6990.0 0.8358058929443359
6995.0 0.8358827233314514
7000.0 0.8375664949417114
7005.0 0.8379743695259094
7010.0 0.837958812713623
7015.0 0.8385338187217712
7020.0 0.8391114473342896
7025.0 0.8379369974136353
7030.0 0.837776243686676
7035.0 0.8393841981887817
7040.0 0.8379506468772888
7045.0 0.8363696336746216
7050.0 0.8347033262252808
7055.0 0.8326172828674316
7060.0 0.8314517140388489
7065.0 0.8279370069503784
7070.0 0.8244166970252991
7075.0 0.8203124403953552
7080.0 0.8162057995796204
7085.0 0.8103771805763245
7090.0 0.8042961955070496
7095.0 0.7979681491851807
7100.0 0.7912402749061584
7105.0 0.7855116128921509
7110.0 0.7800124287605286
7115.0 0.7745093703269958
7120.0 0.7688459753990173
7125.0 0.7383070588111877
7130.0 0.7075590491294861
7135.0 0.6771730780601501
7140.0 0.6467143297195435
7145.0 0.5757999420166016
7150.0 0.5048301219940186
7155.0 0.4342590272426605
7160.0 0.36330172419548035
7165.0 0.304353803396225
7170.0 0.2439115345478058
7175.0 0.18541592359542847
7180.0 0.12988398969173431
7185.0 0.10621757805347443
7190.0 0.08362510800361633
7195.0 0.062101978808641434
7200.0 0.04045688360929489
7205.0 0.03360246494412422
7210.0 0.026988647878170013
7215.0 0.020026003941893578
7220.0 0.012557176873087883
7225.0 0.011135334149003029
7230.0 0.009611421264708042
7235.0 0.008064379915595055
7240.0 0.006706940941512585
7245.0 0.005676450673490763
7250.0 0.004658037330955267
7255.0 0.0036262727808207273
7260.0 0.0025954630691558123
7265.0 0.002251868834719062
7270.0 0.0019070332637056708
7275.0 0.0015546134673058987
7280.0 0.0012138232123106718
7285.0 0.0010980779770761728
7290.0 0.0009641030919738114
7295.0 0.0008335288730449975
7300.0 0.0007054879679344594
7305.0 0.0006554833380505443
7310.0 0.0006078099249862134
7315.0 0.0005612297100014985
7320.0 0.0005158147541806102
7325.0 0.0004886800888925791
7330.0 0.0004586146678775549
7335.0 0.000426837767008692
7340.0 0.00039591710083186626
7345.0 0.0001981237146537751
7350.0 0.0
