speclite/data/filters/decamDR1noatm-r.ecsv
# %ECSV 0.9
# ---
# datatype:
# - {name: wavelength, unit: Angstrom, datatype: float64}
# - {name: response, datatype: float64}
# meta: {airmass: 0.0, band_name: r, description: 'DECam r-band DR1 throughput documented in T. M. C. Abbott et al 2018 ApJS 239 18.
# 
#     DOI:10.3847/1538-4365/aae9f0 = arXiv:1801.03181
# 
#     Represents the total system throughput and average instrumental response across the science CCDs,
# 
#     without any atmosphere.  Values are multiplied by 0.585 to give
# 
#     a reasonable absolute throughput (from Douglas Tucker private communication).', group_name: decamDR1noatm, url: 'http://www.ctio.noao.edu/noao/content/DECam-filter-information'}
# schema: astropy-2.0
wavelength response
5400.0 0.0
5405.0 0.0008047455116504678
5410.0 0.0016094910889165512
5415.0 0.0017052890148130226
5420.0 0.001801086989293711
5425.0 0.0019375769035716091
5430.0 0.0020740670265717875
5435.0 0.002210560135725242
5440.0 0.0023470530504393194
5445.0 0.0025146332615334018
5450.0 0.002682213707209287
5455.0 0.0028497942141305446
5460.0 0.003017374162516216
5465.0 0.0031906957858698964
5470.0 0.003364017084497331
5475.0 0.0035373354389885286
5480.0 0.003710653920406421
5485.0 0.003964053389470925
5490.0 0.004217452857826685
5495.0 0.00447085226832044
5500.0 0.004724252001646533
5505.0 0.005018857056256295
5510.0 0.005313462404006732
5515.0 0.005608067679804536
5520.0 0.005902672409569336
5525.0 0.00625995879656864
5530.0 0.006617245137206266
5535.0 0.0069745352552369345
5540.0 0.007331825262969387
5545.0 0.007818891105473218
5550.0 0.008305958343222808
5555.0 0.008793024447031835
5560.0 0.009280091027988699
5565.0 0.009930946170694727
5570.0 0.010581802489742309
5575.0 0.01123265827230107
5580.0 0.01188351549168174
5585.0 0.012926158683839272
5590.0 0.01396880199525061
5595.0 0.015011443703544047
5600.0 0.016054085034159386
5605.0 0.01860921892825988
5610.0 0.021164353081825484
5615.0 0.023719486095737038
5620.0 0.026274619961937314
5625.0 0.03570468289898914
5630.0 0.04513474376548236
5635.0 0.054564800904948425
5640.0 0.0639948551789989
5645.0 0.09456737185702377
5650.0 0.12513987317969372
5655.0 0.15571237674064153
5660.0 0.1862848800964216
5665.0 0.23366559546399737
5670.0 0.28104628236401175
5675.0 0.32842697562799256
5680.0 0.37580771277627795
5685.0 0.3981118588205079
5690.0 0.4204160438311224
5695.0 0.4427201738032889
5700.0 0.4650243358399233
5705.0 0.46839693700893775
5710.0 0.4717694554584664
5715.0 0.4751420179042242
5720.0 0.4785146042306564
5725.0 0.4796284665815786
5730.0 0.48074236657264874
5735.0 0.48185626024375067
5740.0 0.4829700946990201
5745.0 0.48411892426657294
5750.0 0.4852677805255051
5755.0 0.48641659673962245
5760.0 0.48756548074447315
5765.0 0.48843877405414216
5770.0 0.48931208485701744
5775.0 0.4901854070822064
5780.0 0.49105867301234374
5785.0 0.4916622824939528
5790.0 0.4922658710362211
5795.0 0.49286946403460186
5800.0 0.49347306096834004
5805.0 0.49483159683486005
5810.0 0.49619012634046106
5815.0 0.4975486900252414
5820.0 0.4989072529827452
5825.0 0.49938439120681594
5830.0 0.4998615065584832
5835.0 0.5003386557956332
5840.0 0.5008157812922307
5845.0 0.5004951835313735
5850.0 0.5001745713208883
5855.0 0.49985394922535864
5860.0 0.49953331784683147
5865.0 0.4989037361373365
5870.0 0.4982741233330602
5875.0 0.49764454025979715
5880.0 0.497014956264453
5885.0 0.4971513455884664
5890.0 0.4972877015610208
5895.0 0.4974240771049282
5900.0 0.49756046078588173
5905.0 0.4986611434410314
5910.0 0.4997617983308893
5915.0 0.5008624670937987
5920.0 0.5019631806643458
5925.0 0.5025813743209236
5930.0 0.503199512824568
5935.0 0.5038176564893349
5940.0 0.5044358352543709
5945.0 0.5043039676693973
5950.0 0.5041720845489536
5955.0 0.5040402316785153
5960.0 0.5039083943402011
5965.0 0.5041645673745364
5970.0 0.5044206499870643
5975.0 0.5046767523721649
5980.0 0.5049329286153269
5985.0 0.5055923382524448
5990.0 0.5062517350771426
5995.0 0.5069110863505525
6000.0 0.5075704492072504
6005.0 0.5082125547240041
6010.0 0.5088546581521922
6015.0 0.5094967275999647
6020.0 0.510138808965907
6025.0 0.5100681550992878
6030.0 0.5099975027784827
6035.0 0.5110498345889771
6040.0 0.5121021728271151
6045.0 0.5122275351820685
6050.0 0.5123528422949667
6055.0 0.5124781654331944
6060.0 0.5126034966036914
6065.0 0.5123289952521237
6070.0 0.5120544872123514
6075.0 0.5117799309923273
6080.0 0.511505478222577
6085.0 0.5116931968063428
6090.0 0.511880973470724
6095.0 0.5120687136277252
6100.0 0.5122564821050163
6105.0 0.5132306231305199
6110.0 0.5142048315644996
6115.0 0.5151790255379393
6120.0 0.5161532011708316
6125.0 0.5170068994860871
6130.0 0.5178606037982291
6135.0 0.5187142769228937
6140.0 0.5195679406101116
6145.0 0.5198998941235383
6150.0 0.5202318735505355
6155.0 0.5205638199262641
6160.0 0.5208957763271489
6165.0 0.5213208856519561
6170.0 0.521746018176944
6175.0 0.5221711864992152
6180.0 0.5225963080509994
6185.0 0.5225922321264767
6190.0 0.5225882486629939
6195.0 0.5225842148920269
6200.0 0.5225802322159198
6205.0 0.5226992358866659
6210.0 0.5228182204436024
6215.0 0.5229372320347055
6220.0 0.5230562885092473
6225.0 0.5233415250107619
6230.0 0.5236266892069187
6235.0 0.5239118797832635
6240.0 0.5241971156152966
6245.0 0.5243490169744706
6250.0 0.5245008591776674
6255.0 0.5246527037581926
6260.0 0.5248045910426883
6265.0 0.525120945560569
6270.0 0.5254373165346362
6275.0 0.5257537033386803
6280.0 0.5260700497662547
6285.0 0.5266159572647868
6290.0 0.527161846177255
6295.0 0.527707786165102
6300.0 0.5282536839577694
6305.0 0.528411156444903
6310.0 0.5285686667719715
6315.0 0.5287261374205967
6320.0 0.5288836485562054
6325.0 0.5289061922853
6330.0 0.5289288054730883
6335.0 0.5289514046836399
6340.0 0.5289739733350382
6345.0 0.5295457131544967
6350.0 0.5301174250490915
6355.0 0.5306891915301523
6360.0 0.5312609213103576
6365.0 0.531847585603406
6370.0 0.5324343127023622
6375.0 0.5330210085975842
6380.0 0.533607649743063
6385.0 0.533649956080302
6390.0 0.5336922625543773
6395.0 0.5337345634897899
6400.0 0.5337768029864358
6405.0 0.5339571184465562
6410.0 0.5341374285411811
6415.0 0.534317743950912
6420.0 0.5344980169018169
6425.0 0.534476116212646
6430.0 0.5344542850441912
6435.0 0.5344323731595707
6440.0 0.5344104837626722
6445.0 0.534330157926108
6450.0 0.5342499065442223
6455.0 0.5341696451373582
6460.0 0.5340893322941598
6465.0 0.5342904560057464
6470.0 0.5344915905760951
6475.0 0.5346926528957437
6480.0 0.534893808390976
6485.0 0.5350146245580669
6490.0 0.5351354500270759
6495.0 0.535256263701684
6500.0 0.5353770754121869
6505.0 0.5353955952080733
6510.0 0.5354140909748242
6515.0 0.5354325912530357
6520.0 0.5354511123185292
6525.0 0.5359784004485263
6530.0 0.5365057097420503
6535.0 0.5370330243666066
6540.0 0.5375603485925279
6545.0 0.5382079877302416
6550.0 0.5388556627930753
6555.0 0.5395033517170903
6560.0 0.5401510939577031
6565.0 0.5403850483745135
6570.0 0.5406190662825503
6575.0 0.5408530470616913
6580.0 0.541087009492776
6585.0 0.5411479055970584
6590.0 0.5412088733778638
6595.0 0.5412698154813509
6600.0 0.5413307419849119
6605.0 0.5412332853037173
6610.0 0.5411357884631294
6615.0 0.5410383250374945
6620.0 0.5409408537277696
6625.0 0.5405966025162805
6630.0 0.5402523544433407
6635.0 0.539908061845937
6640.0 0.5395637886134526
6645.0 0.5395819851509116
6650.0 0.5396002112342757
6655.0 0.5396183476381385
6660.0 0.5396365532187902
6665.0 0.5402681118440971
6670.0 0.5408996697605226
6675.0 0.5415312440199572
6680.0 0.5421628237013315
6685.0 0.5427306942684461
6690.0 0.5432986363397877
6695.0 0.5438665394997458
6700.0 0.5444344405615238
6705.0 0.5446012281389154
6710.0 0.5447681056234478
6715.0 0.5449349453442484
6720.0 0.5451017934864969
6725.0 0.5449644965157806
6730.0 0.5448272456078652
6735.0 0.5446899346962535
6740.0 0.5445526700539448
6745.0 0.5442567414220187
6750.0 0.5439608516830242
6755.0 0.5436649558337618
6760.0 0.5433690704954108
6765.0 0.5433278001479926
6770.0 0.5432865106703113
6775.0 0.5432451986094
6780.0 0.5432039205217066
6785.0 0.5434853797398482
6790.0 0.5437668166484746
6795.0 0.5440482417494313
6800.0 0.5443296670565645
6805.0 0.5444470783333717
6810.0 0.5445644905806906
6815.0 0.5446819219615376
6820.0 0.5447993366592435
6825.0 0.544888696657218
6830.0 0.5449780199671246
6835.0 0.5450674087875059
6840.0 0.5451567783256126
6845.0 0.5451643577662298
6850.0 0.5451718899958673
6855.0 0.5451794493112992
6860.0 0.5451870052269434
6865.0 0.5450388610693278
6870.0 0.5448907152421689
6875.0 0.5447425959996238
6880.0 0.5445944594448318
6885.0 0.5445020268541999
6890.0 0.5444096052648009
6895.0 0.544317181150455
6900.0 0.5442247689705302
6905.0 0.5438733036473585
6910.0 0.5435219023918357
6915.0 0.5431704379220699
6920.0 0.5428190018204107
6925.0 0.5426493706729905
6930.0 0.5424797319607209
6935.0 0.5423101344456586
6940.0 0.5421405099666925
6945.0 0.5419981039286563
6950.0 0.5418556947832411
6955.0 0.541713295202874
6960.0 0.541570881031808
6965.0 0.5413885807420807
6970.0 0.5412062464412142
6975.0 0.5410239420569026
6980.0 0.5408416512116677
6985.0 0.5409297118385817
6990.0 0.5410177609701855
6995.0 0.5411057857041707
7000.0 0.5411938314314877
7005.0 0.5413313258947726
7010.0 0.5414688588709666
7015.0 0.541606353850398
7020.0 0.5417439265645057
7025.0 0.5409146615059256
7030.0 0.5400853775133433
7035.0 0.539256093425986
7040.0 0.5384267535084573
7045.0 0.5372320923521376
7050.0 0.5360373942593502
7055.0 0.5348427116266594
7060.0 0.5336480466556724
7065.0 0.5308968595538938
7070.0 0.5281457251670375
7075.0 0.5253945707445608
7080.0 0.5226434379075816
7085.0 0.5184789421983205
7090.0 0.5143144138356059
7095.0 0.5101498930200979
7100.0 0.5059854353718448
7105.0 0.5022058861272787
7110.0 0.49842635508564354
7115.0 0.4946468319373155
7120.0 0.49086730691295555
7125.0 0.47140245858841845
7130.0 0.4519375955439194
7135.0 0.4324728023698633
7140.0 0.41300796938349177
7145.0 0.3679685314667101
7150.0 0.3229290494089601
7155.0 0.2778895902707502
7160.0 0.23285012327250662
7165.0 0.19648714450938834
7170.0 0.16012415715997474
7175.0 0.12376117724196188
7180.0 0.08739820794648037
7185.0 0.07247466257787707
7190.0 0.05755111793564759
7195.0 0.042627572283960614
7200.0 0.02770402717125492
7205.0 0.022801420746298744
7210.0 0.017898816412141704
7215.0 0.012996207259673149
7220.0 0.008093596721778009
7225.0 0.007195207363814013
7230.0 0.006296817714087129
7235.0 0.005398427831311659
7240.0 0.004500037713492527
7245.0 0.0038029309891847948
7250.0 0.0031058242501654913
7255.0 0.0024087173749329054
7260.0 0.0017116102965302415
7265.0 0.0014857620644962613
7270.0 0.001259913938484584
7275.0 0.001034062709160558
7280.0 0.0008082114990214747
7285.0 0.0007211346539405455
7290.0 0.0006340577843978058
7295.0 0.0005469778566832798
7300.0 0.0004598979857472171
7305.0 0.00042847972418703884
7310.0 0.0003970614409966033
7315.0 0.00036564316184327535
7320.0 0.00033422494019972975
7325.0 0.0003138089998099474
7330.0 0.00029339304891837703
7335.0 0.0002729740670795239
7340.0 0.0002525550756527747
7345.0 0.00012627753834342637
7350.0 0.0
