speclite/data/filters/Euclid-H.ecsv
# %ECSV 0.9
# ---
# datatype:
# - {name: wavelength, unit: Angstrom, datatype: float64}
# - {name: response, datatype: float64}
# meta: !!omap
# - {band_name: H}
# - {group_name: Euclid}
# - __serialized_columns__:
#     wavelength:
#       __class__: astropy.units.quantity.Quantity
#       value: !astropy.table.SerializedColumn {name: wavelength}
# schema: astropy-2.0
wavelength response
3819.9999999999995 0.0
3829.9999999999995 4.2704677113e-12
3839.999999999999 2.4707538395e-11
3849.999999999999 0.0
3859.999999999999 0.0
3869.999999999999 0.0
3879.999999999999 0.0
3889.999999999999 0.0
3899.999999999999 0.0
3909.999999999999 0.0
3919.999999999999 0.0
3929.999999999999 0.0
3939.999999999999 3.20565432488e-12
3949.999999999999 0.0
3959.999999999999 0.0
3969.999999999999 0.0
3979.999999999999 0.0
3989.999999999999 0.0
3999.999999999999 0.0
4009.999999999999 0.0
4019.999999999999 0.0
4029.999999999999 0.0
4039.999999999999 0.0
4049.999999999999 0.0
4059.999999999999 0.0
4069.999999999999 0.0
4079.999999999999 0.0
4089.999999999999 0.0
4099.999999999999 0.0
4109.999999999999 0.0
4119.999999999999 0.0
4129.999999999999 0.0
4139.999999999999 0.0
4149.999999999999 0.0
4159.999999999999 0.0
4169.999999999999 0.0
4179.999999999999 0.0
4189.999999999999 0.0
4199.999999999999 1.7554446621999999e-15
4209.999999999999 0.0
4219.999999999999 0.0
4229.999999999999 0.0
4239.999999999999 0.0
4249.999999999999 0.0
4259.999999999999 0.0
4269.999999999999 0.0
4279.999999999999 0.0
4289.999999999999 0.0
4299.999999999999 0.0
4309.999999999999 0.0
4319.999999999999 0.0
4329.999999999999 0.0
4339.999999999999 0.0
4349.999999999999 0.0
4359.999999999999 0.0
4369.999999999999 0.0
4379.999999999999 0.0
4389.999999999999 0.0
4399.999999999999 0.0
4409.999999999999 0.0
4419.999999999999 0.0
4429.999999999999 0.0
4439.999999999999 0.0
4449.999999999999 4.379982153384e-11
4459.999999999999 0.0
4469.999999999999 0.0
4479.999999999999 0.0
4489.999999999999 0.0
4499.999999999999 0.0
4509.999999999999 0.0
4519.999999999999 0.0
4529.999999999999 0.0
4539.999999999999 0.0
4549.999999999999 0.0
4559.999999999999 0.0
4569.999999999999 0.0
4579.999999999999 0.0
4589.999999999999 0.0
4599.999999999999 0.0
4609.999999999999 1.1487515087336e-10
4619.999999999999 0.0
4629.999999999999 0.0
4639.999999999999 0.0
4649.999999999999 0.0
4659.999999999999 0.0
4669.999999999999 0.0
4679.999999999999 0.0
4689.999999999999 0.0
4699.999999999999 0.0
4709.999999999999 0.0
4719.999999999999 0.0
4729.999999999999 0.0
4739.999999999999 0.0
4749.999999999999 0.0
4759.999999999999 0.0
4769.999999999999 0.0
4779.999999999999 0.0
4789.999999999999 0.0
4799.999999999999 0.0
4809.999999999999 0.0
4819.999999999999 0.0
4829.999999999999 0.0
4839.999999999999 0.0
4849.999999999999 0.0
4859.999999999999 2.2772272419132e-08
4869.999999999999 0.0
4879.999999999999 0.0
4889.999999999999 0.0
4899.999999999999 0.0
4909.999999999999 0.0
4919.999999999999 0.0
4929.999999999999 0.0
4939.999999999999 0.0
4949.999999999999 0.0
4959.999999999999 0.0
4969.999999999999 0.0
4979.999999999999 0.0
4989.999999999999 0.0
4999.999999999999 0.0
5009.999999999999 0.0
5019.999999999999 0.0
5029.999999999999 2.9012221162884e-09
5039.999999999999 0.0
5049.999999999999 0.0
5059.999999999999 0.0
5069.999999999999 0.0
5079.999999999999 0.0
5089.999999999999 0.0
5099.999999999999 0.0
5109.999999999999 0.0
5119.999999999999 0.0
5129.999999999999 0.0
5139.999999999999 0.0
5149.999999999999 0.0
5159.999999999999 0.0
5169.999999999999 0.0
5179.999999999999 0.0
5189.999999999999 0.0
5199.999999999999 0.0
5209.999999999999 0.0
5219.999999999999 0.0
5229.999999999999 0.0
5239.999999999999 0.0
5249.999999999999 8.05662960057e-11
5259.999999999999 0.0
5269.999999999999 0.0
5279.999999999999 0.0
5289.999999999999 0.0
5299.999999999999 0.0
5309.999999999999 0.0
5319.999999999999 6.9292190036802e-11
5329.999999999999 0.0
5339.999999999999 0.0
5349.999999999999 0.0
5359.999999999999 0.0
5369.999999999999 0.0
5379.999999999999 4.4101449633938995e-10
5389.999999999999 0.0
5399.999999999999 0.0
5409.999999999999 0.0
5419.999999999999 0.0
5429.999999999999 0.0
5439.999999999999 0.0
5449.999999999999 0.0
5459.999999999999 3.6253934666300003e-12
5469.999999999999 0.0
5479.999999999999 0.0
5489.999999999999 0.0
5499.999999999999 9.065467587e-15
5509.999999999999 3.927223872e-15
5519.999999999999 0.0
5529.999999999999 1.2201358435e-15
5539.999999999999 1.7866845504000002e-15
5549.999999999999 6.558034954e-16
5559.999999999999 1.0170703035e-15
5569.999999999999 4.3388381959999997e-13
5579.999999999999 1.4191840626999999e-14
5589.999999999999 8.914813138000001e-13
5599.999999999999 6.183446685e-15
5609.999999999999 3.3278574384e-15
5619.999999999999 4.9490548128e-15
5629.999999999999 1.5138161442e-14
5639.999999999999 1.8828437319e-12
5649.999999999999 8.48389997e-15
5659.999999999999 3.85341237e-15
5669.999999999999 1.0130864432e-14
5679.999999999999 1.0875289659e-13
5689.999999999999 4.575201521e-13
5699.999999999999 2.0721278889999998e-13
5709.999999999999 4.9295887505e-13
5719.999999999999 8.769112112000002e-12
5729.999999999999 2.5458850032e-12
5739.999999999999 2.2254488892e-12
5749.999999999999 1.581303921e-11
5759.999999999999 2.2084121971e-13
5769.999999999999 1.8004001874e-14
5779.999999999999 7.741304406000001e-15
5789.999999999999 4.5707862679999995e-14
5799.999999999999 1.7668697024e-15
5809.999999999999 4.356164229e-16
5819.999999999999 6.985413792000001e-17
5829.999999999999 1.2199442584e-16
5839.999999999999 0.0
5849.999999999999 1.8575410400000002e-16
5859.999999999999 0.0
5869.999999999999 0.0
5879.999999999999 0.0
5889.999999999999 3.207077964e-16
5899.999999999999 1.3432706328e-15
5909.999999999999 1.364239558e-16
5919.999999999999 0.0
5929.999999999999 0.0
5939.999999999999 3.477795234e-16
5949.999999999999 3.3077539508e-15
5959.999999999999 2.7204341339999996e-15
5969.999999999999 6.941021734e-15
5979.999999999999 2.5865663502e-14
5989.999999999999 2.3085592760000003e-13
5999.999999999999 2.2027304700000001e-10
6009.999999999999 4.885195440000001e-13
6019.999999999999 2.0740865143e-13
6029.999999999999 7.285804683000001e-13
6039.999999999999 3.6826726313000004e-14
6049.999999999999 1.2842121095999999e-14
6059.999999999999 0.0
6069.999999999999 0.0
6079.999999999999 1.6979920614000002e-15
6089.999999999999 1.88832023e-15
6099.999999999999 2.524510888e-14
6109.999999999999 6.910159501e-14
6119.999999999999 9.696892667e-15
6129.999999999999 1.542439192e-13
6139.999999999999 4.8976027248e-13
6149.999999999999 7.302987704e-14
6159.999999999999 6.764183616e-13
6169.999999999999 3.8696133825e-11
6179.999999999999 9.713898889999999e-12
6189.999999999999 4.258681644e-11
6199.999999999999 3.0681119805e-13
6209.999999999999 1.5951890526e-14
6219.999999999999 8.960298578e-15
6229.999999999999 0.0
6239.999999999999 0.0
6249.999999999999 0.0
6259.999999999999 2.4400928657e-14
6269.999999999999 1.3460495436e-13
6279.999999999999 5.675865216e-12
6289.999999999999 9.15723952e-14
6299.999999999999 2.1553486649999997e-13
6309.999999999999 5.709081255e-14
6319.999999999999 5.468799504e-15
6329.999999999999 6.880480588e-16
6339.999999999999 0.0
6349.999999999999 1.3434273106e-15
6359.999999999999 7.337170498e-15
6369.999999999999 2.0649327367999997e-14
6379.999999999999 3.0289754848e-15
6389.999999999999 0.0
6399.999999999999 0.0
6409.999999999999 0.0
6419.999999999999 3.1198243608e-14
6429.999999999999 2.3724753532e-13
6439.999999999999 4.386170544e-13
6449.999999999999 5.057781975e-14
6459.999999999999 5.717323332e-14
6469.999999999999 1.1443201275e-12
6479.999999999999 9.5555239e-14
6489.999999999999 3.43188537e-14
6499.999999999999 2.3495745431999998e-14
6509.999999999999 3.9469527344000006e-14
6519.999999999999 1.319319932e-13
6529.999999999999 1.0124799166e-12
6539.999999999999 1.2046042449000001e-12
6549.999999999999 3.2523566086e-13
6559.999999999999 5.4684554014e-13
6569.999999999999 1.07547325e-12
6579.999999999999 3.6721268785e-14
6589.999999999999 0.0
6599.999999999999 0.0
6609.999999999999 0.0
6619.999999999999 0.0
6629.999999999999 0.0
6639.999999999999 0.0
6649.999999999999 0.0
6659.999999999999 1.3531978572e-14
6669.999999999999 3.781775498e-13
6679.999999999999 2.5848359778e-14
6689.999999999999 1.8264897699999999e-13
6699.999999999999 1.6847786354e-12
6709.999999999999 3.4443891658e-13
6719.999999999999 1.1027104452e-13
6729.999999999999 3.0230786949999996e-13
6739.999999999999 3.26799915e-10
6749.999999999999 1.4794453209999999e-13
6759.999999999999 3.42553282e-14
6769.999999999999 6.963444488e-14
6779.999999999999 2.168043928e-14
6789.999999999999 3.717073635e-14
6799.999999999999 4.4640101279999994e-14
6809.999999999999 3.266081945e-13
6819.999999999999 7.710592905e-14
6829.999999999999 7.370176594e-15
6839.999999999999 4.637468662e-15
6849.999999999999 2.93371706e-14
6859.999999999999 5.125258214000001e-15
6869.999999999999 1.829344985e-14
6879.999999999999 1.2224086791e-12
6889.999999999999 4.302475701e-15
6899.999999999999 1.7536966501e-14
6909.999999999999 0.0
6919.999999999999 1.7732686824e-14
6929.999999999999 1.5739144035e-13
6939.999999999999 2.6464388339999996e-12
6949.999999999999 2.0485903848e-12
6959.999999999999 3.5507715222e-13
6969.999999999999 2.5215730392e-13
6979.999999999999 5.845393554e-13
6989.999999999999 1.068218823e-12
6999.999999999999 2.948178624e-12
7009.999999999999 1.803074094e-11
7019.999999999999 1.3913205824e-10
7029.999999999999 1.2097923894000001e-11
7039.999999999999 5.5584455904e-12
7049.999999999999 7.0549033190999994e-12
7059.999999999999 3.704956376e-12
7069.999999999999 1.1645308204e-12
7079.999999999999 3.249972858e-13
7089.999999999999 1.8485209319999998e-13
7099.999999999999 2.7370317e-14
7109.999999999999 2.364903441e-13
7119.999999999999 0.0
7129.999999999999 0.0
7139.999999999999 0.0
7149.999999999999 5.8940961e-13
7159.999999999999 0.0
7169.999999999999 1.1409094839999999e-11
7179.999999999999 4.212723021e-12
7189.999999999999 7.958141053e-13
7199.999999999999 1.7988964729999998e-12
7209.999999999999 8.359840875999999e-13
7219.999999999999 8.98841463e-14
7229.999999999999 9.119174506000001e-13
7239.999999999999 7.873835574e-13
7249.999999999999 1.2456970388e-12
7259.999999999999 2.450820608e-14
7269.999999999999 5.234919424e-14
7279.999999999999 8.744704520999999e-14
7289.999999999999 3.0402422940000003e-15
7299.999999999999 1.615671064e-15
7309.999999999999 1.0814397047999999e-13
7319.999999999999 5.5229761908e-13
7329.999999999999 0.0
7339.999999999999 7.888936049999999e-15
7349.999999999999 0.0
7359.999999999999 1.1684273364000002e-13
7369.999999999999 1.5075739735e-14
7379.999999999999 1.9673403540000002e-14
7389.999999999999 1.819069142e-14
7399.999999999999 1.629319923e-13
7409.999999999999 1.1036799152e-13
7419.999999999999 0.0
7429.999999999999 3.660237064e-12
7439.999999999999 1.630273872e-09
7449.999999999999 1.3125731479999998e-11
7459.999999999999 3.3830207604e-12
7469.999999999999 7.203658668e-13
7479.999999999999 6.107935143399999e-13
7489.999999999999 0.0
7499.999999999999 0.0
7509.999999999999 6.915256475e-12
7519.999999999999 0.0
7529.999999999999 3.556115034e-12
7539.999999999999 1.2931964176e-11
7549.999999999999 0.0
7559.999999999999 5.067534578e-14
7569.999999999999 2.1640099084999998e-13
7579.999999999999 0.0
7589.999999999999 1.3183380696e-14
7599.999999999999 4.49947344e-13
7609.999999999999 3.7105139804e-12
7619.999999999999 1.2583292490999998e-13
7629.999999999999 1.2544152908e-15
7639.999999999999 0.0
7649.999999999999 0.0
7659.999999999999 0.0
7669.999999999999 0.0
7679.999999999998 0.0
7689.999999999998 0.0
7699.999999999998 0.0
7709.999999999998 0.0
7719.999999999998 0.0
7729.999999999998 0.0
7739.999999999998 0.0
7749.999999999998 0.0
7759.999999999998 0.0
7769.999999999998 7.721935806e-16
7779.999999999998 0.0
7789.999999999998 3.963460006e-14
7799.999999999998 5.3216425499999996e-14
7809.999999999998 4.1461969499999996e-14
7819.999999999998 3.2281873562000003e-13
7829.999999999998 4.58776008e-13
7839.999999999998 1.5311649084e-13
7849.999999999998 0.0
7859.999999999998 3.881875217999999e-15
7869.999999999998 4.590795724000001e-15
7879.999999999998 1.1006534416000001e-14
7889.999999999998 2.1228337092000002e-14
7899.999999999998 0.0
7909.999999999998 7.14861896e-16
7919.999999999998 9.931680908e-16
7929.999999999998 0.0
7939.999999999998 0.0
7949.999999999998 3.7513245000000005e-16
7959.999999999998 1.929525356e-14
7969.999999999998 1.0738375403e-13
7979.999999999998 1.136975995e-13
7989.999999999998 1.9060960438e-13
7999.999999999998 2.3560488287999995e-13
8009.999999999998 1.276791579e-13
8019.999999999998 1.1062578504e-13
8029.999999999998 2.091927789e-14
8039.999999999998 4.9278455288e-14
8049.999999999998 2.7581542499999996e-13
8059.999999999998 0.0
8069.999999999998 4.599237387e-13
8079.999999999998 7.827011742e-13
8089.999999999998 1.7634333716999999e-13
8099.999999999998 0.0
8109.999999999998 0.0
8119.999999999998 8.194300624e-13
8129.999999999998 8.025971844e-13
8139.999999999998 2.6733473471999995e-12
8149.999999999998 8.34735489e-13
8159.999999999998 0.0
8169.999999999998 8.87818666e-14
8179.999999999998 0.0
8189.999999999998 3.1933755097e-12
8199.999999999998 0.0
8209.999999999998 0.0
8219.999999999998 0.0
8229.999999999998 4.358614452e-12
8239.999999999998 3.4694546270000003e-11
8249.999999999998 2.843079503e-11
8259.999999999998 1.0399218136999999e-11
8269.999999999998 5.3081504520000004e-11
8279.999999999998 3.0197673000000004e-11
8289.999999999998 0.0
8299.999999999998 7.061807193e-13
8309.999999999998 0.0
8319.999999999998 8.6217936518e-12
8329.999999999998 7.132699098e-11
8339.999999999998 4.294728606e-11
8349.999999999998 5.67747453e-11
8359.999999999998 2.9100822076e-12
8369.999999999998 4.3823156532999996e-11
8379.999999999998 7.933000952399999e-12
8389.999999999998 5.7111235259999996e-12
8399.999999999998 0.0
8409.999999999998 1.3150858640000001e-11
8419.999999999998 7.6836090504e-12
8429.999999999998 2.7055569520000002e-11
8439.999999999998 0.0
8449.999999999998 0.0
8459.999999999998 0.0
8469.999999999998 3.182309522e-11
8479.999999999998 1.5545707837e-10
8489.999999999998 1.4287191204e-10
8499.999999999998 0.0
8509.999999999998 1.7746220646e-11
8519.999999999998 0.0
8529.999999999998 0.0
8539.999999999998 0.0
8549.999999999998 1.6358696693999996e-11
8559.999999999998 5.3477179336e-12
8569.999999999998 0.0
8579.999999999998 0.0
8589.999999999998 0.0
8599.999999999998 1.876441125e-11
8609.999999999998 3.253410075e-11
8619.999999999998 9.118086419999999e-11
8629.999999999998 3.809206218e-12
8639.999999999998 0.0
8649.999999999998 5.759517632e-12
8659.999999999998 1.237402278e-12
8669.999999999998 6.325090593e-11
8679.999999999998 0.0
8689.999999999998 0.0
8699.999999999998 0.0
8709.999999999998 0.0
8719.999999999998 1.3571805984e-11
8729.999999999998 0.0
8739.999999999998 8.053088092e-12
8749.999999999998 3.1158870984e-11
8759.999999999998 8.708052872e-11
8769.999999999998 5.3599501439999996e-11
8779.999999999998 5.73080508e-11
8789.999999999998 2.6309348630000003e-12
8799.999999999998 2.8351018269000002e-11
8809.999999999998 5.3174061967999996e-11
8819.999999999998 1.8231826389e-11
8829.999999999998 0.0
8839.999999999998 4.5683406890000003e-11
8849.999999999998 0.0
8859.999999999998 6.987363314e-12
8869.999999999998 1.590854016e-11
8879.999999999998 1.630963944e-12
8889.999999999998 0.0
8899.999999999998 0.0
8909.999999999998 0.0
8919.999999999998 0.0
8929.999999999998 7.414906254e-12
8939.999999999998 1.5692691350000002e-13
8949.999999999998 0.0
8959.999999999998 2.855624055e-10
8969.999999999998 0.0
8979.999999999998 8.006243951999999e-14
8989.999999999998 3.3226097382e-13
8999.999999999998 0.0
9009.999999999998 0.0
9019.999999999998 1.6872729119999999e-13
9029.999999999998 1.704549322e-14
9039.999999999998 1.1516386807e-13
9049.999999999998 0.0
9059.999999999998 0.0
9069.999999999998 0.0
9079.999999999998 0.0
9089.999999999998 0.0
9099.999999999998 0.0
9109.999999999998 0.0
9119.999999999998 0.0
9129.999999999998 0.0
9139.999999999998 0.0
9149.999999999998 0.0
9159.999999999998 0.0
9169.999999999998 0.0
9179.999999999998 0.0
9189.999999999998 0.0
9199.999999999998 0.0
9209.999999999998 0.0
9219.999999999998 0.0
9229.999999999998 0.0
9239.999999999998 0.0
9249.999999999998 0.0
9259.999999999998 0.0
9269.999999999998 0.0
9279.999999999998 0.0
9289.999999999998 0.0
