speclite/data/filters/Euclid-H.ecsv
# %ECSV 0.9
# ---
# datatype:
# - {name: wavelength, unit: Angstrom, datatype: float64}
# - {name: response, datatype: float64}
# meta: !!omap
# - {band_name: H}
# - {group_name: Euclid}
# - __serialized_columns__:
#     wavelength:
#       __class__: astropy.units.quantity.Quantity
#       value: !astropy.table.SerializedColumn {name: wavelength}
# schema: astropy-2.0
wavelength response
[from data line 1424]
18059.999999999996 0.7231692482352
18069.999999999996 0.72349721173044
18079.999999999996 0.72473744840188
18089.999999999996 0.7237003813299
18099.999999999996 0.72376494996278
18109.999999999996 0.72393062599
18119.999999999996 0.7238081083428
18129.999999999996 0.72374968188756
18139.999999999996 0.7236306958584
18149.999999999996 0.72384004236096
18159.999999999996 0.7239044272085601
18169.999999999996 0.72398469668074
18179.999999999996 0.7245787144926
18189.999999999996 0.7248755539123
18199.999999999996 0.7254271628782499
18209.999999999996 0.72467951976555
18219.999999999996 0.72491338967676
18229.999999999996 0.7258635415043
18239.999999999996 0.72580227007536
18249.999999999996 0.7253947504918801
18259.999999999996 0.7267779350122501
18269.999999999996 0.7270672521064
18279.999999999996 0.7280045178812999
18289.999999999996 0.72697533940152
18299.999999999996 0.7262298328630401
18309.999999999996 0.7275150828087
18319.999999999996 0.7276943452662
18329.999999999996 0.72847318035941
18339.999999999996 0.72809969195712
18349.999999999996 0.72871780771153
18359.999999999996 0.7277115601527
18369.999999999996 0.72729736537632
18379.999999999996 0.7277186906659799
18389.999999999996 0.7263390571680001
18399.999999999996 0.7261874500275001
18409.999999999996 0.7269039968355001
18419.999999999996 0.72576037501736
18429.999999999996 0.725237155872
18439.999999999996 0.7245873961311601
18449.999999999996 0.7239492467041
18459.999999999996 0.7222849648043
18469.999999999996 0.72231273165248
18479.999999999996 0.7224313726015901
18489.999999999996 0.7210574767404001
18499.999999999996 0.72155422257424
18509.999999999996 0.72179848553934
18519.999999999996 0.72137086557354
18529.999999999996 0.72007719867985
18539.999999999996 0.7198141270573001
18549.999999999996 0.71977056693504
18559.999999999996 0.7193683404446
18569.999999999996 0.71882419617375
18579.999999999996 0.71960643916334
18589.999999999996 0.7192604048011201
18599.999999999996 0.71883299389874
18609.999999999996 0.7196514810294401
18619.999999999996 0.7198807324668
18629.999999999996 0.72074523585648
18639.999999999996 0.72024383745704
18649.999999999996 0.72078663911919
18659.999999999996 0.72159565920201
18669.999999999996 0.7211156664593901
18679.999999999996 0.7197181734942
18689.999999999996 0.72053453493106
18699.999999999996 0.7209238784383201
18709.999999999996 0.720178475181
18719.999999999996 0.7201221781613
18729.999999999996 0.71924566978224
18739.999999999996 0.71905215843018
18749.999999999996 0.72101796371136
18759.999999999996 0.72082936911087
18769.999999999996 0.71950584839263
18779.999999999996 0.71969471933378
18789.999999999996 0.72004869405873
18799.999999999996 0.7193236817984
18809.999999999996 0.7180517109427199
18819.999999999996 0.71731157963839
18829.999999999996 0.71712672098841
18839.999999999996 0.7173098167190199
18849.999999999996 0.716503076464
18859.999999999996 0.7167514299768001
18869.999999999996 0.71630739870311
18879.999999999996 0.7158172307406
18889.999999999996 0.71433269921146
18899.999999999996 0.7134296334183
18909.999999999996 0.71414590851411
18919.999999999996 0.71443675187835
18929.999999999996 0.7146179337384501
18939.999999999996 0.71476236639848
18949.999999999996 0.7153768249815999
18959.999999999996 0.7153915993892
18969.999999999996 0.71454830793844
18979.999999999996 0.71352208777454
18989.999999999996 0.71371764883998
18999.999999999996 0.71546594264857
19009.999999999996 0.7147649146774501
19019.999999999996 0.71505106446999
19029.999999999996 0.71530564505974
19039.999999999996 0.7154309804235001
19049.999999999996 0.71616753193172
19059.999999999996 0.7165543402619999
19069.999999999996 0.7167705598581
19079.999999999996 0.71746492116009
19089.999999999996 0.71743301613333
19099.999999999996 0.7172790494113
19109.999999999996 0.7173884792466
19119.999999999996 0.7158500472123001
19129.999999999996 0.7168925772918799
19139.999999999996 0.7167328354113199
19149.999999999996 0.7160736530855201
19159.999999999996 0.71636284964615
19169.999999999996 0.71572736153145
19179.999999999996 0.7155459250125
19189.999999999996 0.71440231363916
19199.999999999996 0.71422825035924
19209.999999999996 0.7142218971144
19219.999999999996 0.7132231523274
19229.999999999996 0.7125379503555801
19239.999999999996 0.71033588068457
19249.999999999996 0.710915770518
19259.999999999996 0.7117074647168
19269.999999999996 0.71067578373369
19279.999999999996 0.7078785868895
19289.999999999996 0.7086880081928899
19299.999999999996 0.7087520092386499
19309.999999999996 0.7093810658575199
19319.999999999996 0.70909575364485
19329.999999999996 0.707432968836
19339.999999999996 0.7091708477253
19349.999999999996 0.7073971557341999
19359.999999999996 0.70734983414186
19369.999999999996 0.7060585589564
19379.999999999996 0.70615691375432
19389.999999999996 0.70598191704144
19399.999999999996 0.70531984030414
19409.999999999996 0.70557115514358
19419.999999999996 0.7056375832617
19429.999999999996 0.7044596075678401
19439.999999999996 0.70435205553246
19449.999999999996 0.7036925276595299
19459.999999999996 0.70389060845665
19469.999999999996 0.7039208442712499
19479.999999999996 0.7038514505435001
19489.999999999996 0.7029893058388199
19499.999999999996 0.7029036338222601
19509.999999999996 0.7012231313301001
19519.999999999996 0.701995237632
19529.999999999996 0.70061590154066
19539.999999999996 0.69949280708406
19549.999999999996 0.69992958734517
19559.999999999996 0.69788238443026
19569.999999999996 0.69757307937405
19579.999999999996 0.6975209384955601
19589.999999999996 0.697342843038
19599.999999999996 0.69523720743484
19609.999999999996 0.69398372412083
19619.999999999996 0.69469421704958
19629.999999999996 0.6941867981601
19639.999999999996 0.6927369416695001
19649.999999999996 0.6917733343974
19659.999999999996 0.69170432375664
19669.999999999996 0.69111611030976
19679.999999999996 0.69110407031628
19689.999999999996 0.68907773699402
19699.999999999996 0.6888805175707
19709.999999999996 0.68902709579
19719.999999999996 0.68811391172466
19729.999999999996 0.68728399241128
19739.999999999996 0.6881532622208
19749.999999999996 0.68632607746023
19759.999999999996 0.68781897536931
19769.999999999996 0.68775337183828
19779.999999999996 0.68581630726817
19789.999999999996 0.6857399662236
19799.999999999996 0.6854167921646
19809.999999999996 0.6855788164712799
19819.999999999996 0.68654035786678
19829.999999999996 0.6855136496940001
19839.999999999996 0.6854357561564799
19849.999999999996 0.6848403386024
19859.999999999996 0.68514324118912
19869.999999999996 0.6844694703739199
19879.999999999996 0.68354594109475
19889.999999999996 0.68298059516255
19899.999999999996 0.6831532926393
19909.999999999996 0.68362921583582
19919.999999999996 0.68257600737018
19929.999999999996 0.68402018116852
19939.999999999996 0.68334531255024
19949.999999999996 0.6824769932922
19959.999999999996 0.68237438220567
19969.999999999996 0.6822360371484399
19979.999999999996 0.68217806381824
19989.999999999996 0.6813645844215
19999.999999999996 0.68204392167486
20009.999999999996 0.68132903925648
20019.999999999996 0.68070641398023
20029.999999999996 0.67868689009293
20039.999999999996 0.6790129730135299
20049.999999999996 0.6769579849782801
20059.999999999996 0.67671363583054
20069.999999999996 0.6757062569568301
20079.999999999996 0.67551748050846
20089.999999999996 0.67530143879414
20099.999999999996 0.674894030629
20109.999999999996 0.67445095829096
20119.999999999996 0.6737479791437401
20129.999999999996 0.6745778023851
20139.999999999996 0.6754007713596
20149.999999999996 0.67615847755264
20159.999999999996 0.67545692217162
20169.999999999996 0.6737319086253001
20179.999999999996 0.6691756433698001
20189.999999999996 0.66164416227459
20199.999999999996 0.64910090297297
20209.999999999996 0.6310711961326501
20219.999999999996 0.6056345090894
20229.999999999996 0.57149971183686
20239.999999999996 0.52883788308991
20249.999999999996 0.4798396798915
20259.999999999996 0.4248236108406
20269.999999999996 0.36824851923738
20279.999999999996 0.31401091463456
20289.999999999996 0.26295586253607
20299.999999999996 0.21732246664416002
20309.999999999996 0.1776920792613
20319.999999999996 0.1444011244822
20329.999999999996 0.117043716786
20339.999999999996 0.09470470723312
20349.999999999996 0.0765657463332
20359.999999999996 0.062073100485904004
20369.999999999996 0.050286036145842004
20379.999999999996 0.040958030009376
20389.999999999996 0.033510955419034996
20399.999999999996 0.027446699245816
20409.999999999996 0.022587555608696002
20419.999999999996 0.0186849669952
20429.999999999996 0.015537992912541002
20439.999999999996 0.012917458309679998
20449.999999999996 0.010823719955008
20459.999999999996 0.0090654561778
20469.999999999996 0.0076361776521426
20479.999999999996 0.0064737870950496
20489.999999999996 0.0054939562120906995
20499.999999999996 0.004674940162825
20509.999999999996 0.0040045045147512
20519.999999999996 0.0034352641813995997
20529.999999999996 0.0029560765183616
20539.999999999996 0.0025529955011559
20549.999999999996 0.0022095008694873
20559.999999999996 0.0019170747753947997
20569.999999999996 0.0016701614737472
20579.999999999996 0.001455530787238
20589.999999999996 0.0012721479424269
20599.999999999996 0.00111818438704
20609.999999999996 0.0009858170779409
20619.999999999996 0.000866671236417
20629.999999999996 0.0007675648522343
20639.999999999996 0.00068088922241636
20649.999999999996 0.00060442163913975
20659.999999999996 0.0005380662074697001
20669.999999999996 0.00048140556055295
20679.999999999996 0.00043026838041616
20689.999999999996 0.00038576965856058004
20699.999999999996 0.00034652623303506
20709.999999999996 0.00031081725816625006
20719.999999999996 0.00028070551323375006
20729.999999999996 0.00025332140656692003
20739.999999999996 0.0002291233636101
20749.999999999996 0.00020859144325776
20759.999999999996 0.00018914062501619998
20769.999999999996 0.00017203872798543
20779.999999999996 0.00015721500587271
20789.999999999996 0.00014281448643233
20799.999999999996 0.00013087170442085998
20809.999999999996 0.00012001326928164001
20819.999999999996 0.0001101411426981
20829.999999999996 0.00010127473191279999
20839.999999999996 9.308276374215001e-05
20849.999999999996 8.60401890608e-05
20859.999999999996 7.923726194173e-05
20869.999999999996 7.321480739712e-05
20879.999999999996 6.7971917696184e-05
20889.999999999996 6.2929184486592e-05
20899.999999999996 5.8443036764972003e-05
20909.999999999996 5.4303382728764e-05
20919.999999999996 5.0647769677400005e-05
20929.999999999996 4.7168849442208995e-05
20939.999999999996 4.4180637869054004e-05
20949.999999999996 4.1260608949025e-05
20959.999999999996 3.8644951436442e-05
20969.999999999996 3.6232926276173e-05
20979.999999999996 3.4017728181376e-05
20989.999999999996 3.2439310169595e-05
20999.999999999996 0.0
