speclite/data/filters/Euclid-H.ecsv
# %ECSV 0.9
# ---
# datatype:
# - {name: wavelength, unit: Angstrom, datatype: float64}
# - {name: response, datatype: float64}
# meta: !!omap
# - {band_name: H}
# - {group_name: Euclid}
# - __serialized_columns__:
#     wavelength:
#       __class__: astropy.units.quantity.Quantity
#       value: !astropy.table.SerializedColumn {name: wavelength}
# schema: astropy-2.0
wavelength response
[from data line 549]
9309.999999999998 0.0
9319.999999999998 0.0
9329.999999999998 0.0
9339.999999999998 0.0
9349.999999999998 0.0
9359.999999999998 0.0
9369.999999999998 0.0
9379.999999999998 0.0
9389.999999999998 0.0
9399.999999999998 0.0
9409.999999999998 0.0
9419.999999999998 0.0
9429.999999999998 0.0
9439.999999999998 0.0
9449.999999999998 0.0
9459.999999999998 0.0
9469.999999999998 0.0
9479.999999999998 0.0
9489.999999999998 0.0
9499.999999999998 0.0
9509.999999999998 0.0
9519.999999999998 0.0
9529.999999999998 0.0
9539.999999999998 0.0
9549.999999999998 0.0
9559.999999999998 0.0
9569.999999999998 0.0
9579.999999999998 0.0
9589.999999999998 0.0
9599.999999999998 0.0
9609.999999999998 0.0
9619.999999999998 0.0
9629.999999999998 0.0
9639.999999999998 0.0
9649.999999999998 0.0
9659.999999999998 0.0
9669.999999999998 0.0
9679.999999999998 0.0
9689.999999999998 0.0
9699.999999999998 0.0
9709.999999999998 0.0
9719.999999999998 1.5303671776718e-07
9729.999999999998 0.0
9739.999999999998 0.0
9749.999999999998 0.0
9759.999999999998 0.0
9769.999999999998 0.0
9779.999999999998 0.0
9789.999999999998 0.0
9799.999999999998 0.0
9809.999999999998 0.0
9819.999999999998 0.0
9829.999999999998 0.0
9839.999999999998 0.0
9849.999999999998 0.0
9859.999999999998 0.0
9869.999999999998 0.0
9879.999999999998 0.0
9889.999999999998 0.0
9899.999999999998 0.0
9909.999999999998 0.0
9919.999999999998 0.0
9929.999999999998 0.0
9939.999999999998 0.0
9949.999999999998 0.0
9959.999999999998 0.0
9969.999999999998 0.0
9979.999999999998 7.5778247251175e-08
9989.999999999998 0.0
9999.999999999998 0.0
10009.999999999998 0.0
10019.999999999998 0.0
10029.999999999998 0.0
10039.999999999998 0.0
10049.999999999998 0.0
10059.999999999998 0.0
10069.999999999998 0.0
10079.999999999998 0.0
10089.999999999998 0.0
10099.999999999998 0.0
10109.999999999998 0.0
10119.999999999998 0.0
10129.999999999998 0.0
10139.999999999998 0.0
10149.999999999998 0.0
10159.999999999998 0.0
10169.999999999998 0.0
10179.999999999998 0.0
10189.999999999998 0.0
10199.999999999998 0.0
10209.999999999998 0.0
10219.999999999998 0.0
10229.999999999998 0.0
10239.999999999998 0.0
10249.999999999998 0.0
10259.999999999998 0.0
10269.999999999998 7.566256129992e-08
10279.999999999998 1.50919115947e-07
10289.999999999998 3.0115408260083997e-07
10299.999999999998 8.2752212359544e-07
10309.999999999998 2.633447143074e-06
10319.999999999998 1.2558426933768e-05
10329.999999999998 0.00010977997367664
10339.999999999998 0.0001249370789616
10349.999999999998 6.9763250381038e-05
10359.999999999998 7.2362398450616e-05
10369.999999999998 0.0001025556803312
10379.999999999998 0.00013126217601952
10389.999999999998 0.00010116545130881
10399.999999999998 6.4742952361734e-05
10409.999999999998 4.6116484842296e-05
10419.999999999998 3.8911122198248e-05
10429.999999999998 3.8251561419508e-05
10439.999999999998 4.2722846874912e-05
10449.999999999998 5.3083114102859e-05
10459.999999999998 7.169328187179899e-05
10469.999999999998 9.820925128058e-05
10479.999999999998 0.0001201264163125
10489.999999999998 0.00012076812920956
10499.999999999998 0.00010623712102702
10509.999999999998 9.331878206662e-05
10519.999999999998 8.67511900964e-05
10529.999999999998 8.73287661642e-05
10539.999999999998 9.54104601989e-05
10549.999999999998 0.00010933504888225001
10559.999999999998 0.00012194290880855999
10569.999999999998 0.00011980566597979999
10579.999999999998 9.931349549086e-05
10589.999999999998 7.5067984336986e-05
10599.999999999998 5.623417140907501e-05
10609.999999999998 4.4017002398976e-05
10619.999999999998 3.633483109716e-05
10629.999999999998 3.235779045208e-05
10639.999999999998 3.0801431535858004e-05
10649.999999999998 3.1466417140598003e-05
10659.999999999998 3.4117319042664e-05
10669.999999999998 3.9860155626558e-05
10679.999999999998 4.928703670264e-05
10689.999999999998 6.4621433244237e-05
10699.999999999998 8.664849754782e-05
10709.999999999998 0.00011069377248516002
10719.999999999998 0.00012170291501802001
10729.999999999998 0.00010989862054031999
10739.999999999998 8.944397366368e-05
10749.999999999998 7.2131066494104e-05
10759.999999999998 6.0059657721294e-05
10769.999999999998 5.310909058078e-05
10779.999999999998 5.0198856107479995e-05
10789.999999999998 5.0555004447806e-05
10799.999999999998 5.4285407023848e-05
10809.999999999998 6.1616143527289e-05
10819.999999999998 7.392396768165001e-05
10829.999999999998 9.04790651058e-05
10839.999999999998 0.00010882138488299999
10849.999999999998 0.00011959796730539002
10859.999999999998 0.000113721535122
10869.999999999998 9.523941532819999e-05
10879.999999999998 7.5097320204312e-05
10889.999999999998 5.9627857849065e-05
10899.999999999998 4.8903350742e-05
10909.999999999998 4.222282481669e-05
10919.999999999998 3.7851247138859996e-05
10929.999999999998 3.5957795087232e-05
10939.999999999998 3.5655467751313e-05
10949.999999999998 3.6949135320735e-05
10959.999999999998 4.0359477079464e-05
10969.999999999998 4.6004370832931e-05
10979.999999999998 5.4616800551546996e-05
10989.999999999998 6.7069656414363e-05
10999.999999999998 8.2856687427956e-05
11009.999999999998 0.00010022850070184
11019.999999999998 0.00011231336015242
11029.999999999998 0.00011161989240314
11039.999999999998 9.889937782951999e-05
11049.999999999998 8.216433251336399e-05
11059.999999999998 6.6968805107487e-05
11069.999999999998 5.5466504784306e-05
11079.999999999998 4.7164786305732003e-05
11089.999999999998 4.1532361956173e-05
11099.999999999998 3.7739876323344e-05
11109.999999999998 3.5418086589796e-05
11119.999999999998 3.4311075836252e-05
11129.999999999998 3.4259625182816e-05
11139.999999999998 3.4981336622960005e-05
11149.999999999998 3.662471810915e-05
11159.999999999998 3.9320764952528e-05
11169.999999999998 4.2986712027212e-05
11179.999999999998 4.7754315134316e-05
11189.999999999998 5.377724616209999e-05
11199.999999999998 6.12296127108e-05
11209.999999999998 6.9973681649544e-05
11219.999999999998 7.9586298578196e-05
11229.999999999998 8.956160495793999e-05
11239.999999999998 9.898105569885001e-05
11249.999999999998 0.00010680327960598
11259.999999999998 0.00011187225771484999
11269.999999999998 0.0001138763431624
11279.999999999998 0.00011309986687889998
11289.999999999998 0.00011061946755438999
11299.999999999998 0.00010700787176099999
11309.999999999998 0.00010327284431994
11319.999999999998 9.996282370189e-05
11329.999999999998 9.749153999544e-05
11339.999999999998 9.537473882578e-05
11349.999999999998 9.458787861384e-05
11359.999999999998 9.476637637824e-05
11369.999999999998 9.567931572551e-05
11379.999999999998 9.761609268749999e-05
11389.999999999998 0.00010006247024354001
11399.999999999998 0.00010290656444994002
11409.999999999998 0.00010607811726518999
11419.999999999998 0.00010893059972756
11429.999999999998 0.00011115513052
11439.999999999998 0.00011272661966948001
11449.999999999998 0.0001130923775052
11459.999999999998 0.00011272701984403999
11469.999999999998 0.00011140962811836001
11479.999999999998 0.00010964300032564
11489.999999999998 0.00010767525880603001
11499.999999999998 0.00010581430417600001
11509.999999999998 0.00010460854669254
11519.999999999998 0.00010366997608917
11529.999999999998 0.00010343956964728
11539.999999999998 0.00010392703182337001
11549.999999999998 0.00010503498441072
11559.999999999998 0.0001066780434139
11569.999999999998 0.00010864725687503999
11579.999999999998 0.00011088491469055
11589.999999999998 0.00011276874358159998
11599.999999999998 0.00011438128009541999
11609.999999999998 0.00011518734675899999
11619.999999999998 0.00011514947275335002
11629.999999999998 0.0001143760688634
11639.999999999998 0.00011297709499241999
11649.999999999998 0.00011097178185725
11659.999999999998 0.00010891067967300001
11669.999999999998 0.00010683006035834998
11679.999999999998 0.00010510886856714
11689.999999999998 0.00010369176589846002
11699.999999999998 0.00010298840772506
11709.999999999998 0.00010289499057403998
11719.999999999998 0.00010331936742978
11729.999999999998 0.00010438140665992001
11739.999999999998 0.00010596012717033
11749.999999999998 0.00010788430970248
11759.999999999998 0.0001097877677072
11769.999999999998 0.0001114007455776
11779.999999999998 0.00011286943620880002
11789.999999999998 0.00011367460368348
11799.999999999998 0.00011391648100749001
11809.999999999998 0.00011337753739752001
11819.999999999998 0.00011212845045071999
11829.999999999998 0.00011064574749563999
11839.999999999998 0.00010889917546059999
11849.999999999998 0.00010737721577874001
11859.999999999998 0.00010605310365306
11869.999999999998 0.00010529274072485
11879.999999999998 0.00010488531292332
11889.999999999998 0.00010521464780518998
11899.999999999998 0.0001061800657304
11909.999999999998 0.00010778502884045
11919.999999999998 0.00010968465299579999
11929.999999999998 0.0001115181487222
11939.999999999998 0.00011302579432872001
11949.999999999998 0.00011367519368435998
11959.999999999998 0.00011279224792432
11969.999999999998 0.00011018544816
11979.999999999998 0.00010545428431284
11989.999999999998 9.909192258735e-05
11999.999999999998 9.132244042176e-05
12009.999999999998 8.2953299099375e-05
12019.999999999998 7.4501759344656e-05
12029.999999999998 6.6700506274827e-05
12039.999999999998 5.9617172488842e-05
12049.999999999998 5.345888951688e-05
12059.999999999998 4.8247131708558e-05
12069.999999999998 4.3814604444016e-05
12079.999999999998 4.018751209125e-05
12089.999999999998 3.7317186712302e-05
12099.999999999998 3.50267354226e-05
12109.999999999998 3.326979500611e-05
12119.999999999998 3.21020225487e-05
12129.999999999998 3.1329725011611e-05
12139.999999999998 3.1043471745495e-05
12149.999999999998 3.1146778279949e-05
12159.999999999998 3.1761099724211e-05
12169.999999999998 3.2882639711559e-05
12179.999999999998 3.4552462520639996e-05
12189.999999999998 3.676909036465e-05
12199.999999999998 3.9826764227979004e-05
12209.999999999998 4.3756225690923e-05
12219.999999999998 4.8791468593249e-05
12229.999999999998 5.5087627715468e-05
12239.999999999998 6.3020149024916e-05
12249.999999999998 7.259039411331e-05
12259.999999999998 8.3412467153142e-05
12269.999999999998 9.505740743e-05
12279.999999999998 0.00010604876167125
12289.999999999998 0.00011437687159532999
12299.999999999998 0.00011834553838976999
12309.999999999998 0.00011721913049476
12319.999999999998 0.0001116645375321
12329.999999999998 0.00010363733546452
12339.999999999998 9.477556502254e-05
12349.999999999998 8.65520101688e-05
12359.999999999998 7.9338572557977e-05
12369.999999999998 7.350974671041399e-05
12379.999999999998 6.910170112827e-05
12389.999999999998 6.6020143074645e-05
12399.999999999998 6.41603774809e-05
12409.999999999998 6.3457896883068e-05
12419.999999999998 6.3895146439068e-05
12429.999999999998 6.535369821111999e-05
12439.999999999998 6.7845684985152e-05
12449.999999999998 7.154319549753e-05
12459.999999999998 7.640597381807099e-05
12469.999999999998 8.225804958798e-05
12479.999999999998 8.889245244564e-05
12489.999999999998 9.624939489102001e-05
12499.999999999998 0.0001033123222005
12509.999999999998 0.000109321100813
12519.999999999998 0.00011345288507825999
12529.999999999998 0.00011487812669955
12539.999999999998 0.00011331477396162
12549.999999999998 0.00010915511194772998
12559.999999999998 0.00010351589977080001
12569.999999999998 9.714062938139999e-05
12579.999999999998 9.077821873626e-05
12589.999999999998 8.496311116211999e-05
12599.999999999998 7.991141341636e-05
12609.999999999998 7.603228930012e-05
12619.999999999998 7.311051783168e-05
12629.999999999998 7.1113745401664e-05
12639.999999999998 7.023109962405599e-05
12649.999999999998 7.0040107699744e-05
12659.999999999998 7.0979004237062e-05
12669.999999999998 7.273798453929001e-05
12679.999999999998 7.536785905035701e-05
12689.999999999998 7.8952027497284e-05
12699.999999999998 8.3296843698762e-05
12709.999999999998 8.83839441464e-05
12719.999999999998 9.39604253412e-05
12729.999999999998 9.975495553025001e-05
12739.999999999998 0.00010530001454976
12749.999999999998 0.00011016152956862
12759.999999999998 0.00011381499250288
12769.999999999998 0.0001158500253651
12779.999999999998 0.000116302344863
12789.999999999998 0.00011526841593423
12799.999999999998 0.00011282207392000999
12809.999999999998 0.00010986917345099998
12819.999999999998 0.00010637345903872
12829.999999999998 0.00010293465857892
12839.999999999998 9.994989600648e-05
12849.999999999998 9.746526568517001e-05
12859.999999999998 9.554841072160001e-05
12869.999999999998 9.450038976385e-05
12879.999999999998 9.416200001058e-05
12889.999999999998 9.449289890654e-05
12899.999999999998 9.54672847672e-05
12909.999999999998 9.701927839040001e-05
12919.999999999998 9.937018587797999e-05
12929.999999999998 0.00010204432300512001
12939.999999999998 0.00010489295344941
12949.999999999998 0.00010762559658981
12959.999999999998 0.00011020484475
12969.999999999998 0.00011216075211036
12979.999999999998 0.0001135884936069
12989.999999999998 0.00011397660893478
12999.999999999998 0.0001136207437722
13009.999999999998 0.00011225380406615999
13019.999999999998 0.0001103979658002
13029.999999999998 0.00010812658810256
13039.999999999998 0.00010560195041728
13049.999999999998 0.00010303042593311999
13059.999999999998 0.00010078544434266
13069.999999999998 9.890748094706e-05
13079.999999999998 9.739104569438999e-05
13089.999999999998 9.650117379392e-05
13099.999999999998 9.61862691934e-05
13109.999999999998 9.664928298476e-05
13119.999999999998 9.761779656216e-05
13129.999999999998 9.919394166674e-05
13139.999999999998 0.00010133752382881
13149.999999999998 0.00010398268021076
13159.999999999998 0.00010687965705085
13169.999999999998 0.00011010680573436
13179.999999999998 0.00011313269160866998
13189.999999999998 0.00011577627017136001
13199.999999999998 0.00011771217992322
13209.999999999998 0.00011867300579376
13219.999999999998 0.00011843821771388999
13229.999999999998 0.00011694128662881
13239.999999999998 0.00011407539675096
13249.999999999998 0.00011044868869828999
13259.999999999998 0.00010578722058632001
13269.999999999998 0.0001007345783292
13279.999999999998 9.56914085028e-05
13289.999999999998 9.052019889588e-05
13299.999999999998 8.57354803686e-05
13309.999999999998 8.139132320095799e-05
13319.999999999998 7.760759706157499e-05
13329.999999999998 7.42613662701e-05
13339.999999999998 7.149548031051599e-05
13349.999999999998 6.9238775880729e-05
13359.999999999998 6.752214360071199e-05
13369.999999999998 6.6236624578509e-05
13379.999999999998 6.5573616122982e-05
13389.999999999998 6.540935787144e-05
13399.999999999998 6.566628238376e-05
13409.999999999998 6.6346638652294e-05
13419.999999999998 6.7719667045212e-05
13429.999999999998 6.948203036008501e-05
13439.999999999998 7.182951369609901e-05
13449.999999999998 7.47415167303e-05
13459.999999999998 7.8050303514348e-05
13469.999999999998 8.213020658388e-05
13479.999999999998 8.652648240768e-05
13489.999999999998 9.154120939805e-05
13499.999999999998 9.677280184902e-05
13509.999999999998 0.00010205581915044001
13519.999999999998 0.00010702749970796
13529.999999999998 0.00011137425345800001
13539.999999999998 0.00011451614351436002
13549.999999999998 0.00011578274534749
13559.999999999998 0.00011496021885423
13569.999999999998 0.00011220751118304002
13579.999999999998 0.00010738257892632
13589.999999999998 0.00010101649110536
13599.999999999998 9.379355877857e-05
13609.999999999998 8.579660327868e-05
13619.999999999998 7.8177724431765e-05
13629.999999999998 7.062563729364e-05
13639.999999999998 6.388335519296399e-05
13649.999999999998 5.7637130844762004e-05
13659.999999999998 5.221149582877799e-05
13669.999999999998 4.7376366260178004e-05
13679.999999999998 4.313499790704e-05
13689.999999999998 3.94741540165e-05
13699.999999999998 3.6243765562544e-05
13709.999999999998 3.3367071272889996e-05
13719.999999999998 3.0908209361854e-05
13729.999999999998 2.8836323537739e-05
13739.999999999998 2.6922187399491e-05
13749.999999999998 2.5342663584623003e-05
13759.999999999998 2.409865066092e-05
