speclite/data/filters/Euclid-Y.ecsv
# %ECSV 0.9
# ---
# datatype:
# - {name: wavelength, unit: Angstrom, datatype: float64}
# - {name: response, datatype: float64}
# meta: !!omap
# - {band_name: Y}
# - {group_name: Euclid}
# - __serialized_columns__:
#     wavelength:
#       __class__: astropy.units.quantity.Quantity
#       value: !astropy.table.SerializedColumn {name: wavelength}
# schema: astropy-2.0
wavelength response
[from data line 473]
8379.999999999998 1.7913922877999996e-11
8389.999999999998 9.355862784e-12
8399.999999999998 0.0
8409.999999999998 1.0636386256000001e-11
8419.999999999998 5.2021222488e-12
8429.999999999998 1.6981592880000002e-11
8439.999999999998 0.0
8449.999999999998 0.0
8459.999999999998 0.0
8469.999999999998 2.3984324961999998e-11
8479.999999999998 1.1645780769e-10
8489.999999999998 1.0827051290000001e-10
8499.999999999998 0.0
8509.999999999998 1.8967775400000002e-11
8519.999999999998 0.0
8529.999999999998 0.0
8539.999999999998 0.0
8549.999999999998 8.315858367e-12
8559.999999999998 1.2251438455000001e-12
8569.999999999998 0.0
8579.999999999998 0.0
8589.999999999998 0.0
8599.999999999998 6.73844925e-13
8609.999999999998 9.645958185e-13
8619.999999999998 2.5309829972e-12
8629.999999999998 1.0823680248000001e-13
8639.999999999998 0.0
8649.999999999998 2.2680899712000002e-13
8659.999999999998 6.748236306000001e-14
8669.999999999998 5.825284744e-12
8679.999999999998 0.0
8689.999999999998 0.0
8699.999999999998 0.0
8709.999999999998 0.0
8719.999999999998 2.450956224e-12
8729.999999999998 0.0
8739.999999999998 8.045198992e-13
8749.999999999998 3.0351610273000003e-12
8759.999999999998 1.0652535631999999e-11
8769.999999999998 1.5228269568e-11
8779.999999999998 2.5133064264e-10
8789.999999999998 4.945556404000001e-13
8799.999999999998 1.276040349e-12
8809.999999999998 1.0349279976e-12
8819.999999999998 1.7496916778999999e-13
8829.999999999998 0.0
8839.999999999998 1.3895609677e-13
8849.999999999998 0.0
8859.999999999998 8.723010874e-15
8869.999999999998 1.1519756543999999e-14
8879.999999999998 1.4445966562e-15
8889.999999999998 0.0
8899.999999999998 0.0
8909.999999999998 0.0
8919.999999999998 0.0
8929.999999999998 4.5742181652e-15
8939.999999999998 1.2444447335e-16
8949.999999999998 0.0
8959.999999999998 1.7223108316e-13
8969.999999999998 0.0
8979.999999999998 3.8490580128e-16
8989.999999999998 7.727041011900002e-15
8999.999999999998 0.0
9009.999999999998 0.0
9019.999999999998 2.5308073440000004e-13
9029.999999999998 6.81827954e-14
9039.999999999998 6.909776663000001e-13
9049.999999999998 1.112055376e-12
9059.999999999998 4.630297825999999e-13
9069.999999999998 3.6869592006e-12
9079.999999999998 5.615102392000001e-11
9089.999999999998 3.3357805624e-09
9099.999999999998 5.95176634e-11
9109.999999999998 9.034867958e-11
9119.999999999998 7.021607982e-11
9129.999999999998 7.044866463e-11
9139.999999999998 1.1291188486e-10
9149.999999999998 2.620893335e-10
9159.999999999998 5.643247368e-10
9169.999999999998 1.2757478718000001e-09
9179.999999999998 2.9735490528000002e-09
9189.999999999998 6.6818928186e-09
9199.999999999998 1.66219299386e-08
9209.999999999998 4.19819880662e-08
9219.999999999998 1.016356293765e-07
9229.999999999998 2.448595508128e-07
9239.999999999998 5.918392189803999e-07
9249.999999999998 1.4055448362492e-06
9259.999999999998 3.313753258946e-06
9269.999999999998 7.726286950399999e-06
9279.999999999998 1.8168200287899997e-05
9289.999999999998 4.1628333372937995e-05
9299.999999999998 9.63834775641e-05
9309.999999999998 0.0002271869100561
9319.999999999998 0.00050059934894655
9329.999999999998 0.0008340284843576
9339.999999999998 0.0009007334807793
9349.999999999998 0.0007974676482959999
9359.999999999998 0.00071918933171944
9369.999999999998 0.0007019190187613401
9379.999999999998 0.0007429501997453
9389.999999999998 0.0008513111379034999
9399.999999999998 0.0010460594385429001
9409.999999999998 0.0013863757691159999
9419.999999999998 0.0019492723698981
9429.999999999998 0.0029000804298232002
9439.999999999998 0.0045843950991393
9449.999999999998 0.0077807382894269994
9459.999999999998 0.014142466512326
9469.999999999998 0.028021361402295
9479.999999999998 0.059488146478525
9489.999999999998 0.132922850361
9499.999999999998 0.29492696386635997
9509.999999999998 0.54022984459285
9519.999999999998 0.7115406417337501
9529.999999999998 0.75244789194302
9539.999999999998 0.7525733107310899
9549.999999999998 0.7543932030791799
9559.999999999998 0.7544888182199999
9569.999999999998 0.7585892758813599
9579.999999999998 0.7564086406968
9589.999999999998 0.75339647479962
9599.999999999998 0.7538310110284799
9609.999999999998 0.75023340322986
9619.999999999998 0.7547097795498799
9629.999999999998 0.76170193135661
9639.999999999998 0.7650120483987299
9649.999999999998 0.76692043349506
9659.999999999998 0.75880553547177
9669.999999999998 0.7585606605184
9679.999999999998 0.7593642175502601
9689.999999999998 0.7600813015185699
9699.999999999998 0.7596959944028401
9709.999999999998 0.7605348164325201
9719.999999999998 0.7594666757951
9729.999999999998 0.7591825154872
9739.999999999998 0.75794154360096
9749.999999999998 0.76150328794404
9759.999999999998 0.7598298264194
9769.999999999998 0.7583587675965
9779.999999999998 0.75714433949748
9789.999999999998 0.75727348878981
9799.999999999998 0.75766995804976
9809.999999999998 0.76031545661379
9819.999999999998 0.7551944485445
9829.999999999998 0.7536356296560001
9839.999999999998 0.7567686104070199
9849.999999999998 0.75713263767378
9859.999999999998 0.7516600618231399
9869.999999999998 0.749754263484
9879.999999999998 0.74822131885356
9889.999999999998 0.7507141482545999
9899.999999999998 0.7514213296716
9909.999999999998 0.7518026983518801
9919.999999999998 0.75458852097156
9929.999999999998 0.75293788361631
9939.999999999998 0.75099179899072
9949.999999999998 0.75041240605644
9959.999999999998 0.7482760699122001
9969.999999999998 0.7451250127376801
9979.999999999998 0.7492353959790501
9989.999999999998 0.74619147601376
9999.999999999998 0.7460892641525401
10009.999999999998 0.748566840563
10019.999999999998 0.750248068899
10029.999999999998 0.75450651721621
10039.999999999998 0.75405014114553
10049.999999999998 0.75549924633679
10059.999999999998 0.75316554577647
10069.999999999998 0.7531009089432401
10079.999999999998 0.7517976334506
10089.999999999998 0.75487158752512
10099.999999999998 0.7534225081578
10109.999999999998 0.75396093346602
10119.999999999998 0.75144067851732
10129.999999999998 0.7507694900678401
10139.999999999998 0.75364575737653
10149.999999999998 0.75471329411122
10159.999999999998 0.75829975562916
10169.999999999998 0.7586220641959199
10179.999999999998 0.7581424332634399
10189.999999999998 0.7550423887156
10199.999999999998 0.75097202673108
10209.999999999998 0.75303109269504
10219.999999999998 0.75207850143375
10229.999999999998 0.7475287285077999
10239.999999999998 0.74626046629426
10249.999999999998 0.75053625747961
10259.999999999998 0.75168617646408
10269.999999999998 0.7508113706716
10279.999999999998 0.7499693525924801
10289.999999999998 0.749092597825
10299.999999999998 0.7488389778568401
10309.999999999998 0.74874424089228
10319.999999999998 0.7476108613125599
10329.999999999998 0.7481245866742399
10339.999999999998 0.74577696421554
10349.999999999998 0.74293375098036
10359.999999999998 0.7429762117649901
10369.999999999998 0.7414933156648
10379.999999999998 0.74249675940712
10389.999999999998 0.7430766380439
10399.999999999998 0.74578336363056
10409.999999999998 0.74312832640959
10419.999999999998 0.74323994513894
10429.999999999998 0.74668198819838
10439.999999999998 0.74729167580976
10449.999999999998 0.74348431089452
10459.999999999998 0.7409387064199101
10469.999999999998 0.74069991560367
10479.999999999998 0.7395857209
10489.999999999998 0.7392414785042
10499.999999999998 0.73672769482293
10509.999999999998 0.74032507329165
10519.999999999998 0.7398589130927601
10529.999999999998 0.7370102343510501
10539.999999999998 0.7368277084511
10549.999999999998 0.73722344776726
10559.999999999998 0.7378909829091599
10569.999999999998 0.7376608396038
10579.999999999998 0.7340979503443501
10589.999999999998 0.73551214333944
10599.999999999998 0.735623427132
10609.999999999998 0.7356928217566401
10619.999999999998 0.7292767581741599
10629.999999999998 0.7284596870857
10639.999999999998 0.7278203526845399
10649.999999999998 0.72965410611616
10659.999999999998 0.7269045744943401
10669.999999999998 0.72935105361572
10679.999999999998 0.7282875840636
10689.999999999998 0.72927553670408
10699.999999999998 0.72961489859466
10709.999999999998 0.7320134147035801
10719.999999999998 0.73560987059658
10729.999999999998 0.7314880984874399
10739.999999999998 0.73120783717336
10749.999999999998 0.7336692029974801
10759.999999999998 0.7305029940284999
10769.999999999998 0.7282232833033
10779.999999999998 0.72907602025472
10789.999999999998 0.7286073713915201
10799.999999999998 0.72934956894492
10809.999999999998 0.72932638015254
10819.999999999998 0.7337689085675001
10829.999999999998 0.73262698459758
10839.999999999998 0.73217389763838
10849.999999999998 0.73200968853595
10859.999999999998 0.7320181221800001
10869.999999999998 0.73133393625695
10879.999999999998 0.7288877315622001
10889.999999999998 0.7291420287682501
10899.999999999998 0.7282240703145
10909.999999999998 0.7311714137611101
10919.999999999998 0.7272696334305601
10929.999999999998 0.7286504896224
10939.999999999998 0.72687454541797
10949.999999999998 0.72366939383145
10959.999999999998 0.72638304706128
10969.999999999998 0.72710123185287
10979.999999999998 0.7283812644702
10989.999999999998 0.7297142190354601
10999.999999999998 0.7270394516861199
11009.999999999998 0.7260195134897001
11019.999999999998 0.7256822779189199
11029.999999999998 0.7249593837647701
11039.999999999998 0.72293286110668
11049.999999999998 0.72207302610422
11059.999999999998 0.71979700960252
11069.999999999998 0.71874186104028
11079.999999999998 0.71790995783211
11089.999999999998 0.71828907763616
11099.999999999998 0.71685810078752
11109.999999999998 0.71740582020881
11119.999999999998 0.71787709677688
11129.999999999998 0.7193535472021
11139.999999999998 0.72032045877155
11149.999999999998 0.7207550817403999
11159.999999999998 0.72167143850184
11169.999999999998 0.7226603751092999
11179.999999999998 0.72220242849216
11189.999999999998 0.7217575882062
11199.999999999998 0.72158931285654
11209.999999999998 0.7209333550355199
11219.999999999998 0.7194846925979801
11229.999999999998 0.71882682880823
11239.999999999998 0.71798273507688
11249.999999999998 0.71900745435041
11259.999999999998 0.7193440661111701
11269.999999999998 0.7199366396071201
11279.999999999998 0.7198284669213
11289.999999999998 0.72108404946679
11299.999999999998 0.72165606134616
11309.999999999998 0.72234887232752
11319.999999999998 0.72376872672092
11329.999999999998 0.72580301471967
11339.999999999998 0.72369444367154
11349.999999999998 0.72411829212292
11359.999999999998 0.7239423987558
11369.999999999998 0.7230238675255399
11379.999999999998 0.7232053713262501
11389.999999999998 0.7227758066662
11399.999999999998 0.72173544925424
11409.999999999998 0.7221823019372999
11419.999999999998 0.72258918062084
11429.999999999998 0.7219894012345
11439.999999999998 0.72306038715988
11449.999999999998 0.7230647197065
11459.999999999998 0.72449774631294
11469.999999999998 0.7250128780738
11479.999999999998 0.7257857121831001
11489.999999999998 0.7260769513932099
11499.999999999998 0.7259522867584
11509.999999999998 0.7276349926002
11519.999999999998 0.72696463533963
11529.999999999998 0.72710600153507
11539.999999999998 0.72705280140731
11549.999999999998 0.72678569749968
11559.999999999998 0.72674521991183
11569.999999999998 0.7265134997493601
11579.999999999998 0.7276638698791
11589.999999999998 0.72757849004365
11599.999999999998 0.72810395048324
11609.999999999998 0.7282428039662
11619.999999999998 0.72815478230925
11629.999999999998 0.72848822304193
11639.999999999998 0.72897065575524
11649.999999999998 0.72835248672901
11659.999999999998 0.7287656354442801
11669.999999999998 0.72858050824305
11679.999999999998 0.72879789373938
11689.999999999998 0.72812185375866
11699.999999999998 0.72786123413755
11709.999999999998 0.72787407381911
11719.999999999998 0.7273910891738399
11729.999999999998 0.72724421812904
11739.999999999998 0.7276580486161199
11749.999999999998 0.7283695800744
11759.999999999998 0.7278315122918401
11769.999999999998 0.7267314356898
11779.999999999998 0.72650738359716
11789.999999999998 0.72617246826348
11799.999999999998 0.72597904259356
11809.999999999998 0.7254530103347999
11819.999999999998 0.72424536062664
11829.999999999998 0.72401743785246
11839.999999999998 0.7236833882782
11849.999999999998 0.72401997566721
11859.999999999998 0.72442785250068
11869.999999999998 0.7251710682448399
11879.999999999998 0.7248709197519899
11889.999999999998 0.7253932738957299
11899.999999999998 0.7255941796575
11909.999999999998 0.72578459406245
11919.999999999998 0.7257357248256899
11929.999999999998 0.72494262180725
11939.999999999998 0.72428097093912
11949.999999999998 0.72337930234614
11959.999999999998 0.7226447763037199
11969.999999999998 0.723058815162
11979.999999999998 0.7234600357976401
11989.999999999998 0.7247368179849
11999.999999999998 0.72640886606952
12009.999999999998 0.7275554584438501
12019.999999999998 0.7285120160584
12029.999999999998 0.7297405718695499
12039.999999999998 0.73035254122572
12049.999999999998 0.73112917495264
12059.999999999998 0.73061583303807
12069.999999999998 0.72983297133656
12079.999999999998 0.73094629504995
12089.999999999998 0.73218540688404
12099.999999999998 0.7336865577705001
12109.999999999998 0.73387563836028
12119.999999999998 0.7274526343500001
12129.999999999998 0.70684248005228
12139.999999999998 0.66087120137556
12149.999999999998 0.5849500617528901
12159.999999999998 0.48430856697542
12169.999999999998 0.37589938468469997
12179.999999999998 0.277993912764
12189.999999999998 0.1994265658035
12199.999999999998 0.1416029311485
12209.999999999998 0.10069385881192
12219.999999999998 0.072304282613391
12229.999999999998 0.0526655148154
12239.999999999998 0.03903984362402
12249.999999999998 0.029428764112000003
12259.999999999998 0.022533950448987
12269.999999999998 0.01754134935
12279.999999999998 0.013872604369499998
12289.999999999998 0.011128109430184
12299.999999999998 0.009059721914952
12309.999999999998 0.0074717387082068
12319.999999999998 0.006229389664386
12329.999999999998 0.0052514975868025
12339.999999999998 0.0044688958489258
12349.999999999998 0.0038369112905435
12359.999999999998 0.0033130365494529004
12369.999999999998 0.0028785259712392998
12379.999999999998 0.0025117539989385
12389.999999999998 0.0021976819572475
12399.999999999998 0.001926471574847
12409.999999999998 0.0016901510441472002
12419.999999999998 0.0014801105359992
12429.999999999998 0.0012931336121407998
12439.999999999998 0.001126642419474
12449.999999999998 0.0009789772373405999
12459.999999999998 0.000848669517333
12469.999999999998 0.0007333623348246
12479.999999999998 0.00063225399328082
12489.999999999998 0.0005452002537399601
12499.999999999998 0.00046963541164155
12509.999999999998 0.00040490710265448
12519.999999999998 0.00034985387072454
12529.999999999998 0.000303504969042
12539.999999999998 0.00026401036997412
12549.999999999998 0.00023057157414471
12559.999999999998 0.0002027117004759
12569.999999999998 0.00017916031173644998
12579.999999999998 0.00015927231400783998
12589.999999999998 0.00014255589146106
12599.999999999998 0.00012821821903456
12609.999999999998 0.0001164025012986
12619.999999999998 0.0001064129712128
12629.999999999998 9.800590463944001e-05
12639.999999999998 9.102236595893999e-05
12649.999999999998 8.498691782802001e-05
12659.999999999998 8.010384998147399e-05
12669.999999999998 7.610559988415001e-05
12679.999999999998 7.2898521494572e-05
12689.999999999998 7.041242420961201e-05
12699.999999999998 6.8526956078055e-05
12709.999999999998 6.7301589226704e-05
12719.999999999998 6.656535052670201e-05
12729.999999999998 6.642904510745e-05
12739.999999999998 6.6872542637016e-05
12749.999999999998 6.7885335851042e-05
12759.999999999998 6.944540003856199e-05
12769.999999999998 7.1653805504256e-05
12779.999999999998 7.4657738326876e-05
12789.999999999998 7.8396254236608e-05
12799.999999999998 8.2948201427994e-05
12809.999999999998 8.85990376224e-05
12819.999999999998 9.517845630456e-05
