speclite/data/filters/Euclid-Y.ecsv
# %ECSV 0.9
# ---
# datatype:
# - {name: wavelength, unit: Angstrom, datatype: float64}
# - {name: response, datatype: float64}
# meta: !!omap
# - {band_name: Y}
# - {group_name: Euclid}
# - __serialized_columns__:
#     wavelength:
#       __class__: astropy.units.quantity.Quantity
#       value: !astropy.table.SerializedColumn {name: wavelength}
# schema: astropy-2.0
wavelength response
[from data line 919]
12839.999999999998 0.00011190133740091999
12849.999999999998 0.00012196765999694999
12859.999999999998 0.0001331785486512
12869.999999999998 0.00014521138627249998
12879.999999999998 0.00015766504705248
12889.999999999998 0.00016968223651162001
12899.999999999998 0.00018027600665540002
12909.999999999998 0.0001887942714624
12919.999999999998 0.00019467830511144001
12929.999999999998 0.0001972489003352
12939.999999999998 0.00019663350019686
12949.999999999998 0.00019296394524849
12959.999999999998 0.00018775361605
12969.999999999998 0.00018126306833087002
12979.999999999998 0.0001747746728208
12989.999999999998 0.00016834380199119
12999.999999999998 0.0001630003641264
13009.999999999998 0.00015833808608915997
13019.999999999998 0.0001552945845048
13029.999999999998 0.00015356879806076
13039.999999999998 0.00015336988926
13049.999999999998 0.00015457899287375998
13059.999999999998 0.00015777870356276
13069.999999999998 0.00016263747415388
13079.999999999998 0.00016931520406563
13089.999999999998 0.00017818228645357
13099.999999999998 0.0001893742652108
13109.999999999998 0.00020303518512824
13119.999999999998 0.00021890026091015997
13129.999999999998 0.00023641125588438
13139.999999999998 0.00025507176882870003
13149.999999999998 0.00027340015181336
13159.999999999998 0.00028905388823912
13169.999999999998 0.00029990417252508003
13179.999999999998 0.00030316995643958
13189.999999999998 0.00029813056099178
13199.999999999998 0.00028503514421326
13209.999999999998 0.00026629836246790003
13219.999999999998 0.00024443437356005997
13229.999999999998 0.00022183801195419002
13239.999999999998 0.00020012264483972
13249.999999999998 0.00018070394489222002
13259.999999999998 0.00016350522055868
13269.999999999998 0.00014893584540096
13279.999999999998 0.00013698980585664
13289.999999999998 0.00012683972375606998
13299.999999999998 0.00011878040309895001
13309.999999999998 0.00011240383823112
13319.999999999998 0.00010751170893785
13329.999999999998 0.00010384786605239998
13339.999999999998 0.00010145235590316
13349.999999999998 0.00010008442737774001
13359.999999999998 9.98644175586e-05
13369.999999999998 0.00010047674037555
13379.999999999998 0.00010220375354046001
13389.999999999998 0.0001049401694798
13399.999999999998 0.00010866956786600002
13409.999999999998 0.00011348396370773
13419.999999999998 0.00011964919009078
13429.999999999998 0.0001268991876054
13439.999999999998 0.00013531991973087
13449.999999999998 0.000145163596018
13459.999999999998 0.00015587882148952
13469.999999999998 0.0001679013682528
13479.999999999998 0.0001801808153348
13489.999999999998 0.00019296870395025002
13499.999999999998 0.00020506538774997003
13509.999999999998 0.000216079769455
13519.999999999998 0.00022489082087836002
13529.999999999998 0.00023128461047899998
13539.999999999998 0.00023481843546672
13549.999999999998 0.00023519840861218
13559.999999999998 0.00023302925361177
13569.999999999998 0.0002291480552452
13579.999999999998 0.00022378786533608998
13589.999999999998 0.00021769432603875998
13599.999999999998 0.00021176241350999003
13609.999999999998 0.00020542223875781996
13619.999999999998 0.00020031300131745
13629.999999999998 0.0001953216831852
13639.999999999998 0.00019150500465612
13649.999999999998 0.00018816666899190002
13659.999999999998 0.00018585081346806
13669.999999999998 0.00018395514345778002
13679.999999999998 0.00018272137631376
13689.999999999998 0.00018180247397325
13699.999999999998 0.00018071743660271999
13709.999999999998 0.00017967006909690001
13719.999999999998 0.00017831689532228
13729.999999999998 0.00017685790129869
13739.999999999998 0.00017447815378683002
13749.999999999998 0.00017189899963544002
13759.999999999998 0.0001690293177694
13769.999999999998 0.00016570759678329
13779.999999999998 0.00016221238439396
13789.999999999998 0.00015854207596227002
13799.999999999998 0.00015492646461015
13809.999999999998 0.00015133471321725003
13819.999999999998 0.00014797092909456
13829.999999999998 0.00014496613472664
13839.999999999998 0.00014246564511015
13849.999999999998 0.00014045817860901
13859.999999999998 0.00013893093057078
13869.999999999998 0.00013800265313792002
13879.999999999998 0.000137745919468
13889.999999999998 0.00013826019359208
13899.999999999998 0.00013920708819944002
13909.999999999998 0.00014128162813724
13919.999999999998 0.0001440761155254
13929.999999999998 0.00014748167510640002
13939.999999999998 0.00015191382944896
13949.999999999998 0.0001571652414154
13959.999999999998 0.00016316137127576
13969.999999999998 0.00016994552994417
13979.999999999998 0.00017729399807208003
13989.999999999998 0.00018511430659954
13999.999999999998 0.00019304232667296
14009.999999999998 0.00020059995502299998
14019.999999999998 0.00020737420942783998
14029.999999999998 0.00021302507785799998
14039.999999999998 0.00021716998400704
14049.999999999998 0.0002187756932886
14059.999999999998 0.00021820178039748002
14069.999999999998 0.00021568889159451
14079.999999999998 0.000211216674996
14089.999999999998 0.00020494641388725
14099.999999999998 0.000197742006876
14109.999999999998 0.00019001779529220997
14119.999999999998 0.00018217961232236
14129.999999999998 0.00017471438689332
14139.999999999998 0.00016768824617488
14149.999999999998 0.00016162113822192
14159.999999999998 0.0001563053840294
14169.999999999998 0.00015206426230150998
14179.999999999998 0.00014887787781855998
14189.999999999998 0.00014665674989142
14199.999999999998 0.00014538633573259999
14209.999999999998 0.00014515706647122
14219.999999999998 0.00014612712030036
14229.999999999998 0.00014804966340736
14239.999999999998 0.00015134735044884
14249.999999999998 0.00015572747904341998
14259.999999999998 0.00016159159908983
14269.999999999998 0.0001684725381504
14279.999999999998 0.00017640620065466
14289.999999999998 0.00018570038280093002
14299.999999999998 0.00019569696624456
14309.999999999998 0.00020672144611553998
14319.999999999998 0.000217675294668
14329.999999999998 0.00022828147757596
14339.999999999998 0.00023784079305078003
14349.999999999998 0.00024488533783550005
14359.999999999998 0.00024939906143757
14369.999999999998 0.0002503128092586
14379.999999999998 0.0002473712369076
14389.999999999998 0.00024117555627827997
14399.999999999998 0.0002323145654664
14409.999999999998 0.00022119484496561998
14419.999999999998 0.00020940843391799999
14429.999999999998 0.0001972189618206
14439.999999999998 0.00018537455184165002
14449.999999999998 0.00017425731876022
14459.999999999998 0.00016424845843536002
14469.999999999998 0.00015554242747968001
14479.999999999998 0.0001479155052144
14489.999999999998 0.00014147772468256
14499.999999999998 0.00013617172106793
14509.999999999998 0.00013207569452854
14519.999999999998 0.00012895372576456
14529.999999999998 0.00012699363425008
14539.999999999998 0.00012591710374282
14549.999999999998 0.00012566566892736
14559.999999999998 0.00012640710273996
14569.999999999998 0.00012806031311351002
14579.999999999998 0.000130675092608
14589.999999999998 0.00013419001511496
14599.999999999998 0.0001386213330957
14609.999999999998 0.00014384201989737
14619.999999999998 0.00015010841148310001
14629.999999999998 0.00015714197799157002
14639.999999999998 0.00016489712101869997
14649.999999999998 0.00017293592581559998
14659.999999999998 0.00018146410874235
14669.999999999998 0.00018991660452867998
14679.999999999998 0.00019784454935567998
14689.999999999998 0.00020468888300055003
14699.999999999998 0.000210243405075
14709.999999999998 0.00021377215508208
14719.999999999998 0.00021565013504112
14729.999999999998 0.00021521212114268998
14739.999999999998 0.00021270540876997
14749.999999999998 0.000208812756501
14759.999999999998 0.00020373263793608003
14769.999999999998 0.0001977021994212
14779.999999999998 0.00019126189499824
14789.999999999998 0.0001846935123211
14799.999999999998 0.00017871568961106
14809.999999999998 0.00017328197091816
14819.999999999998 0.00016847975668272
14829.999999999998 0.00016464731555052
14839.999999999998 0.0001617652276536
14849.999999999998 0.00015929812540515
14859.999999999998 0.00015806254332069
14869.999999999998 0.00015771022980195
14879.999999999998 0.00015835892206685
14889.999999999998 0.00015998022505097
14899.999999999998 0.00016256407269105
14909.999999999998 0.0001663257991795
14919.999999999998 0.00017062741112536
14929.999999999998 0.00017617816282485
14939.999999999998 0.00018259182439482
14949.999999999998 0.00018983392077674
14959.999999999998 0.00019746277850115
14969.999999999998 0.000205503661916
14979.999999999998 0.0002133935769824
14989.999999999998 0.00022118897552944
14999.999999999998 0.00022788254445615998
15009.999999999998 0.00023355991650132
15019.999999999998 0.00023716713992000003
15029.999999999998 0.00023862998952055002
15039.999999999998 0.00023765069644616
15049.999999999998 0.00023441255424762
15059.999999999998 0.00022939880753979
15069.999999999998 0.00022244208085059997
15079.999999999998 0.00021451899571036
15089.999999999998 0.00020577884145160001
15099.999999999998 0.00019700791947789
15109.999999999998 0.00018834420604748
15119.999999999998 0.00018016488977592
15129.999999999998 0.00017284837174528
15139.999999999998 0.000166090878517
15149.999999999998 0.00016018402225375001
15159.999999999998 0.00015544277724458
15169.999999999998 0.00015154101091624
15179.999999999998 0.00014852971740996
15189.999999999998 0.0001465185971869
15199.999999999998 0.00014524040735255998
15209.999999999998 0.00014491035556935
15219.999999999998 0.00014588409344616
15229.999999999998 0.00014739187649768002
15239.999999999998 0.00014991618733784
15249.999999999998 0.00015348790576750001
15259.999999999998 0.0001579140833691
15269.999999999998 0.00016343013300448
15279.999999999998 0.00016984212139425
15289.999999999998 0.00017719872793222
15299.999999999998 0.00018531179115876
15309.999999999998 0.00019434091286502
15319.999999999998 0.00020366554933692
15329.999999999998 0.00021359284487722002
15339.999999999998 0.00022283888832
15349.999999999998 0.00023164691900852
15359.999999999996 0.00023960485082884998
15369.999999999996 0.00024503064134529
15379.999999999996 0.00024849158658419
15389.999999999996 0.00024979398451559
15399.999999999996 0.00024838943664835003
15409.999999999996 0.00024501956756768
15419.999999999996 0.00023919086267592003
15429.999999999996 0.000232158576675
15439.999999999996 0.00022399048446678004
15449.999999999996 0.0002154072844755
15459.999999999996 0.00020690085961956
15469.999999999996 0.00019877143608918
15479.999999999996 0.0001912361602176
15489.999999999996 0.000184295402144
15499.999999999996 0.00017836504976598
15509.999999999996 0.00017352280122605998
15519.999999999996 0.0001694865945714
15529.999999999996 0.00016692118335918002
15539.999999999996 0.00016519520230896
15549.999999999996 0.00016425537357585
15559.999999999996 0.00016455704882944
15569.999999999996 0.000166160928306
15579.999999999996 0.0001687882021742
15589.999999999996 0.00017257597275971
15599.999999999996 0.00017759725583628002
15609.999999999996 0.00018340571861181001
15619.999999999996 0.000190652085156
15629.999999999996 0.0001989691762878
15639.999999999996 0.00020813671678502
15649.999999999996 0.00021821786164224002
15659.999999999996 0.00022849365364536
15669.999999999996 0.000238465665621
15679.999999999996 0.0002474426376444
15689.999999999996 0.00025461179670603
15699.999999999996 0.00025927125552899997
15709.999999999996 0.00026045964016447996
15719.999999999996 0.00025762295635243994
15729.999999999996 0.00025068295444829
15739.999999999996 0.0002405434326255
15749.999999999996 0.00022792009313325
15759.999999999996 0.00021305852773889996
15769.999999999996 0.00019767785314740003
15779.999999999996 0.000182634831358
15789.999999999996 0.00016802118566766
15799.999999999996 0.00015443484407862
15809.999999999996 0.00014204674858503999
15819.999999999996 0.00013097756779614
15829.999999999996 0.00012122701801408
15839.999999999996 0.00011280209251468001
15849.999999999996 0.000105573974245
15859.999999999996 9.926518567268e-05
15869.999999999996 9.394213578522e-05
15879.999999999996 8.941315800040001e-05
15889.999999999996 8.568091296570001e-05
15899.999999999996 8.2586642598e-05
15909.999999999996 8.0228123489036e-05
15919.999999999996 7.8435146012125e-05
15929.999999999996 7.7228914499975e-05
15939.999999999996 7.6539761833626e-05
15949.999999999996 7.636248645821e-05
15959.999999999996 7.6697682654669e-05
15969.999999999996 7.7606090840102e-05
15979.999999999996 7.908901795152e-05
15989.999999999996 8.119674323203e-05
15999.999999999996 8.404663935175001e-05
16009.999999999996 8.7524800854e-05
16019.999999999996 9.178751330925999e-05
16029.999999999996 9.708503319708e-05
16039.999999999996 0.00010351821950441999
16049.999999999996 0.00011110169872343999
16059.999999999996 0.00012038555484274
16069.999999999996 0.00013109117274708
16079.999999999996 0.00014410462154946
16089.999999999996 0.00015926736840464999
16099.999999999996 0.00017707356478416
16109.999999999996 0.00019767859332479998
16119.999999999996 0.00022129445597999
16129.999999999996 0.00024754219784301
16139.999999999996 0.00027558050587827995
16149.999999999996 0.0003038469245576
16159.999999999996 0.0003292750452631
16169.999999999996 0.0003488877790444
16179.999999999996 0.00035977217124420004
16189.999999999996 0.00036032019987795
16199.999999999996 0.00035045762489671996
16209.999999999996 0.0003322549120878
16219.999999999996 0.00030816103801368003
16229.999999999996 0.00028177575885219
16239.999999999996 0.00025607261123493
16249.999999999996 0.0002313976984374
16259.999999999996 0.00020924235187851
16269.999999999996 0.00018974267486583998
16279.999999999996 0.00017274413785651
16289.999999999996 0.00015846012834225
16299.999999999996 0.00014608353057396001
16309.999999999996 0.000135795542238
16319.999999999996 0.00012704071340543998
16329.999999999996 0.00011975315876370001
16339.999999999996 0.00011369000774484
16349.999999999996 0.00010873330370560998
16359.999999999996 0.00010477208411903999
16369.999999999996 0.00010156415598780001
16379.999999999996 9.920710834145999e-05
16389.999999999996 9.741728892713e-05
16399.999999999996 9.63964782716e-05
16409.999999999996 9.589908269552e-05
16419.999999999996 9.592910061343e-05
16429.999999999996 9.670816104321e-05
16439.999999999996 9.790092863688001e-05
16449.999999999996 9.965000860697999e-05
16459.999999999996 0.00010183766389728
16469.999999999996 0.00010452048783176
16479.999999999996 0.0001080758771076
16489.999999999996 0.0001119240286263
16499.999999999996 0.00011652377281414
16509.999999999996 0.0001215062371736
16519.999999999996 0.00012713698612758
16529.999999999996 0.00013307098227348
16539.999999999996 0.00013970817826618
16549.999999999996 0.0001465133972374
16559.999999999996 0.00015335797164072
16569.999999999996 0.0001604425204764
16579.999999999996 0.00016731387041415998
16589.999999999996 0.000173595858253
16599.999999999996 0.00017927629398776
16609.999999999996 0.00018394230123775998
16619.999999999996 0.00018736307387963
16629.999999999996 0.00018965941311062002
16639.999999999996 0.00019049094344896002
16649.999999999996 0.00019010979798755997
16659.999999999996 0.00018832768541472
16669.999999999996 0.00018557757479592
16679.999999999996 0.00018207495991205
16689.999999999996 0.00017793102331542
16699.999999999996 0.00017345292848688
16709.999999999996 0.00016865737211341
16719.999999999996 0.00016402978878636
16729.999999999996 0.00015942601077988
16739.999999999996 0.00015522543631528
16749.999999999996 0.00015135314833590003
16759.999999999996 0.00014795625015870002
16769.999999999996 0.00014476372983891
16779.999999999996 0.00014218378706377997
16789.999999999996 0.00014021817017067
16799.999999999996 0.00013861276768708
16809.999999999996 0.000137597174666
16819.999999999996 0.0001371146497536
16829.999999999996 0.0001372402457718
16839.999999999996 0.00013789670006385003
16849.999999999996 0.00013912716017415
