speclite/data/filters/Euclid-J.ecsv
# %ECSV 0.9
# ---
# datatype:
# - {name: wavelength, unit: Angstrom, datatype: float64}
# - {name: response, datatype: float64}
# meta: !!omap
# - {band_name: J}
# - {group_name: Euclid}
# - __serialized_columns__:
#     wavelength:
#       __class__: astropy.units.quantity.Quantity
#       value: !astropy.table.SerializedColumn {name: wavelength}
# schema: astropy-2.0
wavelength response
[from data line 1351]
17149.999999999996 0.0002168242398554
17159.999999999996 0.00021398252874054
17169.999999999996 0.00021075039219576
17179.999999999996 0.00020709319369676
17189.999999999996 0.00020280521190787
17199.999999999996 0.00019798684580104
17209.999999999996 0.00019336827996165
17219.999999999996 0.00018836026588240002
17229.999999999996 0.0001835889312764
17239.999999999996 0.00017901278117296
17249.999999999996 0.00017470525311119998
17259.999999999996 0.000170559678366
17269.999999999996 0.00016666109452760002
17279.999999999996 0.00016324857885609
17289.999999999996 0.00016016542138829002
17299.999999999996 0.00015762589208283002
17309.999999999996 0.00015542609870880002
17319.999999999996 0.00015373037211656
17329.999999999996 0.0001524472911982
17339.999999999996 0.00015150620583372
17349.999999999996 0.00015099743754405
17359.999999999996 0.00015091954362432
17369.999999999996 0.000151317196914
17379.999999999996 0.00015217930237794
17389.999999999996 0.00015340050770029
17399.999999999996 0.00015499960672461
17409.999999999996 0.00015681915217287
17419.999999999996 0.00015936880525517
17429.999999999996 0.00016202832581852
17439.999999999996 0.00016546133721924
17449.999999999996 0.00016893442727355
17459.999999999996 0.00017242991874576
17469.999999999996 0.0001765383198537
17479.999999999996 0.00018119657106885
17489.999999999996 0.00018535586978198
17499.999999999996 0.00018984324559789
17509.999999999996 0.0001939105895475
17519.999999999996 0.00019850219059561997
17529.999999999996 0.00020225887396176
17539.999999999996 0.00020586567866256
17549.999999999996 0.00020904223298199
17559.999999999996 0.00021169349820359998
17569.999999999996 0.000213478740204
17579.999999999996 0.00021444510058725
17589.999999999996 0.00021468670218216003
17599.999999999996 0.00021411710416763
17609.999999999996 0.00021314885377994003
17619.999999999996 0.00021067077240138
17629.999999999996 0.00020839045921520002
17639.999999999996 0.0002049691578288
17649.999999999996 0.00020173144030146
17659.999999999996 0.00019748727005447
17669.999999999996 0.0001935527934878
17679.999999999996 0.00018953536387353
17689.999999999996 0.00018552394234344
17699.999999999996 0.00018107589275900002
17709.999999999996 0.00017706972056798998
17719.999999999996 0.00017338391711423998
17729.999999999996 0.00017022461105056
17739.999999999996 0.00016725591153112
17749.999999999996 0.00016424657083438998
17759.999999999996 0.0001619265793266
17769.999999999996 0.00015972983201933998
17779.999999999996 0.00015808057085016
17789.999999999996 0.00015665568037798
17799.999999999996 0.0001557527446536
17809.999999999996 0.00015523941544272002
17819.999999999996 0.00015500578374096
17829.999999999996 0.00015507425403552
17839.999999999996 0.00015567782155497
17849.999999999996 0.00015651782168721
17859.999999999996 0.00015789003460153
17869.999999999996 0.00015966069314224
17879.999999999996 0.0001617099190224
17889.999999999996 0.0001639736647975
17899.999999999996 0.00016663988325222
17909.999999999996 0.00016947089387256
17919.999999999996 0.00017253637111744002
17929.999999999996 0.0001761297111262
17939.999999999996 0.00017952073801313
17949.999999999996 0.00018345102143981997
17959.999999999996 0.00018681152512132001
17969.999999999996 0.00019046979798288
17979.999999999996 0.00019352264840459999
17989.999999999996 0.00019694301288573001
17999.999999999996 0.00019949157782442
18009.999999999996 0.00020180447440835
18019.999999999996 0.00020383237865496
18029.999999999996 0.00020543802077556
18039.999999999996 0.00020564230200804
18049.999999999996 0.00020554355970717
18059.999999999996 0.00020453828726333997
18069.999999999996 0.00020330513193942
18079.999999999996 0.00020160356483531
18089.999999999996 0.00019881649916334002
18099.999999999996 0.00019582984651846
18109.999999999996 0.00019241322438375
18119.999999999996 0.00018870596963634
18129.999999999996 0.00018485464713372
18139.999999999996 0.00018082757315700002
18149.999999999996 0.0001768815193845
18159.999999999996 0.00017288059280912
18169.999999999996 0.00016902566023256
18179.999999999996 0.0001654949524203
18189.999999999996 0.00016210036592911002
18199.999999999996 0.000158967831336
18209.999999999996 0.00015591305504495
18219.999999999996 0.00015329250039756
18229.999999999996 0.0001511767786214
18239.999999999996 0.00014920511793104
18249.999999999996 0.00014745984132684
18259.999999999996 0.00014644673674205002
18269.999999999996 0.00014557391549568
18279.999999999996 0.000145194551568
18289.999999999996 0.00014479542786236
18299.999999999996 0.00014481845231788002
18309.999999999996 0.00014562328686804
18319.999999999996 0.00014658446911740001
18329.999999999996 0.00014810717629042
18339.999999999996 0.00014977312888776
18349.999999999996 0.00015195033413203
18359.999999999996 0.0001543011127248
18369.999999999996 0.00015708110293096
18379.999999999996 0.00016042158524196
18389.999999999996 0.000163804939688
18399.999999999996 0.000167758467867
18409.999999999996 0.00017221611350700002
18419.999999999996 0.00017660772337631998
18429.999999999996 0.00018137332756896
18439.999999999996 0.00018632155887972002
18449.999999999996 0.0001913379552975
18459.999999999996 0.00019614285412136
18469.999999999996 0.0002013256673996
18479.999999999996 0.00020638270959847
18489.999999999996 0.00021071664168696003
18499.999999999996 0.00021521565371162999
18509.999999999996 0.00021905104544597996
18519.999999999996 0.00022194429107004002
18529.999999999996 0.00022389625031655003
18539.999999999996 0.00022519551775006
18549.999999999996 0.00022575332491104
18559.999999999996 0.00022523028024728
18569.999999999996 0.00022371183616125
18579.999999999996 0.00022178930334548996
18589.999999999996 0.00021870807900047998
18599.999999999996 0.00021501926617732004
18609.999999999996 0.00021110275517900002
18619.999999999996 0.00020658173705622002
18629.999999999996 0.00020200426708064
18639.999999999996 0.00019683875221126999
18649.999999999996 0.00019188508101135998
18659.999999999996 0.00018707858634699
18669.999999999996 0.00018208287925173
18679.999999999996 0.00017702828615052
18689.999999999996 0.00017274905647056
18699.999999999996 0.00016873903989552002
18709.999999999996 0.00016469228456174998
18719.999999999996 0.00016125561879976998
18729.999999999996 0.00015794564830144
18739.999999999996 0.0001552301729793
18749.999999999996 0.00015328308998772
18759.999999999996 0.00015131049548444998
18769.999999999996 0.00014948265996070999
18779.999999999996 0.00014833760336248003
18789.999999999996 0.00014760016347235
18799.999999999996 0.0001470800258816
18809.999999999996 0.00014674721471423998
18819.999999999996 0.00014695489473462
18829.999999999996 0.00014764630456582002
18839.999999999996 0.00014877189746377998
18849.999999999996 0.000150048302628
18859.999999999996 0.00015191029142988
18869.999999999996 0.00015397982338782
18879.999999999996 0.000156469296313
18889.999999999996 0.00015901388317298
18899.999999999996 0.00016202887135326001
18909.999999999996 0.00016569017021272
18919.999999999996 0.0001696027648035
18929.999999999996 0.00017377657922695
18939.999999999996 0.00017820958869459999
18949.999999999996 0.00018290269806640002
18959.999999999996 0.00018756985847650002
18969.999999999996 0.0001921448393185
18979.999999999996 0.0001965649633447
18989.999999999996 0.00020122439410590002
18999.999999999996 0.00020611075998991
19009.999999999996 0.00021007683864860001
19019.999999999996 0.0002138073951897
19029.999999999996 0.00021702631671721
19039.999999999996 0.00021949332857850001
19049.999999999996 0.00022149445718224
19059.999999999996 0.00022260932566199997
19069.999999999996 0.0002228064842124
19079.999999999996 0.0002223740775249
19089.999999999996 0.00022087354882656
19099.999999999996 0.00021854664439534003
19109.999999999996 0.00021567194764289999
19119.999999999996 0.00021167993404080002
19129.999999999996 0.00020796706073792002
19139.999999999996 0.00020355378100693998
19149.999999999996 0.00019872414343304003
19159.999999999996 0.00019403600825370002
19169.999999999996 0.00018902806455075
19179.999999999996 0.00018416248765625002
19189.999999999996 0.00017912571041741002
19199.999999999996 0.00017456489269218
19209.999999999996 0.00017025654325056002
19219.999999999996 0.00016593416712015
19229.999999999996 0.00016197300428650002
19239.999999999996 0.00015803681053069
19249.999999999996 0.00015500190379124
19259.999999999996 0.00015228455859365
19269.999999999996 0.00014960380664601002
19279.999999999996 0.00014684247049230001
19289.999999999996 0.00014517287505699
19299.999999999996 0.00014370257578505
19309.999999999996 0.00014269113633719999
19319.999999999996 0.00014177140821063002
19329.999999999996 0.00014099432840168
19339.999999999996 0.00014118143624712001
19349.999999999996 0.0001410093470526
19359.999999999996 0.00014153189944075
19369.999999999996 0.00014215481391852
19379.999999999996 0.00014347279847334
19389.999999999996 0.00014502483625344
19399.999999999996 0.00014681334617622
19409.999999999996 0.0001491546482676
19419.999999999996 0.00015180747962575
19429.999999999996 0.00015461819873516
19439.999999999996 0.00015801873934571999
19449.999999999996 0.00016164426565652
19459.999999999996 0.00016581920678041998
19469.999999999996 0.00017032317539085
19479.999999999996 0.0001750979570828
19489.999999999996 0.00018003009364469998
19499.999999999996 0.00018544318834894002
19509.999999999996 0.00019057390638732
19519.999999999996 0.00019652111824800003
19529.999999999996 0.00020201122021398001
19539.999999999996 0.00020749841745316
19549.999999999996 0.00021330872321225996
19559.999999999996 0.00021814817163259
19569.999999999996 0.0002230995023697
19579.999999999996 0.00022764380398272003
19589.999999999996 0.00023144575280160002
19599.999999999996 0.00023396447497556
19609.999999999996 0.00023583858925718999
19619.999999999996 0.00023740477126479002
19629.999999999996 0.00023770067798553
19639.999999999996 0.00023661449775950002
19649.999999999996 0.00023477916720707998
19659.999999999996 0.00023240958104833002
19669.999999999996 0.00022901954883984
19679.999999999996 0.00022517536582848002
19689.999999999996 0.00022013095647444
19699.999999999996 0.00021526245970021
19709.999999999996 0.00021014935373300003
19719.999999999996 0.00020458010769263999
19729.999999999996 0.00019897302093944
19739.999999999996 0.0001938619569024
19749.999999999996 0.0001880655293119
19759.999999999996 0.00018340118955099
19769.999999999996 0.00017851269763316
19779.999999999996 0.00017343405119462998
19789.999999999996 0.0001691207811256
19799.999999999996 0.00016503231690185
19809.999999999996 0.00016140362745008
19819.999999999996 0.00015830599394088
19829.999999999996 0.00015510076567100002
19839.999999999996 0.00015245632512992
19849.999999999996 0.0001500408570924
19859.999999999996 0.00014816973569788
19869.999999999996 0.00014636321322768
19879.999999999996 0.00014491033360144998
19889.999999999996 0.00014381743755026
19899.999999999996 0.00014321246403659998
19909.999999999996 0.0001430108126138
19919.999999999996 0.00014276885530446
19929.999999999996 0.00014331210277552
19939.999999999996 0.00014383746888864
19949.999999999996 0.00014459165613068
19959.999999999996 0.00014578925510061
19969.999999999996 0.00014733552476048
19979.999999999996 0.00014918147251488
19989.999999999996 0.00015115113609433
19999.999999999996 0.00015381663923397002
20009.999999999996 0.0001564671410352
20019.999999999996 0.00015943275031908
20029.999999999996 0.00016234822729458
20039.999999999996 0.00016611739392383
20049.999999999996 0.00016950727097964001
20059.999999999996 0.00017348461194032
20069.999999999996 0.00017745299276040002
20079.999999999996 0.00018174750710178
20089.999999999996 0.00018598879461463
20099.999999999996 0.0001901942032796
20109.999999999996 0.00019417602546458
20119.999999999996 0.00019793292813198002
20129.999999999996 0.0002018244833511
20139.999999999996 0.00020543342176544
20149.999999999996 0.00020868720785984
20159.999999999996 0.00021121314945468
20169.999999999996 0.0002133356214822
20179.999999999996 0.00021463961666231003
20189.999999999996 0.0002153555829909
20199.999999999996 0.0002152728468084
20209.999999999996 0.00021480006988748
20219.999999999996 0.00021368741021915
20229.999999999996 0.00021178327661391998
20239.999999999996 0.00020932398984705
20249.999999999996 0.00020663500657232
20259.999999999996 0.00020294326059495
20269.999999999996 0.0001989729271584
20279.999999999996 0.00019538335051144
20289.999999999996 0.00019121427737489
20299.999999999996 0.00018696907282041
20309.999999999996 0.00018247278645763001
20319.999999999996 0.00017811296253132
20329.999999999996 0.000174048167998
20339.999999999996 0.00017002875023818
20349.999999999996 0.000166060045638
20359.999999999996 0.00016251911838976
20369.999999999996 0.0001586882923695
20379.999999999996 0.00015552525808296
20389.999999999996 0.00015272764718075
20399.999999999996 0.00014985688569392
20409.999999999996 0.00014732507082968
20419.999999999996 0.0001452347137975
20429.999999999996 0.00014366524122819
20439.999999999996 0.00014174882391515997
20449.999999999996 0.00014066305227326
20459.999999999996 0.000139237866625
20469.999999999996 0.00013835989961046
20479.999999999996 0.0001381291865064
20489.999999999996 0.00013787292214493998
20499.999999999996 0.0001377701014615
20509.999999999996 0.00013838093535024
20519.999999999996 0.00013907999482060002
20529.999999999996 0.00013995700745016
20539.999999999996 0.00014124065062271
20549.999999999996 0.00014272663502993
20559.999999999996 0.00014434884941904
20569.999999999996 0.00014648954515168
20579.999999999996 0.00014858381554720001
20589.999999999996 0.00015089547022725997
20599.999999999996 0.00015400469784
20609.999999999996 0.00015745376074002
20619.999999999996 0.00016026324178559998
20629.999999999996 0.00016410499743490001
20639.999999999996 0.00016811110851828
20649.999999999996 0.00017196339349875
20659.999999999996 0.00017604205314045
20669.999999999996 0.00018068363828009
20679.999999999996 0.00018482276001904
20689.999999999996 0.00018908920055781
20699.999999999996 0.0001932666852708
20709.999999999996 0.00019648974624125002
20719.999999999996 0.00020041402345536002
20729.999999999996 0.00020335277310288001
20739.999999999996 0.00020586187210644
20749.999999999996 0.00020878622833476
20759.999999999996 0.00020989863355355999
20769.999999999996 0.00021045363270625998
20779.999999999996 0.00021094592691538
20789.999999999996 0.00020891089594594003
20799.999999999996 0.00020765557854677999
20809.999999999996 0.00020537887745628004
20819.999999999996 0.00020219406521326
20829.999999999996 0.00019852808932256
20839.999999999996 0.00019379857866135
20849.999999999996 0.0001895163162894
20859.999999999996 0.00018387218021184002
20869.999999999996 0.0001783238026176
20879.999999999996 0.00017313321921512
20889.999999999996 0.0001672296934651
20899.999999999996 0.00016159372190008
20909.999999999996 0.00015570622525822
20919.999999999996 0.00015052743376128
20929.999999999996 0.00014511093172091998
20939.999999999996 0.00014047806812083003
20949.999999999996 0.00013536916492107
20959.999999999996 0.00013072177405942
20969.999999999996 0.00012629878867668998
20979.999999999996 0.00012237341200431999
20989.999999999996 0.00012017965625094001
20999.999999999996 0.0
