speclite/data/filters/Euclid-VIS.ecsv
# %ECSV 0.9
# ---
# datatype:
# - {name: wavelength, unit: Angstrom, datatype: float64}
# - {name: response, datatype: float64}
# meta: !!omap
# - {band_name: VIS}
# - {group_name: Euclid}
# - __serialized_columns__:
#     wavelength:
#       __class__: astropy.units.quantity.Quantity
#       value: !astropy.table.SerializedColumn {name: wavelength}
# schema: astropy-2.0
wavelength response
[from data line 533]
8319.999999999998 0.809215532
8329.999999999998 0.812460623
8339.999999999998 0.816268166
8349.999999999998 0.82030559
8359.999999999998 0.820219302
8369.999999999998 0.810719322
8379.999999999998 0.812612835
8389.999999999998 0.819742519
8399.999999999998 0.817839758
8409.999999999998 0.819002024
8419.999999999998 0.818606951
8429.999999999998 0.813488884
8439.999999999998 0.825466081
8449.999999999998 0.827713484
8459.999999999998 0.819673817
8469.999999999998 0.816474696
8479.999999999998 0.810984895
8489.999999999998 0.811293913
8499.999999999998 0.816055019
8509.999999999998 0.821570329
8519.999999999998 0.822388583
8529.999999999998 0.829617391
8539.999999999998 0.835370876
8549.999999999998 0.81990413
8559.999999999998 0.816383489
8569.999999999998 0.823421462
8579.999999999998 0.819547271
8589.999999999998 0.820518355
8599.999999999998 0.836122059
8609.999999999998 0.839190652
8619.999999999998 0.841691846
8629.999999999998 0.839245799
8639.999999999998 0.840571433
8649.999999999998 0.820499098
8659.999999999998 0.830884694
8669.999999999998 0.830576219
8679.999999999998 0.812101737
8689.999999999998 0.831387432
8699.999999999998 0.830383393
8709.999999999998 0.832699712
8719.999999999998 0.825265359
8729.999999999998 0.8427554
8739.999999999998 0.829902906
8749.999999999998 0.818651907
8759.999999999998 0.82558494
8769.999999999998 0.829600478
8779.999999999998 0.839851154
8789.999999999998 0.83154971
8799.999999999998 0.817879108
8809.999999999998 0.817585091
8819.999999999998 0.828065347
8829.999999999998 0.814924728
8839.999999999998 0.816758673
8849.999999999998 0.822272329
8859.999999999998 0.816392235
8869.999999999998 0.822111209
8879.999999999998 0.820019919
8889.999999999998 0.823669275
8899.999999999998 0.827797998
8909.999999999998 0.825576372
8919.999999999998 0.832019894
8929.999999999998 0.835867091
8939.999999999998 0.833266053
8949.999999999998 0.828382961
8959.999999999998 0.833313909
8969.999999999998 0.836720163
8979.999999999998 0.834289081
8989.999999999998 0.833214716
8999.999999999998 0.827757599
9009.999999999998 0.823215238
9019.999999999998 0.826427658
9029.999999999998 0.82397695
9039.999999999998 0.817500043
9049.999999999998 0.827704966
9059.999999999998 0.836733535
9069.999999999998 0.832288689
9079.999999999998 0.832677242
9089.999999999998 0.834080539
9099.999999999998 0.82279633
9109.999999999998 0.81416932
9119.999999999998 0.814216407
9129.999999999998 0.819975205
9139.999999999998 0.824813862
9149.999999999998 0.819962181
9159.999999999998 0.806691541
9169.999999999998 0.793198096
9179.999999999998 0.772958942
9189.999999999998 0.748032316
9199.999999999998 0.717051582
9209.999999999998 0.675225485
9219.999999999998 0.610164608
9229.999999999998 0.5346312
9239.999999999998 0.454811677
9249.999999999998 0.365863527
9259.999999999998 0.273513615
9269.999999999998 0.19002852
9279.999999999998 0.120749527
9289.999999999998 0.06865792
9299.999999999998 0.036413683
9309.999999999998 0.017768327
9319.999999999998 0.010628706
9329.999999999998 0.009107975
9339.999999999998 0.009128806
9349.999999999998 0.010594133
9359.999999999998 0.012360269
9369.999999999998 0.01361801
9379.999999999998 0.014070837
9389.999999999998 0.014598493
9399.999999999998 0.014870328
9409.999999999998 0.014713331
9419.999999999998 0.013653061
9429.999999999998 0.012659067
9439.999999999998 0.011825729
9449.999999999998 0.010864319
9459.999999999998 0.009525807
9469.999999999998 0.007854652
9479.999999999998 0.006412087
9489.999999999998 0.005069828
9499.999999999998 0.004261996
9509.999999999998 0.003346092
9519.999999999998 0.002794219
9529.999999999998 0.002386179
9539.999999999998 0.002296045
9549.999999999998 0.002443625
9559.999999999998 0.002150776
9569.999999999998 0.001523625
9579.999999999998 0.001663582
9589.999999999998 0.001337501
9599.999999999998 0.001295202
9609.999999999998 0.001770733
9619.999999999998 0.001176998
9629.999999999998 0.001042425
9639.999999999998 0.001175457
9649.999999999998 0.001216801
9659.999999999998 0.001248938
9669.999999999998 0.000993035
9679.999999999998 0.000837308
9689.999999999998 0.0009434
9699.999999999998 0.000973494
9709.999999999998 0.000965935
9719.999999999998 0.000920179
9729.999999999998 0.000864778
9739.999999999998 0.000833931
9749.999999999998 0.000891501
9759.999999999998 0.000918
9769.999999999998 0.000929074
9779.999999999998 0.000896479
9789.999999999998 0.000936431
9799.999999999998 0.000895683
9809.999999999998 0.000965787
9819.999999999998 0.001001268
9829.999999999998 0.000993497
9839.999999999998 0.000976632
9849.999999999998 0.000873391
9859.999999999998 0.000936626
9869.999999999998 0.000970792
9879.999999999998 0.000938286
9889.999999999998 0.000923688
9899.999999999998 0.000887384
9909.999999999998 0.000852493
9919.999999999998 0.000810652
9929.999999999998 0.000757082
9939.999999999998 0.000713713
9949.999999999998 0.000689138
9959.999999999998 0.000677361
9969.999999999998 0.000648941
9979.999999999998 0.000611661
9989.999999999998 0.000570788
9999.999999999998 0.000525869
10009.999999999998 0.000446563
10019.999999999998 0.000467115
10029.999999999998 0.000441532
10039.999999999998 0.000446605
10049.999999999998 0.000422835
10059.999999999998 0.000419705
10069.999999999998 0.000404949
10079.999999999998 0.000412399
10089.999999999998 0.000407246
10099.999999999998 0.000411899
10109.999999999998 0.000448355
10119.999999999998 0.000465053
10129.999999999998 0.000462865
10139.999999999998 0.000522637
10149.999999999998 0.000511485
10159.999999999998 0.00053391
10169.999999999998 0.000567221
10179.999999999998 0.000577742
10189.999999999998 0.000653331
10199.999999999998 0.000677897
10209.999999999998 0.000691813
10219.999999999998 0.000690717
10229.999999999998 0.000717654
10239.999999999998 0.000747054
10249.999999999998 0.000782225
10259.999999999998 0.000794786
10269.999999999998 0.000798601
10279.999999999998 0.000870158
10289.999999999998 0.00088209
10299.999999999998 0.000882781
10309.999999999998 0.000887266
10319.999999999998 0.00085132
10329.999999999998 0.000881725
10339.999999999998 0.000852509
10349.999999999998 0.000828519
10359.999999999998 0.000821536
10369.999999999998 0.000831066
10379.999999999998 0.000764826
10389.999999999998 0.000751738
10399.999999999998 0.00072343
10409.999999999998 0.000652903
10419.999999999998 0.000627201
10429.999999999998 0.000607431
10439.999999999998 0.000603611
10449.999999999998 0.000561226
10459.999999999998 0.000527909
10469.999999999998 0.000530779
10479.999999999998 0.000513379
10489.999999999998 0.000539665
10499.999999999998 0.000543571
10509.999999999998 0.000530588
10519.999999999998 0.000543341
10529.999999999998 0.000553871
10539.999999999998 0.000574779
10549.999999999998 0.000592413
10559.999999999998 0.000605338
10569.999999999998 0.000621587
10579.999999999998 0.00062902
10589.999999999998 0.000640744
10599.999999999998 0.000656164
10609.999999999998 0.000671216
10619.999999999998 0.000672845
10629.999999999998 0.000667902
10639.999999999998 0.000651023
10649.999999999998 0.000648184
10659.999999999998 0.000638731
10669.999999999998 0.000615296
10679.999999999998 0.000618706
10689.999999999998 0.000588407
10699.999999999998 0.000564318
10709.999999999998 0.0005358
10719.999999999998 0.000503509
10729.999999999998 0.000466525
10739.999999999998 0.000434725
10749.999999999998 0.00040946
10759.999999999998 0.000380121
10769.999999999998 0.000341338
10779.999999999998 0.000298903
10789.999999999998 0.000282097
10799.999999999998 0.00026195
10809.999999999998 0.000228514
10819.999999999998 0.000199823
10829.999999999998 0.000195995
10839.999999999998 0.000177876
10849.999999999998 0.000156381
10859.999999999998 0.000153614
10869.999999999998 0.000142937
10879.999999999998 0.000135903
10889.999999999998 0.000128292
10899.999999999998 0.000124136
10909.999999999998 0.000124031
10919.999999999998 0.000123191
10929.999999999998 0.000120627
10939.999999999998 0.000118258
10949.999999999998 0.000116455
10959.999999999998 0.000121589
10969.999999999998 0.000122534
10979.999999999998 0.000125566
10989.999999999998 0.000131993
10999.999999999998 0.000139288
11009.999999999998 0.000147245
11019.999999999998 0.000156809
11029.999999999998 0.000163877
11039.999999999998 0.000173748
11049.999999999998 0.000187097
11059.999999999998 0.000203583
11069.999999999998 0.00022445
11079.999999999998 0.000243884
11089.999999999998 0.000258018
11099.999999999998 0.000279423
11109.999999999998 0.000303713
11119.999999999998 0.000326311
11129.999999999998 0.000351822
11139.999999999998 0.000379173
11149.999999999998 0.000411805
11159.999999999998 0.00044168
11169.999999999998 0.00045676
11179.999999999998 0.000481006
11189.999999999998 0.000513525
11199.999999999998 0.000557061
11209.999999999998 0.000604973
11219.999999999998 0.00062748
11229.999999999998 0.000660798
11239.999999999998 0.000706475
11249.999999999998 0.00070135
11259.999999999998 0.000738469
11269.999999999998 0.000789425
11279.999999999998 0.000838445
11289.999999999998 0.00089588
11299.999999999998 0.000925971
11309.999999999998 0.000979072
11319.999999999998 0.000992383
11329.999999999998 0.000999651
11339.999999999998 0.001066123
11349.999999999998 0.001121479
11359.999999999998 0.001161505
11369.999999999998 0.001185171
11379.999999999998 0.001222394
11389.999999999998 0.001228375
11399.999999999998 0.001259512
11409.999999999998 0.001291751
11419.999999999998 0.001313332
11429.999999999998 0.001319176
11439.999999999998 0.001277737
11449.999999999998 0.001333529
11459.999999999998 0.001280347
11469.999999999998 0.001253003
11479.999999999998 0.001264006
11489.999999999998 0.001237497
11499.999999999998 0.001232403
11509.999999999998 0.001163759
11519.999999999998 0.001101889
11529.999999999998 0.001081076
11539.999999999998 0.001060764
11549.999999999998 0.00101786
11559.999999999998 0.001043352
11569.999999999998 0.000984056
11579.999999999998 0.00095221
11589.999999999998 0.000946956
11599.999999999998 0.000920549
11609.999999999998 0.000946416
11619.999999999998 0.000964477
11629.999999999998 0.00094851
11639.999999999998 0.000941055
11649.999999999998 0.001006306
11659.999999999998 0.001039767
11669.999999999998 0.001139087
11679.999999999998 0.0011573
11689.999999999998 0.001238361
11699.999999999998 0.001316501
11709.999999999998 0.001344606
11719.999999999998 0.001451192
11729.999999999998 0.001512113
11739.999999999998 0.001563415
11749.999999999998 0.001715226
11759.999999999998 0.001765282
11769.999999999998 0.001876904
11779.999999999998 0.001956092
11789.999999999998 0.002050111
11799.999999999998 0.002111592
11809.999999999998 0.002138363
11819.999999999998 0.002272462
11829.999999999998 0.002304258
11839.999999999998 0.002429397
11849.999999999998 0.002470528
11859.999999999998 0.002504703
11869.999999999998 0.002475984
11879.999999999998 0.002532847
11889.999999999998 0.002501225
11899.999999999998 0.002538289
11909.999999999998 0.002535675
11919.999999999998 0.002512999
11929.999999999998 0.002429669
11939.999999999998 0.002401952
11949.999999999998 0.002329712
11959.999999999998 0.002322991
11969.999999999998 0.002220143
11979.999999999998 0.002158239
11989.999999999998 0.002073913
11999.999999999998 0.0
