speclite/data/filters/Euclid-VIS.ecsv
# %ECSV 0.9
# ---
# datatype:
# - {name: wavelength, unit: Angstrom, datatype: float64}
# - {name: response, datatype: float64}
# meta: !!omap
# - {band_name: VIS}
# - {group_name: Euclid}
# - __serialized_columns__:
#     wavelength:
#       __class__: astropy.units.quantity.Quantity
#       value: !astropy.table.SerializedColumn {name: wavelength}
# schema: astropy-2.0
wavelength response
2989.9999999999995 0.0
2999.9999999999995 3.90252e-07
3009.9999999999995 2.68692e-07
3019.9999999999995 5.03534e-11
3029.9999999999995 1.10623e-07
3039.9999999999995 1.55943e-07
3049.9999999999995 5.93646e-08
3059.9999999999995 5.92435e-08
3069.9999999999995 2.57914e-11
3079.9999999999995 5.38862e-08
3089.9999999999995 3.01838e-08
3099.9999999999995 1.91573e-08
3109.9999999999995 3.50631e-08
3119.9999999999995 2.39062e-09
3129.9999999999995 8.79285e-09
3139.9999999999995 1.57706e-08
3149.9999999999995 2.80061e-11
3159.9999999999995 1.07715e-08
3169.9999999999995 2.48085e-08
3179.9999999999995 1.84202e-08
3189.9999999999995 4.14174e-08
3199.9999999999995 8.66911e-08
3209.9999999999995 1.64198e-07
3219.9999999999995 4.88859e-07
3229.9999999999995 1.58837e-06
3239.9999999999995 2.22569e-05
3249.9999999999995 2.63866e-05
3259.9999999999995 5.16323e-05
3269.9999999999995 0.000209886
3279.9999999999995 0.000357649
3289.9999999999995 0.000129101
3299.9999999999995 0.000342404
3309.9999999999995 0.000485249
3319.9999999999995 0.000471299
3329.9999999999995 0.000355059
3339.9999999999995 0.000286401
3349.9999999999995 0.000246034
3359.9999999999995 8.23496e-05
3369.9999999999995 0.000123146
3379.9999999999995 9.82677e-05
3389.9999999999995 5.39097e-05
3399.9999999999995 0.000132682
3409.9999999999995 0.000170421
3419.9999999999995 0.000297501
3429.9999999999995 0.000155556
3439.9999999999995 0.000201294
3449.9999999999995 0.000139202
3459.9999999999995 8.3274e-05
3469.9999999999995 1.53128e-05
3479.9999999999995 6.52781e-05
3489.9999999999995 0.000252949
3499.9999999999995 0.00032439
3509.9999999999995 0.000525134
3519.9999999999995 0.000635239
3529.9999999999995 0.000595775
3539.9999999999995 0.000273593
3549.9999999999995 0.000248524
3559.9999999999995 0.000540176
3569.9999999999995 0.000723742
3579.9999999999995 0.001040634
3589.9999999999995 0.000891089
3599.9999999999995 0.000586184
3609.9999999999995 0.000408227
3619.9999999999995 0.000779633
3629.9999999999995 0.000432144
3639.9999999999995 0.000791511
3649.9999999999995 0.000972083
3659.9999999999995 0.00119339
3669.9999999999995 0.001991025
3679.9999999999995 0.0012472
3689.9999999999995 0.001055041
3699.9999999999995 0.001180964
3709.9999999999995 0.001114575
3719.9999999999995 0.001004557
3729.9999999999995 0.001481348
3739.9999999999995 0.001437716
3749.9999999999995 0.0013156
3759.9999999999995 0.001408047
3769.9999999999995 0.001662938
3779.9999999999995 0.001448225
3789.9999999999995 0.001558586
3799.9999999999995 0.001522024
3809.9999999999995 0.000958086
3819.9999999999995 0.000867232
3829.9999999999995 0.001383711
3839.999999999999 0.001335834
3849.999999999999 0.001270977
3859.999999999999 0.001473994
3869.999999999999 0.001652148
3879.999999999999 0.001871571
3889.999999999999 0.002059163
3899.999999999999 0.00207317
3909.999999999999 0.002020374
3919.999999999999 0.001021586
3929.999999999999 0.000395055
3939.999999999999 0.000122512
3949.999999999999 7.32017e-05
3959.999999999999 3.80924e-05
3969.999999999999 1.9532e-05
3979.999999999999 2.14529e-05
3989.999999999999 2.35884e-05
3999.999999999999 2.83578e-05
4009.999999999999 3.42256e-05
4019.999999999999 4.45811e-05
4029.999999999999 3.49123e-05
4039.999999999999 1.72392e-05
4049.999999999999 1.87293e-05
4059.999999999999 2.84884e-05
4069.999999999999 3.09103e-05
4079.999999999999 2.63601e-05
4089.999999999999 2.51231e-05
4099.999999999999 2.93454e-05
4109.999999999999 3.61609e-05
4119.999999999999 3.65374e-05
4129.999999999999 2.7544e-05
4139.999999999999 2.37239e-05
4149.999999999999 3.16186e-05
4159.999999999999 3.21353e-05
4169.999999999999 2.74223e-05
4179.999999999999 2.17358e-05
4189.999999999999 1.77627e-05
4199.999999999999 2.60239e-05
4209.999999999999 5.7084e-05
4219.999999999999 8.81508e-05
4229.999999999999 0.000107826
4239.999999999999 9.17333e-05
4249.999999999999 5.97334e-05
4259.999999999999 6.43932e-05
4269.999999999999 0.000111596
4279.999999999999 0.000131646
4289.999999999999 0.000134954
4299.999999999999 0.000123499
4309.999999999999 0.000148326
4319.999999999999 0.000183601
4329.999999999999 0.000194301
4339.999999999999 0.000148125
4349.999999999999 0.000123339
4359.999999999999 0.000154164
4369.999999999999 0.000154129
4379.999999999999 0.000100808
4389.999999999999 7.26402e-05
4399.999999999999 0.000167786
4409.999999999999 0.000308502
4419.999999999999 0.000385288
4429.999999999999 0.000322881
4439.999999999999 0.000257272
4449.999999999999 0.000212802
4459.999999999999 0.000217986
4469.999999999999 0.000266708
4479.999999999999 0.000382967
4489.999999999999 0.000519022
4499.999999999999 0.000590172
4509.999999999999 0.000621546
4519.999999999999 0.000602495
4529.999999999999 0.00051982
4539.999999999999 0.000386555
4549.999999999999 0.000261989
4559.999999999999 0.000239011
4569.999999999999 0.000278317
4579.999999999999 0.000367408
4589.999999999999 0.000463528
4599.999999999999 0.000508404
4609.999999999999 0.000452214
4619.999999999999 0.000297411
4629.999999999999 0.000203029
4639.999999999999 0.000279191
4649.999999999999 0.00044723
4659.999999999999 0.000666904
4669.999999999999 0.000848655
4679.999999999999 0.000900556
4689.999999999999 0.000924512
4699.999999999999 0.000998858
4709.999999999999 0.001034609
4719.999999999999 0.000920809
4729.999999999999 0.00075415
4739.999999999999 0.00061857
4749.999999999999 0.000623394
4759.999999999999 0.000760838
4769.999999999999 0.001014546
4779.999999999999 0.001295359
4789.999999999999 0.00150624
4799.999999999999 0.001623426
4809.999999999999 0.001527433
4819.999999999999 0.001303806
4829.999999999999 0.001189329
4839.999999999999 0.00118725
4849.999999999999 0.001212531
4859.999999999999 0.001333647
4869.999999999999 0.001600394
4879.999999999999 0.001932221
4889.999999999999 0.002242274
4899.999999999999 0.002335757
4909.999999999999 0.002216306
4919.999999999999 0.0020346
4929.999999999999 0.001939844
4939.999999999999 0.002080978
4949.999999999999 0.002572101
4959.999999999999 0.003632834
4969.999999999999 0.005044151
4979.999999999999 0.006318182
4989.999999999999 0.00694655
4999.999999999999 0.0066872
5009.999999999999 0.005786019
5019.999999999999 0.004730685
5029.999999999999 0.004050044
5039.999999999999 0.004110282
5049.999999999999 0.005008668
5059.999999999999 0.006539933
5069.999999999999 0.007409745
5079.999999999999 0.007132027
5089.999999999999 0.005923062
5099.999999999999 0.004196019
5109.999999999999 0.002895361
5119.999999999999 0.002573737
5129.999999999999 0.003149678
5139.999999999999 0.004569335
5149.999999999999 0.007224589
5159.999999999999 0.011084386
5169.999999999999 0.015922565
5179.999999999999 0.020935234
5189.999999999999 0.025324752
5199.999999999999 0.028027934
5209.999999999999 0.029722625
5219.999999999999 0.031342443
5229.999999999999 0.03325207
5239.999999999999 0.034970912
5249.999999999999 0.035253829
5259.999999999999 0.032725038
5269.999999999999 0.027605578
5279.999999999999 0.022701457
5289.999999999999 0.019056402
5299.999999999999 0.017141597
5309.999999999999 0.016518222
5319.999999999999 0.015790111
5329.999999999999 0.015936325
5339.999999999999 0.018987668
5349.999999999999 0.028290894
5359.999999999999 0.047296662
5369.999999999999 0.079921438
5379.999999999999 0.131920322
5389.999999999999 0.207993663
5399.999999999999 0.297248907
5409.999999999999 0.381464558
5419.999999999999 0.449921009
5429.999999999999 0.506751185
5439.999999999999 0.572808327
5449.999999999999 0.649745004
5459.999999999999 0.721019845
5469.999999999999 0.76474293
5479.999999999999 0.78518298
5489.999999999999 0.795767306
5499.999999999999 0.800415622
5509.999999999999 0.801424758
5519.999999999999 0.801516704
5529.999999999999 0.803675042
5539.999999999999 0.804474253
5549.999999999999 0.806584111
5559.999999999999 0.808087273
5569.999999999999 0.805697724
5579.999999999999 0.805520275
5589.999999999999 0.806473
5599.999999999999 0.808957211
5609.999999999999 0.808432082
5619.999999999999 0.810139265
5629.999999999999 0.812977825
5639.999999999999 0.81044435
5649.999999999999 0.81217454
5659.999999999999 0.810948685
5669.999999999999 0.810596497
5679.999999999999 0.810418891
5689.999999999999 0.807492241
5699.999999999999 0.810406094
5709.999999999999 0.810236029
5719.999999999999 0.809163717
5729.999999999999 0.810726403
5739.999999999999 0.812412695
5749.999999999999 0.81438446
5759.999999999999 0.813745644
5769.999999999999 0.81290054
5779.999999999999 0.813983886
5789.999999999999 0.81331307
5799.999999999999 0.814345132
5809.999999999999 0.814167377
5819.999999999999 0.813998313
5829.999999999999 0.811592174
5839.999999999999 0.812156534
5849.999999999999 0.81414786
5859.999999999999 0.81196954
5869.999999999999 0.813125919
5879.999999999999 0.81484542
5889.999999999999 0.812197688
5899.999999999999 0.814087106
5909.999999999999 0.814649638
5919.999999999999 0.812011984
5929.999999999999 0.811248478
5939.999999999999 0.812677069
5949.999999999999 0.814089743
5959.999999999999 0.810475005
5969.999999999999 0.810353708
5979.999999999999 0.811880953
5989.999999999999 0.811028443
5999.999999999999 0.811439386
6009.999999999999 0.810862428
6019.999999999999 0.809577333
6029.999999999999 0.810137557
6039.999999999999 0.813558805
6049.999999999999 0.811358456
6059.999999999999 0.81213537
6069.999999999999 0.812013436
6079.999999999999 0.813489988
6089.999999999999 0.810667995
6099.999999999999 0.8124318
6109.999999999999 0.812878833
6119.999999999999 0.809763508
6129.999999999999 0.80995162
6139.999999999999 0.810168839
6149.999999999999 0.81408206
6159.999999999999 0.810040912
6169.999999999999 0.806358055
6179.999999999999 0.808252551
6189.999999999999 0.809696225
6199.999999999999 0.810855407
6209.999999999999 0.811215459
6219.999999999999 0.808171511
6229.999999999999 0.806756401
6239.999999999999 0.807900054
6249.999999999999 0.807081233
6259.999999999999 0.808827512
6269.999999999999 0.808922591
6279.999999999999 0.808623151
6289.999999999999 0.808179996
6299.999999999999 0.808494749
6309.999999999999 0.808948688
6319.999999999999 0.80832956
6329.999999999999 0.807719026
6339.999999999999 0.808328754
6349.999999999999 0.807222415
6359.999999999999 0.808563633
6369.999999999999 0.805663789
6379.999999999999 0.806909419
6389.999999999999 0.804523099
6399.999999999999 0.803825637
6409.999999999999 0.80321304
6419.999999999999 0.805646488
6429.999999999999 0.803435548
6439.999999999999 0.80244771
6449.999999999999 0.80564173
6459.999999999999 0.804883965
6469.999999999999 0.804512156
6479.999999999999 0.802212566
6489.999999999999 0.801136107
6499.999999999999 0.802335312
6509.999999999999 0.801040541
6519.999999999999 0.80127328
6529.999999999999 0.803735923
6539.999999999999 0.800695179
6549.999999999999 0.800601016
6559.999999999999 0.797731999
6569.999999999999 0.797152282
6579.999999999999 0.798576069
6589.999999999999 0.800560588
6599.999999999999 0.79633209
6609.999999999999 0.798769924
6619.999999999999 0.795966772
6629.999999999999 0.798420334
6639.999999999999 0.795760983
6649.999999999999 0.795259312
6659.999999999999 0.797609534
6669.999999999999 0.795991292
6679.999999999999 0.797205744
6689.999999999999 0.799217767
6699.999999999999 0.793795377
6709.999999999999 0.792568194
6719.999999999999 0.792845904
6729.999999999999 0.79095723
6739.999999999999 0.788460544
6749.999999999999 0.792512152
6759.999999999999 0.78776411
6769.999999999999 0.791008747
6779.999999999999 0.793283837
6789.999999999999 0.791624869
6799.999999999999 0.795111083
6809.999999999999 0.794714169
6819.999999999999 0.794279482
6829.999999999999 0.793183891
6839.999999999999 0.792492184
6849.999999999999 0.793603254
6859.999999999999 0.79209411
6869.999999999999 0.799702715
6879.999999999999 0.795521865
6889.999999999999 0.793760804
6899.999999999999 0.795732945
6909.999999999999 0.796604378
6919.999999999999 0.795586558
6929.999999999999 0.793455572
6939.999999999999 0.794157083
6949.999999999999 0.798891488
6959.999999999999 0.794475992
6969.999999999999 0.790211275
6979.999999999999 0.788572597
6989.999999999999 0.788666736
6999.999999999999 0.786494293
7009.999999999999 0.792536425
7019.999999999999 0.788404149
7029.999999999999 0.788251946
7039.999999999999 0.791881287
7049.999999999999 0.793010891
7059.999999999999 0.792024949
7069.999999999999 0.792374164
7079.999999999999 0.788104084
7089.999999999999 0.790711845
7099.999999999999 0.789761612
7109.999999999999 0.788220632
7119.999999999999 0.785883583
7129.999999999999 0.791413704
7139.999999999999 0.789781463
7149.999999999999 0.786010167
7159.999999999999 0.788356117
7169.999999999999 0.789658692
7179.999999999999 0.787828375
7189.999999999999 0.789507215
7199.999999999999 0.792874891
7209.999999999999 0.78630325
7219.999999999999 0.793303174
7229.999999999999 0.790538599
7239.999999999999 0.793634006
7249.999999999999 0.78868193
7259.999999999999 0.796564529
7269.999999999999 0.794653601
7279.999999999999 0.791968939
7289.999999999999 0.79243186
7299.999999999999 0.79460066
7309.999999999999 0.79721272
7319.999999999999 0.792793613
7329.999999999999 0.792542663
7339.999999999999 0.794675861
7349.999999999999 0.798433291
7359.999999999999 0.795535007
7369.999999999999 0.794105136
7379.999999999999 0.793977239
7389.999999999999 0.797256127
7399.999999999999 0.798027194
7409.999999999999 0.793178703
7419.999999999999 0.791372952
7429.999999999999 0.794339704
7439.999999999999 0.787204485
7449.999999999999 0.787816815
7459.999999999999 0.788749282
7469.999999999999 0.789681979
7479.999999999999 0.796662444
7489.999999999999 0.791118697
7499.999999999999 0.791594668
7509.999999999999 0.791255131
7519.999999999999 0.793539332
7529.999999999999 0.788904155
7539.999999999999 0.794041181
7549.999999999999 0.793419003
7559.999999999999 0.790798826
7569.999999999999 0.792490515
7579.999999999999 0.795373913
7589.999999999999 0.791236977
7599.999999999999 0.791133807
7609.999999999999 0.789773581
7619.999999999999 0.793595173
7629.999999999999 0.7955566
7639.999999999999 0.796390588
7649.999999999999 0.79612214
7659.999999999999 0.79465287
7669.999999999999 0.800262705
7679.999999999998 0.80016726
7689.999999999998 0.795534046
7699.999999999998 0.797702548
7709.999999999998 0.797085301
7719.999999999998 0.797448201
7729.999999999998 0.794931578
7739.999999999998 0.802783722
7749.999999999998 0.794955368
7759.999999999998 0.794338895
7769.999999999998 0.797066375
7779.999999999998 0.802137671
7789.999999999998 0.795053963
7799.999999999998 0.793989436
7809.999999999998 0.79889524
7819.999999999998 0.80295277
7829.999999999998 0.798971582
7839.999999999998 0.793015797
7849.999999999998 0.796517355
7859.999999999998 0.799431767
7869.999999999998 0.803263376
7879.999999999998 0.802706154
7889.999999999998 0.807569467
7899.999999999998 0.805259052
7909.999999999998 0.800503342
7919.999999999998 0.798149482
7929.999999999998 0.801197895
7939.999999999998 0.801425689
7949.999999999998 0.807715589
7959.999999999998 0.809394071
7969.999999999998 0.803917103
7979.999999999998 0.799986637
7989.999999999998 0.806724877
7999.999999999998 0.799353358
8009.999999999998 0.794607137
8019.999999999998 0.797502233
8029.999999999998 0.798773945
8039.999999999998 0.803402998
8049.999999999998 0.805731914
8059.999999999998 0.805198969
8069.999999999998 0.809358653
8079.999999999998 0.808510215
8089.999999999998 0.803325622
8099.999999999998 0.804383816
8109.999999999998 0.799787946
8119.999999999998 0.804157261
8129.999999999998 0.807761703
8139.999999999998 0.806816722
8149.999999999998 0.804120419
8159.999999999998 0.808777222
8169.999999999998 0.808895185
8179.999999999998 0.815391497
8189.999999999998 0.805720884
8199.999999999998 0.804087468
8209.999999999998 0.808922441
8219.999999999998 0.810571578
8229.999999999998 0.808090905
8239.999999999998 0.808815805
8249.999999999998 0.805831103
8259.999999999998 0.811482303
8269.999999999998 0.813228433
8279.999999999998 0.812225707
8289.999999999998 0.812584242
8299.999999999998 0.814047266
