speclite/data/filters/Euclid-J.ecsv
# %ECSV 0.9
# ---
# datatype:
# - {name: wavelength, unit: Angstrom, datatype: float64}
# - {name: response, datatype: float64}
# meta: !!omap
# - {band_name: J}
# - {group_name: Euclid}
# - __serialized_columns__:
#     wavelength:
#       __class__: astropy.units.quantity.Quantity
#       value: !astropy.table.SerializedColumn {name: wavelength}
# schema: astropy-2.0
wavelength response
3639.9999999999995 0.0
3649.9999999999995 8.958017922e-18
3659.9999999999995 0.0
3669.9999999999995 0.0
3679.9999999999995 0.0
3689.9999999999995 0.0
3699.9999999999995 0.0
3709.9999999999995 0.0
3719.9999999999995 0.0
3729.9999999999995 0.0
3739.9999999999995 0.0
3749.9999999999995 0.0
3759.9999999999995 0.0
3769.9999999999995 0.0
3779.9999999999995 0.0
3789.9999999999995 0.0
3799.9999999999995 0.0
3809.9999999999995 0.0
3819.9999999999995 0.0
3829.9999999999995 0.0
3839.999999999999 0.0
3849.999999999999 0.0
3859.999999999999 3.2563322352e-11
3869.999999999999 4.987489479700001e-12
3879.999999999999 0.0
3889.999999999999 0.0
3899.999999999999 2.1635892445000002e-12
3909.999999999999 0.0
3919.999999999999 0.0
3929.999999999999 0.0
3939.999999999999 0.0
3949.999999999999 0.0
3959.999999999999 1.83708645312e-12
3969.999999999999 6.8134528344e-13
3979.999999999999 2.4395185303799997e-13
3989.999999999999 0.0
3999.999999999999 0.0
4009.999999999999 1.2854602486899999e-13
4019.999999999999 3.48394852586e-13
4029.999999999999 1.52692280334e-13
4039.999999999999 5.280654101940001e-13
4049.999999999999 5.3475707087000004e-14
4059.999999999999 9.4263627952e-15
4069.999999999999 3.7814886998900005e-13
4079.999999999999 3.51084257653e-13
4089.999999999999 1.4048125344799998e-13
4099.999999999999 0.0
4109.999999999999 0.0
4119.999999999999 0.0
4129.999999999999 0.0
4139.999999999999 0.0
4149.999999999999 0.0
4159.999999999999 0.0
4169.999999999999 0.0
4179.999999999999 0.0
4189.999999999999 0.0
4199.999999999999 0.0
4209.999999999999 0.0
4219.999999999999 0.0
4229.999999999999 0.0
4239.999999999999 0.0
4249.999999999999 0.0
4259.999999999999 0.0
4269.999999999999 0.0
4279.999999999999 0.0
4289.999999999999 0.0
4299.999999999999 0.0
4309.999999999999 1.7362834599000002e-13
4319.999999999999 2.4182886439799997e-14
4329.999999999999 2.36144426768e-14
4339.999999999999 1.49262160474e-13
4349.999999999999 3.6587108251600003e-13
4359.999999999999 3.62901727893e-14
4369.999999999999 7.12482130215e-13
4379.999999999999 2.216272639482e-13
4389.999999999999 2.3610214913119997e-12
4399.999999999999 3.02025071679e-13
4409.999999999999 1.398446965474e-11
4419.999999999999 0.0
4429.999999999999 0.0
4439.999999999999 0.0
4449.999999999999 0.0
4459.999999999999 0.0
4469.999999999999 0.0
4479.999999999999 4.3091212652e-11
4489.999999999999 0.0
4499.999999999999 0.0
4509.999999999999 9.587098683918e-11
4519.999999999999 1.3453111875654e-11
4529.999999999999 0.0
4539.999999999999 0.0
4549.999999999999 0.0
4559.999999999999 0.0
4569.999999999999 0.0
4579.999999999999 3.823569478355e-11
4589.999999999999 0.0
4599.999999999999 0.0
4609.999999999999 8.960167698120001e-09
4619.999999999999 2.3451662090142e-09
4629.999999999999 1.2462897513946e-08
4639.999999999999 0.0
4649.999999999999 0.0
4659.999999999999 0.0
4669.999999999999 0.0
4679.999999999999 0.0
4689.999999999999 1.8758748845922e-09
4699.999999999999 7.688150102761e-09
4709.999999999999 1.0975100076043999e-07
4719.999999999999 4.522483630645499e-09
4729.999999999999 0.0
4739.999999999999 8.345462068086e-08
4749.999999999999 2.845313730892e-08
4759.999999999999 1.6281026974001e-07
4769.999999999999 4.274837655941999e-07
4779.999999999999 4.775778088623999e-07
4789.999999999999 1.0465953503748e-05
4799.999999999999 4.263032368862399e-06
4809.999999999999 3.2900246879344e-06
4819.999999999999 6.766615722299001e-06
4829.999999999999 1.5708415280712003e-06
4839.999999999999 3.1657619053578004e-07
4849.999999999999 3.8131823469290003e-07
4859.999999999999 7.970229845135999e-07
4869.999999999999 7.897051250697e-07
4879.999999999999 9.41274675211e-07
4889.999999999999 5.32758963988e-08
4899.999999999999 1.574180592778e-08
4909.999999999999 2.7507216472795e-08
4919.999999999999 7.131095035405e-08
4929.999999999999 2.4277866221375996e-07
4939.999999999999 3.2243400498815e-07
4949.999999999999 1.6405458639702003e-06
4959.999999999999 1.6955824428867998e-06
4969.999999999999 1.2632461271859e-06
4979.999999999999 4.9265711216754e-07
4989.999999999999 4.0963921611263005e-07
4999.999999999999 2.7369765083904005e-07
5009.999999999999 1.2174309938164e-07
5019.999999999999 1.8459512221569002e-07
5029.999999999999 1.624690065856e-07
5039.999999999999 2.1192298601600002e-07
5049.999999999999 2.4918578804595e-08
5059.999999999999 5.772721245077001e-09
5069.999999999999 4.1153330238559e-09
5079.999999999999 8.07951711284e-09
5089.999999999999 4.8978524728061995e-09
5099.999999999999 8.433226053632e-10
5109.999999999999 3.6488196171232004e-10
5119.999999999999 1.5745974211472e-09
5129.999999999999 8.234589136356e-10
5139.999999999999 1.9125561375772997e-09
5149.999999999999 2.4473320754489998e-08
5159.999999999999 2.0399013521170003e-08
5169.999999999999 3.1922946664353e-08
5179.999999999999 1.0185697728436002e-08
5189.999999999999 2.177744933056e-09
5199.999999999999 2.0916162293966e-09
5209.999999999999 2.0236857820578e-09
5219.999999999999 1.0780529412015e-09
5229.999999999999 1.180821874181e-09
5239.999999999999 4.348203220062e-09
5249.999999999999 3.399910489899e-08
5259.999999999999 1.4209697069306001e-08
5269.999999999999 3.5475545703198e-08
5279.999999999999 4.8733989482736e-09
5289.999999999999 4.867830938982e-09
5299.999999999999 1.98744337715e-08
5309.999999999999 1.0436489255892e-09
5319.999999999999 9.700724787585002e-10
5329.999999999999 8.354562970962e-09
5339.999999999999 4.2870926431382e-09
5349.999999999999 1.2760527432696e-09
5359.999999999999 3.890328411953499e-09
5369.999999999999 4.7611145294183994e-09
5379.999999999999 8.82017410047e-10
5389.999999999999 4.5705052594532e-09
5399.999999999999 3.222531743872e-10
5409.999999999999 2.604225764592e-11
5419.999999999999 1.8321225637650002e-11
5429.999999999999 1.2846415014719999e-11
5439.999999999999 4.290039825017e-11
5449.999999999999 7.6185664284e-11
5459.999999999999 3.6253934666300003e-12
5469.999999999999 9.6510879705e-13
5479.999999999999 8.752167709999999e-13
5489.999999999999 7.193231565000001e-13
5499.999999999999 2.7196926504e-14
5509.999999999999 1.9636540351999998e-14
5519.999999999999 2.67371958e-13
5529.999999999999 1.5861486182e-14
5539.999999999999 8.039949056e-15
5549.999999999999 7.869591286e-15
5559.999999999999 0.0
5569.999999999999 0.0
5579.999999999999 0.0
5589.999999999999 0.0
5599.999999999999 0.0
5609.999999999999 0.0
5619.999999999999 0.0
5629.999999999999 0.0
5639.999999999999 0.0
5649.999999999999 4.2417908900000005e-15
5659.999999999999 5.780118555e-15
5669.999999999999 0.0
5679.999999999999 0.0
5689.999999999999 4.159457225e-15
5699.999999999999 1.8418870369999995e-14
5709.999999999999 2.6646523167e-14
5719.999999999999 7.146865854e-15
5729.999999999999 0.0
5739.999999999999 0.0
5749.999999999999 0.0
5759.999999999999 1.623779315e-15
5769.999999999999 8.573432106000001e-16
5779.999999999999 7.7413044060000005e-16
5789.999999999999 1.486426752e-15
5799.999999999999 3.9753766144000004e-15
5809.999999999999 6.592179111e-14
5819.999999999999 1.1176794048000003e-15
5829.999999999999 1.2199442584e-15
5839.999999999999 0.0
5849.999999999999 2.043295144e-15
5859.999999999999 7.854338180000001e-15
5869.999999999999 2.882511159e-14
5879.999999999999 1.2444345594e-13
5889.999999999999 2.910284844e-13
5899.999999999999 4.182157056e-13
5909.999999999999 8.48552274e-14
5919.999999999999 2.619166403e-14
5929.999999999999 7.374225768e-14
5939.999999999999 5.783254983000001e-13
5949.999999999999 7.799929514e-13
5959.999999999999 3.5636512559999998e-12
5969.999999999999 9.960631176999999e-12
5979.999999999999 1.3864042234e-11
5989.999999999999 3.027157528e-11
5999.999999999999 4.6815389100000004e-11
6009.999999999999 5.3194212300000004e-11
6019.999999999999 1.2358611812e-11
6029.999999999999 2.1199783866e-11
6039.999999999999 1.7627943554000002e-11
6049.999999999999 1.5910976395999998e-11
6059.999999999999 6.894258370999999e-12
6069.999999999999 3.888826508e-12
6079.999999999999 1.4450028507e-12
6089.999999999999 6.325715579999999e-13
6099.999999999999 7.799652096000001e-13
6109.999999999999 3.298303946e-13
6119.999999999999 1.2403111039e-13
6129.999999999999 2.986366052e-13
6139.999999999999 1.2513015828e-12
6149.999999999999 8.603394431999999e-13
6159.999999999999 7.140133712e-12
6169.999999999999 2.4491079885e-11
6179.999999999999 4.3760490689999995e-11
6189.999999999999 3.0274151376e-11
6199.999999999999 1.5539082839999998e-11
6209.999999999999 9.658985446000001e-12
6219.999999999999 1.6020991283e-11
6229.999999999999 2.173234572e-11
6239.999999999999 2.2394600761e-11
6249.999999999999 2.4314176354999997e-11
6259.999999999999 4.0871068017e-11
6269.999999999999 4.0031432226e-11
6279.999999999999 1.8169043032e-11
6289.999999999999 6.73820024e-12
6299.999999999999 6.425614293e-12
6309.999999999999 3.730732749299999e-12
6319.999999999999 4.7112626436e-12
6329.999999999999 1.0836640838000001e-12
6339.999999999999 1.1642864298e-12
6349.999999999999 7.33509836e-13
6359.999999999999 1.0394144328e-12
6369.999999999999 1.3834780783e-12
6379.999999999999 1.4508818402e-12
6389.999999999999 8.357156246999999e-12
6399.999999999999 2.8598953086e-11
6409.999999999999 7.242488495e-11
6419.999999999999 5.4503070811e-11
6429.999999999999 2.7441633175999998e-11
6439.999999999999 1.4967790352e-11
6449.999999999999 9.174925749999999e-12
6459.999999999999 1.248284016e-11
6469.999999999999 1.654427034e-11
6479.999999999999 2.4953407980000002e-11
6489.999999999999 2.402319759e-11
6499.999999999999 2.8547259532999998e-11
6509.999999999999 5.0165933328000007e-11
6519.999999999999 9.914228560000001e-11
6529.999999999999 1.5516380136e-10
6539.999999999999 1.342147104e-10
6549.999999999999 8.761326446e-11
6559.999999999999 6.3466196775e-11
6569.999999999999 4.13452925e-11
6579.999999999999 2.8201830919e-11
6589.999999999999 2.7543326928000003e-11
6599.999999999999 2.2943113949999997e-11
6609.999999999999 6.6887281312e-12
6619.999999999999 1.0185391596e-11
6629.999999999999 1.623061917e-11
6639.999999999999 8.8974255562e-12
6649.999999999999 0.0
6659.999999999999 5.3099451524e-12
6669.999999999999 3.512249294e-12
6679.999999999999 5.5691990553e-13
6689.999999999999 4.8438429028e-12
6699.999999999999 4.8481160686e-12
6709.999999999999 4.3336585215e-12
6719.999999999999 4.1714872668e-12
6729.999999999999 7.489808075e-12
6739.999999999999 9.682468574999998e-12
6749.999999999999 3.086593969e-12
6759.999999999999 1.692241202e-12
6769.999999999999 3.7602388516e-12
6779.999999999999 1.4525993678e-12
6789.999999999999 1.7098823882000001e-12
6799.999999999999 1.130875688e-12
6809.999999999999 4.819388017399999e-13
6819.999999999999 1.9019941455e-13
6829.999999999999 6.264563998000001e-14
6839.999999999999 5.3332792220000004e-14
6849.999999999999 3.9605439e-13
6859.999999999999 5.784259447e-14
6869.999999999999 6.379473269e-14
6879.999999999999 2.2673833749e-12
6889.999999999999 1.437020139e-13
6899.999999999999 1.5397945650000002e-12
6909.999999999999 0.0
6919.999999999999 2.4411726036000004e-12
6929.999999999999 1.2129764108000002e-11
6939.999999999999 2.0107778808e-11
6949.999999999999 4.4194988676000006e-11
6959.999999999999 4.0678927716e-11
6969.999999999999 4.3799595422000005e-11
6979.999999999999 9.31176792e-11
6989.999999999999 1.0014611586e-10
6999.999999999999 1.1092663676000001e-10
7009.999999999999 9.895911020999999e-11
7019.999999999999 2.0358815769999997e-10
7029.999999999999 1.4941510766e-10
7039.999999999999 9.1014726e-11
7049.999999999999 7.5252523164e-11
7059.999999999999 3.5814806959999994e-11
7069.999999999999 2.277424127e-11
7079.999999999999 1.240845045e-11
7089.999999999999 1.0072243573e-11
7099.999999999999 1.4827791710000001e-12
7109.999999999999 7.787387475e-12
7119.999999999999 0.0
7129.999999999999 0.0
7139.999999999999 0.0
7149.999999999999 4.1734249767e-12
7159.999999999999 0.0
7169.999999999999 4.4877039625e-12
7179.999999999999 4.6408914513e-12
7189.999999999999 4.0933670143e-12
7199.999999999999 2.1343125119999998e-11
7209.999999999999 1.9414172484e-11
7219.999999999999 3.3482383740000006e-12
7229.999999999999 3.8688881699999995e-11
7239.999999999999 2.9662874042e-11
7249.999999999999 4.2572356216000004e-11
7259.999999999999 9.35681024e-13
7269.999999999999 2.5872975786e-12
7279.999999999999 5.6067398351999996e-12
7289.999999999999 2.3753651796000003e-13
7299.999999999999 1.1419006788e-13
7309.999999999999 4.7406422510999995e-12
7319.999999999999 6.895947119400001e-12
7329.999999999999 0.0
7339.999999999999 1.972223545e-13
7349.999999999999 0.0
7359.999999999999 1.6374713562000002e-11
7369.999999999999 2.9337285054e-12
7379.999999999999 4.2844084560000004e-12
7389.999999999999 3.9554313612e-12
7399.999999999999 2.7964989066e-11
7409.999999999999 1.0736399807999999e-11
7419.999999999999 0.0
7429.999999999999 3.0868028976e-11
7439.999999999999 1.0215880476e-10
7449.999999999999 9.413845288e-11
7459.999999999999 6.540450825600001e-11
7469.999999999999 1.77891688e-11
7479.999999999999 9.892060593e-12
7489.999999999999 0.0
7499.999999999999 0.0
7509.999999999999 1.08463532e-11
7519.999999999999 0.0
7529.999999999999 2.2361978562000003e-12
7539.999999999999 7.825138192e-12
7549.999999999999 0.0
7559.999999999999 1.2356046918e-12
7569.999999999999 9.762051695e-12
7579.999999999999 0.0
7589.999999999999 7.266389712e-13
7599.999999999999 1.1248471879999999e-11
7609.999999999999 3.2013764492000002e-12
7619.999999999999 1.4701453833e-11
7629.999999999999 5.6909542652e-13
7639.999999999999 0.0
7649.999999999999 0.0
7659.999999999999 0.0
7669.999999999999 7.015733172000001e-14
7679.999999999998 0.0
7689.999999999998 0.0
7699.999999999998 5.870903176400001e-12
7709.999999999998 2.970360579e-12
7719.999999999998 0.0
7729.999999999998 7.496739432e-13
7739.999999999998 2.1408610907999997e-13
7749.999999999998 0.0
7759.999999999998 1.9195691900000003e-13
7769.999999999998 1.1250838065999999e-12
7779.999999999998 0.0
7789.999999999998 3.5233861402e-11
7799.999999999998 3.57986505e-11
7809.999999999998 1.3226476199999999e-11
7819.999999999998 5.386407808e-11
7829.999999999998 5.3034786e-11
7839.999999999998 2.4378818879999998e-11
7849.999999999998 0.0
7859.999999999998 2.730075249e-12
7869.999999999998 4.7720000180000005e-12
7879.999999999998 2.2309987e-11
7889.999999999998 4.086231696e-11
7899.999999999998 0.0
7909.999999999998 1.140903638e-12
7919.999999999998 7.135667043400001e-13
7929.999999999998 0.0
7939.999999999998 0.0
7949.999999999998 1.5293126898000002e-13
7959.999999999998 7.872305056e-12
7969.999999999998 3.2859360919e-11
7979.999999999998 3.4194060200000005e-11
7989.999999999998 4.4374358066999994e-11
7999.999999999998 5.3435301678e-11
8009.999999999998 2.923866771e-11
8019.999999999998 2.2475630658e-11
8029.999999999998 3.585030078e-12
8039.999999999998 6.591015005600001e-12
8049.999999999998 2.3809071e-11
8059.999999999998 0.0
8069.999999999998 1.4804074720000002e-11
8079.999999999998 2.587285866e-11
8089.999999999998 7.752297267e-12
8099.999999999998 0.0
8109.999999999998 0.0
8119.999999999998 3.4751999328e-11
8129.999999999998 2.5109762882e-11
8139.999999999998 5.663718848e-11
8149.999999999998 1.1733225035e-11
8159.999999999998 0.0
8169.999999999998 5.836131615e-13
8179.999999999998 0.0
8189.999999999998 1.0151216608e-11
8199.999999999998 0.0
8209.999999999998 0.0
8219.999999999998 0.0
8229.999999999998 4.091354847e-12
8239.999999999998 3.342634134e-11
8249.999999999998 2.9529789548000003e-11
8259.999999999998 1.1836154407000001e-11
8269.999999999998 6.574399963999999e-11
8279.999999999998 3.9463083e-11
8289.999999999998 0.0
8299.999999999998 9.016276773e-13
8309.999999999998 0.0
8319.999999999998 1.0593075689e-11
8329.999999999998 9.111968117999999e-11
8339.999999999998 6.024482328e-11
8349.999999999998 9.174899188e-11
8359.999999999998 5.373057764e-12
8369.999999999998 8.126639018e-11
8379.999999999998 1.213707267e-11
8389.999999999998 6.5234417159999996e-12
8399.999999999998 0.0
8409.999999999998 9.079922448000001e-12
8419.999999999998 4.570330050000001e-12
8429.999999999998 1.510123552e-11
