speclite/data/filters/Euclid-J.ecsv
# %ECSV 0.9
# ---
# datatype:
# - {name: wavelength, unit: Angstrom, datatype: float64}
# - {name: response, datatype: float64}
# meta: !!omap
# - {band_name: J}
# - {group_name: Euclid}
# - __serialized_columns__:
#     wavelength:
#       __class__: astropy.units.quantity.Quantity
#       value: !astropy.table.SerializedColumn {name: wavelength}
# schema: astropy-2.0
wavelength response
[from data line 924]
12879.999999999998 0.74557684261956
12889.999999999998 0.74562620335258
12899.999999999998 0.7452885147854801
12909.999999999998 0.7447052167584001
12919.999999999998 0.74540594559306
12929.999999999998 0.7455991709576001
12939.999999999998 0.7458050467002
12949.999999999998 0.74455452902883
12959.999999999998 0.74426927575
12969.999999999998 0.74331974166317
12979.999999999998 0.743327247546
12989.999999999998 0.74207503889586
12999.999999999998 0.7424068450140001
13009.999999999998 0.74116871167416
13019.999999999998 0.7413030703392
13029.999999999998 0.7418305158428801
13039.999999999998 0.74224349073328
13049.999999999998 0.74195081491608
13059.999999999998 0.74297347308639
13069.999999999998 0.7434081179298301
13079.999999999998 0.7431996309028199
13089.999999999998 0.7431023571102601
13099.999999999998 0.7432219491108
13109.999999999998 0.7440844401604
13119.999999999998 0.7440741704484
13129.999999999998 0.7434173209825801
13139.999999999998 0.7430391353992299
13149.999999999998 0.7428797873532099
13159.999999999998 0.74230357528842
13169.999999999998 0.74242303311024
13179.999999999998 0.74173094717087
13189.999999999998 0.74148135723736
13199.999999999998 0.74061516470682
13209.999999999998 0.74032443162614
13219.999999999998 0.7401701900184299
13229.999999999998 0.74019531023325
13239.999999999998 0.73971856681446
13249.999999999998 0.74067305229503
13259.999999999998 0.74035250375268
13269.999999999998 0.74044696118808
13279.999999999998 0.74170623008112
13289.999999999998 0.74140234569765
13299.999999999998 0.74181817603755
13309.999999999998 0.7420349859433201
13319.999999999998 0.7425404371693
13329.999999999998 0.7421315000184
13339.999999999998 0.7421883263712
13349.999999999998 0.7420144085226601
13359.999999999998 0.7419805705748
13369.999999999998 0.74086343981496
13379.999999999998 0.74084645944254
13389.999999999998 0.7405656728092
13399.999999999998 0.74001487100688
13409.999999999998 0.73925772867639
13419.999999999998 0.73964576952854
13429.999999999998 0.7394687896501501
13439.999999999998 0.73925062511232
13449.999999999998 0.7395503435635
13459.999999999998 0.73870308147266
13469.999999999998 0.7395545074008
13479.999999999998 0.7385925014465199
13489.999999999998 0.73916320785162
13499.999999999998 0.7390110999516301
13509.999999999998 0.73918717994116
13519.999999999998 0.7386459623446799
13529.999999999998 0.73833577285
13539.999999999998 0.7383125406888
13549.999999999998 0.7371438152947699
13559.999999999998 0.7357833331688101
13569.999999999998 0.73526099093772
13579.999999999998 0.7342259114340599
13589.999999999998 0.73317650672582
13599.999999999998 0.73291095692969
13609.999999999998 0.73049515064631
13619.999999999998 0.7306200313986
13629.999999999998 0.7285629177684
13639.999999999998 0.72787801102104
13649.999999999998 0.7260298301029201
13659.999999999998 0.72509660988492
13669.999999999998 0.72299898906562
13679.999999999998 0.72067978259808
13689.999999999998 0.71791092919775
13699.999999999998 0.71310665676976
13709.999999999998 0.7073450017401
13719.999999999998 0.70041704816336
13729.999999999998 0.69330447936075
13739.999999999998 0.68391778107051
13749.999999999998 0.67502061284658
13759.999999999998 0.6669961484010001
13769.999999999998 0.65939929651509
13779.999999999998 0.65270894205346
13789.999999999998 0.64699514428419
13799.999999999998 0.64288588360635
13809.999999999998 0.6398185391352
13819.999999999998 0.6381390034111499
13829.999999999998 0.63771305297232
13839.999999999998 0.6387018995345499
13849.999999999998 0.64055111367704
13859.999999999998 0.64293531003456
13869.999999999998 0.6458529994669401
13879.999999999998 0.64954527939772
13889.999999999998 0.65361911175344
13899.999999999998 0.65666403852496
13909.999999999998 0.6612928735992001
13919.999999999998 0.66547050214635
13929.999999999998 0.66896813192562
13939.999999999998 0.6730028351860999
13949.999999999998 0.67656511417255
13959.999999999998 0.6798454283504001
13969.999999999998 0.6830439415455599
13979.999999999998 0.6860127288456
13989.999999999998 0.6886367000262701
13999.999999999998 0.69141305899392
14009.999999999998 0.69337657676616
14019.999999999998 0.69509691370784
14029.999999999998 0.69713439317028
14039.999999999998 0.69942368132704
14049.999999999998 0.7002971693564
14059.999999999998 0.70124751540888
14069.999999999998 0.70282816988391
14079.999999999998 0.70434197881152
14089.999999999998 0.70524670151763
14099.999999999998 0.7062305711784
14109.999999999998 0.7072675983960099
14119.999999999998 0.7083020444656801
14129.999999999998 0.7095218073621
14139.999999999998 0.7103014941742001
14149.999999999998 0.71162612772956
14159.999999999998 0.71249820523955
14169.999999999998 0.7137255176486299
14179.999999999998 0.71524778260464
14189.999999999998 0.71615683796499
14199.999999999998 0.7164067386408001
14209.999999999998 0.71672564350168
14219.999999999998 0.7171682232609
14229.999999999998 0.71691334768965
14239.999999999998 0.7172685628017
14249.999999999998 0.71720012649015
14259.999999999998 0.71851057795387
14269.999999999998 0.71843755454405
14279.999999999998 0.7179008478076601
14289.999999999998 0.718142329143
14299.999999999998 0.7174796535407999
14309.999999999998 0.7181866101602999
14319.999999999998 0.7181614372727999
14329.999999999998 0.71844162096868
14339.999999999998 0.71934568485768
14349.999999999998 0.719059781587
14359.999999999998 0.71996471671464
14369.999999999998 0.7208239468973701
14379.999999999998 0.7209537290085001
14389.999999999998 0.7218305575299
14399.999999999998 0.7226534592747
14409.999999999998 0.72260097878195
14419.999999999998 0.7237198815675
14429.999999999998 0.72426128173568
14439.999999999998 0.7247049802264001
14449.999999999998 0.72450079597843
14459.999999999998 0.7248739935860801
14469.999999999998 0.7254781083732601
14479.999999999998 0.7256878190848001
14489.999999999998 0.7255506370455599
14499.999999999998 0.72513025243448
14509.999999999998 0.72530080182378
14519.999999999998 0.72479269543046
14529.999999999998 0.7250448598065601
14539.999999999998 0.7249605362451399
14549.999999999998 0.72415006375666
14559.999999999998 0.72408024006468
14569.999999999998 0.72339306732301
14579.999999999998 0.7236775431672501
14589.999999999998 0.72376639595694
14599.999999999998 0.7237375748409
14609.999999999998 0.72330788141631
14619.999999999998 0.7234448641793501
14629.999999999998 0.7238029800801801
14639.999999999998 0.7240819461846599
14649.999999999998 0.7234280647539599
14659.999999999998 0.7236359360181001
14669.999999999998 0.72375069786629
14679.999999999998 0.7237988549694601
14689.999999999998 0.7235766402723601
14699.999999999998 0.723368844034
14709.999999999998 0.7226721147979199
14719.999999999998 0.722971311156
14729.999999999998 0.72254303580953
14739.999999999998 0.72172511271148
14749.999999999998 0.72161975689785
14759.999999999998 0.7217106235746
14769.999999999998 0.7212679118285401
14779.999999999998 0.7206960433849601
14789.999999999998 0.7196599032549
14799.999999999998 0.7198277670411399
14809.999999999998 0.7199192414044799
14819.999999999998 0.72002849824164
14829.999999999998 0.72061539868791
14839.999999999998 0.7219375933972
14849.999999999998 0.7213324812968099
14859.999999999998 0.72166526564116
14869.999999999998 0.7220789215428001
14879.999999999998 0.72240109774207
14889.999999999998 0.72285046539194
14899.999999999998 0.7232764697346601
14909.999999999998 0.724316450019
14919.999999999998 0.72348851850002
14929.999999999998 0.7238901854915
14939.999999999998 0.72408408998386
14949.999999999998 0.7245491467537599
14959.999999999998 0.7241620769820301
14969.999999999998 0.72387582769264
14979.999999999998 0.72301649985344
14989.999999999998 0.72326947081876
14999.999999999998 0.7225242371093
15009.999999999998 0.72296719875573
15019.999999999998 0.722928075552
15029.999999999998 0.72284942445775
15039.999999999998 0.7225728388485599
15049.999999999998 0.7223959837620401
15059.999999999998 0.72319002205254
15069.999999999998 0.7230401664837
15079.999999999998 0.72364154043783
15089.999999999998 0.7235353507006
15099.999999999998 0.7241557855284301
15109.999999999998 0.7243931528106401
15119.999999999998 0.7248065135178
15129.999999999998 0.7257245669519999
15139.999999999998 0.72588755171118
15149.999999999998 0.72550920523125
15159.999999999998 0.7259932257827401
15169.999999999998 0.7262103100630399
15179.999999999998 0.72602744384304
15189.999999999998 0.7259707232830499
15199.999999999998 0.72477811120052
15209.999999999998 0.7238320655139
15219.999999999998 0.72464716355976
15229.999999999998 0.7233840327491999
15239.999999999998 0.7228885221711999
15249.999999999998 0.722522900927
15259.999999999998 0.72187995355533
15269.999999999998 0.7219439863555199
15279.999999999998 0.7215912286847499
15289.999999999998 0.72139468130704
15299.999999999998 0.72116097931727
15309.999999999998 0.72144343980792
15319.999999999998 0.7213092945339601
15329.999999999998 0.72230346749221
15339.999999999998 0.72171738622336
15349.999999999998 0.7220457410640401
15359.999999999996 0.72302843827305
15369.999999999996 0.72171597074061
15379.999999999996 0.7209889338406901
15389.999999999996 0.72080958841929
15399.999999999996 0.72000744553465
15409.999999999996 0.7203631332408099
15419.999999999996 0.71918646145144
15429.999999999996 0.7189461432650001
15439.999999999996 0.7181329062031201
15449.999999999996 0.71747290477278
15459.999999999996 0.71743576901502
15469.999999999996 0.71760457598473
15479.999999999996 0.71778623202432
15489.999999999996 0.71731226053235
15499.999999999996 0.7174821721956901
15509.999999999996 0.7183088557795799
15519.999999999996 0.71796724293003
15529.999999999996 0.71946429862532
15539.999999999996 0.71975910233568
15549.999999999996 0.71882176674795
15559.999999999996 0.71837867428608
15569.999999999996 0.71864601492345
15579.999999999996 0.71851434147378
15589.999999999996 0.71814615895081
15599.999999999996 0.7185518581178
15609.999999999996 0.71785161160335
15619.999999999996 0.718588916292
15629.999999999996 0.7193311049411999
15639.999999999996 0.71939115071029
15649.999999999996 0.7176992420399201
15659.999999999996 0.71127836572346
15669.999999999996 0.69604791746598
15679.999999999996 0.6680415893668
15689.999999999996 0.62333804559948
15699.999999999996 0.56058137547165
15709.999999999996 0.48308268388119996
15719.999999999996 0.39812207393287996
15729.999999999996 0.31552399225984
15739.999999999996 0.2429270106138
15749.999999999996 0.18348372503895
15759.999999999996 0.1368183299137
15769.999999999996 0.10174559003820001
15779.999999999996 0.07585906490554001
15789.999999999996 0.056785350415031
15799.999999999996 0.04278580349253
15809.999999999996 0.032502124253716
15819.999999999996 0.024892003961559
15829.999999999996 0.019244294440184
15839.999999999996 0.015011146088168
15849.999999999996 0.011823624762199999
15859.999999999996 0.009377016334219999
15869.999999999996 0.0074999434636854
15879.999999999996 0.006045203816135901
15889.999999999996 0.0049092111932253005
15899.999999999996 0.0040144361420939995
15909.999999999996 0.0033090359225088004
15919.999999999996 0.002742704304075
15929.999999999996 0.0022901173866935
15939.999999999996 0.0019225158804558
15949.999999999996 0.001623580876956
15959.999999999996 0.0013789993616822001
15969.999999999996 0.0011777916842252
15979.999999999996 0.00101111622576
15989.999999999996 0.0008731530817664999
15999.999999999996 0.0007579239629678401
16009.999999999996 0.0006609642848341599
16019.999999999996 0.0005785519149582599
16029.999999999996 0.00050932504058764
16039.999999999996 0.00045029358962903006
16049.999999999996 0.00039986114775279996
16059.999999999996 0.00035693980646708004
16069.999999999996 0.0003193109987928
16079.999999999996 0.00028734079748608
16089.999999999996 0.00025933432179975
16099.999999999996 0.00023501836952044
16109.999999999996 0.00021381678867105
16119.999999999996 0.00019532660408968
16129.999999999996 0.0001791310999926
16139.999999999996 0.00016489619774872
16149.999999999996 0.00015247041939716
16159.999999999996 0.0001413264842588
16169.999999999996 0.00013143897876879997
16179.999999999996 0.0001226923495254
16189.999999999996 0.00011496220903368999
16199.999999999996 0.00010815799685372
16209.999999999996 0.00010213460648891999
16219.999999999996 9.65949450573e-05
16229.999999999996 9.171772950801e-05
16239.999999999996 8.74941157641e-05
16249.999999999996 8.368564160550001e-05
16259.999999999996 8.025539600193499e-05
16269.999999999996 7.7279360412266e-05
16279.999999999996 7.461824389966099e-05
16289.999999999996 7.2431161379325e-05
16299.999999999996 7.034700483489e-05
16309.999999999996 6.872423302067501e-05
16319.999999999996 6.7220320453632e-05
16329.999999999996 6.598021611657001e-05
16339.999999999996 6.498544094166601e-05
16349.999999999996 6.4263311616256e-05
16359.999999999996 6.375168288528e-05
16369.999999999996 6.343022238984e-05
16379.999999999996 6.3366595097106e-05
16389.999999999996 6.3466666804796e-05
16399.999999999996 6.3928758085857e-05
16409.999999999996 6.445806751651599e-05
16419.999999999996 6.5171787487261e-05
16429.999999999996 6.626389400816501e-05
16439.999999999996 6.7535702275752e-05
16449.999999999996 6.9134256597432e-05
16459.999999999996 7.0850514966312e-05
16469.999999999996 7.2851896467504e-05
16479.999999999996 7.541659240416e-05
16489.999999999996 7.8074363872215e-05
16499.999999999996 8.129079271208e-05
16509.999999999996 8.47265787644e-05
16519.999999999996 8.862864673542001e-05
16529.999999999996 9.293769906066e-05
16539.999999999996 9.789054570566001e-05
16549.999999999996 0.00010318444618995
16559.999999999996 0.00010899550756248001
16569.999999999996 0.00011540940461896
16579.999999999996 0.00012240715208639997
16589.999999999996 0.00012983557021049999
16599.999999999996 0.00013780540279971
16609.999999999996 0.00014612141344397999
16619.999999999996 0.00015464493851025
16629.999999999996 0.00016337690230212
16639.999999999996 0.00017201466974769
16649.999999999996 0.00018036921831519998
16659.999999999996 0.00018811116150456
16669.999999999996 0.00019502962079057999
16679.999999999996 0.00020091195972853998
16689.999999999996 0.0002055888615803
16699.999999999996 0.00020871626260463998
16709.999999999996 0.00021021040532459998
16719.999999999996 0.00021040503883588003
16729.999999999996 0.00020910130183618
16739.999999999996 0.00020663313712204
16749.999999999996 0.00020328003134208002
16759.999999999996 0.00019928145871660002
16769.999999999996 0.00019448040435290998
16779.999999999996 0.00018951160346453999
16789.999999999996 0.00018464023586207
16799.999999999996 0.00017963099509188
16809.999999999996 0.00017487976186449997
16819.999999999996 0.00017053634563104
16829.999999999996 0.0001666694785722
16839.999999999996 0.0001631765590848
16849.999999999996 0.0001601827263579
16859.999999999996 0.00015744255151547997
16869.999999999996 0.00015523669879821003
16879.999999999996 0.00015366643611982
16889.999999999996 0.0001525735509035
16899.999999999996 0.00015190802876532
16909.999999999996 0.00015170180560865
16919.999999999996 0.00015220654213646002
16929.999999999996 0.00015329514951492
16939.999999999996 0.00015448809911944002
16949.999999999996 0.00015635857848085
16959.999999999996 0.00015863542936392
16969.999999999996 0.00016125199287148
16979.999999999996 0.00016444477998543
16989.999999999996 0.00016837089208192001
16999.999999999996 0.00017220569752966002
17009.999999999996 0.0001765602764544
17019.999999999996 0.00018105447818892
17029.999999999996 0.00018569977995924001
17039.999999999996 0.000190782393886
17049.999999999996 0.00019578523818784
17059.999999999996 0.00020055765217554
17069.999999999996 0.00020499230345312
17079.999999999996 0.00020907677855468
17089.999999999996 0.00021270548758128998
17099.999999999996 0.00021568788942852
17109.999999999996 0.00021758425139796
17119.999999999996 0.00021882781571082001
17129.999999999996 0.00021877014859044997
