speclite/data/filters/Euclid-J.ecsv
# %ECSV 0.9
# ---
# datatype:
# - {name: wavelength, unit: Angstrom, datatype: float64}
# - {name: response, datatype: float64}
# meta: !!omap
# - {band_name: J}
# - {group_name: Euclid}
# - __serialized_columns__:
#     wavelength:
#       __class__: astropy.units.quantity.Quantity
#       value: !astropy.table.SerializedColumn {name: wavelength}
# schema: astropy-2.0
wavelength response
[from data line 481]
8449.999999999998 0.0
8459.999999999998 0.0
8469.999999999998 3.991830734e-11
8479.999999999998 2.576681626e-10
8489.999999999998 2.442451704e-10
8499.999999999998 0.0
8509.999999999998 1.873419597e-11
8519.999999999998 0.0
8529.999999999998 0.0
8539.999999999998 0.0
8549.999999999998 1.4461576361999998e-11
8559.999999999998 5.9710793891000004e-12
8569.999999999998 0.0
8579.999999999998 0.0
8589.999999999998 0.0
8599.999999999998 2.209413375e-11
8609.999999999998 2.3895316875e-11
8619.999999999998 4.6483910788e-11
8629.999999999998 1.544346405e-12
8639.999999999998 0.0
8649.999999999998 2.0655641663999998e-12
8659.999999999998 4.841884215e-13
8669.999999999998 3.0366143715000004e-11
8679.999999999998 0.0
8689.999999999998 0.0
8699.999999999998 0.0
8709.999999999998 0.0
8719.999999999998 2.2305851600000004e-11
8729.999999999998 0.0
8739.999999999998 1.494300728e-11
8749.999999999998 7.576817849e-11
8759.999999999998 1.6231520736e-10
8769.999999999998 3.1699123632e-11
8779.999999999998 1.2124278936000001e-11
8789.999999999998 2.8680505810000003e-13
8799.999999999998 2.064827106e-12
8809.999999999998 2.9075913423e-12
8819.999999999998 7.698571465e-13
8829.999999999998 0.0
8839.999999999998 1.2853139773e-12
8849.999999999998 0.0
8859.999999999998 2.529678681e-13
8869.999999999998 1.3247705471999998e-12
8879.999999999998 7.483075088000001e-13
8889.999999999998 0.0
8899.999999999998 0.0
8909.999999999998 0.0
8919.999999999998 0.0
8929.999999999998 6.861157038e-14
8939.999999999998 1.4933367575e-15
8949.999999999998 0.0
8959.999999999998 2.4113452809999997e-12
8969.999999999998 0.0
8979.999999999998 2.1939762431999998e-14
8989.999999999998 1.5995134083e-12
8999.999999999998 0.0
9009.999999999998 0.0
9019.999999999998 2.5308073440000004e-13
9029.999999999998 1.704549322e-14
9039.999999999998 1.1516386807e-13
9049.999999999998 1.112055376e-13
9059.999999999998 0.0
9069.999999999998 0.0
9079.999999999998 0.0
9089.999999999998 0.0
9099.999999999998 0.0
9109.999999999998 0.0
9119.999999999998 1.8478122366e-12
9129.999999999998 2.6091722487e-12
9139.999999999998 1.0264552298e-11
9149.999999999998 1.048357334e-10
9159.999999999998 6.504382104000001e-09
9169.999999999998 2.6857891194e-10
9179.999999999998 1.4159663121600003e-10
9189.999999999998 2.9051384734799997e-10
9199.999999999998 0.0
9209.999999999998 0.0
9219.999999999998 0.0
9229.999999999998 0.0
9239.999999999998 0.0
9249.999999999998 0.0
9259.999999999998 0.0
9269.999999999998 0.0
9279.999999999998 0.0
9289.999999999998 0.0
9299.999999999998 0.0
9309.999999999998 0.0
9319.999999999998 0.0
9329.999999999998 0.0
9339.999999999998 0.0
9349.999999999998 7.23659167152e-08
9359.999999999998 7.2417966183232e-08
9369.999999999998 7.2303556862399e-08
9379.999999999998 7.188045210902601e-08
9389.999999999998 7.1589030902085e-08
9399.999999999998 7.1271976442442e-08
9409.999999999998 7.177762836761399e-08
9419.999999999998 7.2088820250837e-08
9429.999999999998 0.0
9439.999999999998 0.0
9449.999999999998 7.2228801382944e-08
9459.999999999998 7.243346773938001e-08
9469.999999999998 7.348310779972501e-08
9479.999999999998 7.400528574341e-08
9489.999999999998 7.386836256876e-08
9499.999999999998 1.4853913296288e-07
9509.999999999998 1.4944683838041e-07
9519.999999999998 3.009205711344e-07
9529.999999999998 5.292132566817601e-07
9539.999999999998 9.883668884047e-07
9549.999999999998 2.5982505239591995e-06
9559.999999999998 9.521922480208e-06
9569.999999999998 0.00012500748841042
9579.999999999998 9.26207781044e-05
9589.999999999998 1.9437302386629002e-05
9599.999999999998 1.0618882506319999e-05
9609.999999999998 8.0499117290328e-06
9619.999999999998 7.311240490043599e-06
9629.999999999998 7.3555487478245e-06
9639.999999999998 7.7598951890636e-06
9649.999999999998 8.3994794979784e-06
9659.999999999998 9.167145068919e-06
9669.999999999998 1.0333367967607999e-05
9679.999999999998 1.2124104058022e-05
9689.999999999998 1.4980499798568e-05
9699.999999999998 1.9868531079474e-05
9709.999999999998 2.883961779942e-05
9719.999999999998 4.5682338808521997e-05
9729.999999999998 7.3496293828072e-05
9739.999999999998 9.236825245199e-05
9749.999999999998 7.6906196816292e-05
9759.999999999998 5.347140908637e-05
9769.999999999998 3.928168135619e-05
9779.999999999998 3.2544989859528e-05
9789.999999999998 3.060215357094e-05
9799.999999999998 3.2712678873952e-05
9809.999999999998 3.9986004047913e-05
9819.999999999998 5.513040292155e-05
9829.999999999998 8.4186687312e-05
9839.999999999998 0.00012036723535061998
9849.999999999998 0.00011672388109962001
9859.999999999998 7.9927189635328e-05
9869.999999999998 5.3143504622099995e-05
9879.999999999998 3.9012850495332e-05
9889.999999999998 3.211479743912e-05
9899.999999999998 2.9207682549360002e-05
9909.999999999998 2.8640379328642e-05
9919.999999999998 2.954766705792e-05
9929.999999999998 3.0311089285428e-05
9939.999999999998 2.9354058750944e-05
9949.999999999998 2.6058152947716e-05
9959.999999999998 2.1357163638225e-05
9969.999999999998 1.6863277165993e-05
9979.999999999998 1.3640334419730001e-05
9989.999999999998 1.12460731208e-05
9999.999999999998 9.802384460547e-06
10009.999999999998 9.1402761294e-06
10019.999999999998 8.993428638425e-06
10029.999999999998 9.562390349182e-06
10039.999999999998 1.0912576992021e-05
10049.999999999998 1.3515163814008999e-05
10059.999999999998 1.8410268104289e-05
10069.999999999998 2.7084804657196e-05
10079.999999999998 3.8613805455042e-05
10089.999999999998 4.1267143680255996e-05
10099.999999999998 2.9409626060541997e-05
10109.999999999998 1.8219923033292997e-05
10119.999999999998 1.176549261258e-05
10129.999999999998 8.328666039369599e-06
10139.999999999998 6.4483211911313994e-06
10149.999999999998 5.384711165123199e-06
10159.999999999998 4.8714279724008e-06
10169.999999999998 4.6438923653856e-06
10179.999999999998 4.7200768760872e-06
10189.999999999998 5.0869687770868e-06
10199.999999999998 5.8255211506184e-06
10209.999999999998 7.296611041100801e-06
10219.999999999998 9.807592815445e-06
10229.999999999998 1.4519985935837002e-05
10239.999999999998 2.4460657266546002e-05
10249.999999999998 4.8175852532953994e-05
10259.999999999998 0.00010281624379851
10269.999999999998 0.00014451463383
10279.999999999998 9.598371813664e-05
10289.999999999998 5.6917627105676e-05
10299.999999999998 3.9344924653996e-05
10309.999999999998 3.1676834668608e-05
10319.999999999998 2.9026006993344e-05
10329.999999999998 2.9837892531424e-05
10339.999999999998 3.3396319325925e-05
10349.999999999998 3.9082065410358e-05
10359.999999999998 4.3387743845187e-05
10369.999999999998 3.93294835834e-05
10379.999999999998 2.82617897512e-05
10389.999999999998 1.8284600556179e-05
10399.999999999998 1.1942425558092e-05
10409.999999999998 8.1470167368953e-06
10419.999999999998 5.9747395134713e-06
10429.999999999998 4.6501568265936005e-06
10439.999999999998 3.8292810068304004e-06
10449.999999999998 3.2896636878111002e-06
10459.999999999998 2.9841397135605998e-06
10469.999999999998 2.7632580754394e-06
10479.999999999998 2.762445712e-06
10489.999999999998 2.7634040784195996e-06
10499.999999999998 2.9778917165898e-06
10509.999999999998 3.2901651832082e-06
10519.999999999998 3.7326571715484e-06
10529.999999999998 4.455709946809e-06
10539.999999999998 5.634043296693e-06
10549.999999999998 7.4816949587333e-06
10559.999999999998 1.0520023277412e-05
10569.999999999998 1.569824067221e-05
10579.999999999998 2.5289347206662003e-05
10589.999999999998 4.3857492481782e-05
10599.999999999998 7.757218133775e-05
10609.999999999998 0.00011913706691168001
10619.999999999998 0.00012985850700288
10629.999999999998 0.0001093855072812
10639.999999999998 8.672904915732e-05
10649.999999999998 7.1132391026434e-05
10659.999999999998 6.0146048793798e-05
10669.999999999998 5.186983615807601e-05
10679.999999999998 4.377805346464e-05
10689.999999999998 3.5762486136844e-05
10699.999999999998 2.8246926177392e-05
10709.999999999998 2.1991452939816e-05
10719.999999999998 1.7143731977274e-05
10729.999999999998 1.3453078126176e-05
10739.999999999998 1.0886317221866e-05
10749.999999999998 9.08988586428e-06
10759.999999999998 7.8114447854982e-06
10769.999999999998 6.914487376164e-06
10779.999999999998 6.3392830153864e-06
10789.999999999998 6.0430047762136005e-06
10799.999999999998 5.900551086298e-06
10809.999999999998 5.9699878178564e-06
10819.999999999998 6.222024984865001e-06
10829.999999999998 6.5737982933171996e-06
10839.999999999998 7.2253181679177005e-06
10849.999999999998 8.2480368543954e-06
10859.999999999998 9.6428175846e-06
10869.999999999998 1.169352708186e-05
10879.999999999998 1.466764224408e-05
10889.999999999998 1.9092390306165002e-05
10899.999999999998 2.577354674085e-05
10909.999999999998 3.5948196652687e-05
10919.999999999998 5.0566334453946e-05
10929.999999999998 7.088419410695999e-05
10939.999999999998 9.343976453895e-05
10949.999999999998 0.00011091872823998998
10959.999999999998 0.00011836467979715999
10969.999999999998 0.00011651567214379
10979.999999999998 0.00011187720555359999
10989.999999999998 0.0001089452923564
10999.999999999998 0.0001091092339234
11009.999999999998 0.00011432051389018
11019.999999999998 0.00012530580050142001
11029.999999999998 0.00014232835356586
11039.999999999998 0.00016437481632488
11049.999999999998 0.00018712753440429
11059.999999999998 0.00019901489617069997
11069.999999999998 0.00019046316637656
11079.999999999998 0.00016365936817371
11089.999999999998 0.00013165063508296
11099.999999999998 0.00010349013672880001
11109.999999999998 8.2375528090886e-05
11119.999999999998 6.73891534727e-05
11129.999999999998 5.697851533160399e-05
11139.999999999998 4.9786081232615e-05
11149.999999999998 4.496495085034e-05
11159.999999999998 4.2004573802264004e-05
11169.999999999998 4.051847943746e-05
11179.999999999998 4.0133314456872e-05
11189.999999999998 4.085967499602e-05
11199.999999999998 4.2854037136608e-05
11209.999999999998 4.5994731319264e-05
11219.999999999998 5.061222274712e-05
11229.999999999998 5.7092386078503e-05
11239.999999999998 6.571890473814899e-05
11249.999999999998 7.7120246679868e-05
11259.999999999998 9.163549262503e-05
11269.999999999998 0.00010950744958452001
11279.999999999998 0.00012975240245549998
11289.999999999998 0.00015100701313698
11299.999999999998 0.00016934466875868
11309.999999999998 0.00018160043580366
11319.999999999998 0.00018594577065902
11329.999999999998 0.00018344333361306001
11339.999999999998 0.00017561408505988
11349.999999999998 0.00016703656459781998
11359.999999999998 0.00015894646914996
11369.999999999998 0.00015254777243418
11379.999999999998 0.0001487283815625
11389.999999999998 0.00014732024383034
11399.999999999998 0.00014852562872944
11409.999999999998 0.00015284698156998
11419.999999999998 0.00016032861235482
11429.999999999998 0.00017111026605575
11439.999999999998 0.00018654299572116
11449.999999999998 0.00020692590653205
11459.999999999998 0.00023429356740738
11469.999999999998 0.00026994991025536
11479.999999999998 0.00031693732156191
11489.999999999998 0.00037909634150485005
11499.999999999998 0.0004617808256639999
11509.999999999998 0.0005749986753729
11519.999999999998 0.00072788718993633
11529.999999999998 0.0009410919964015999
11539.999999999998 0.0012420383945361
11549.999999999998 0.0016741314349708
11559.999999999998 0.0023083919968627
11569.999999999998 0.0032574877657908
11579.999999999998 0.0047212015098369
11589.999999999998 0.0070130162547844994
11599.999999999998 0.010721301678476
11609.999999999998 0.01686473823117
11619.999999999998 0.027343486336085004
11629.999999999998 0.045712638095295
11639.999999999998 0.078432094788886
11649.999999999998 0.13612818276523003
11659.999999999998 0.23292196148332
11669.999999999998 0.372852264378
11679.999999999998 0.52796922213768
11689.999999999998 0.64531426151404
11699.999999999998 0.70435428500076
11709.999999999998 0.7235965485845399
11719.999999999998 0.72597804611358
11729.999999999998 0.72507186835464
11739.999999999998 0.7252599288702101
11749.999999999998 0.7266640314709201
11759.999999999998 0.72711323553088
11769.999999999998 0.72678146596476
11779.999999999998 0.7269825355812
11789.999999999998 0.7268641325187201
11799.999999999998 0.72687897529408
11809.999999999998 0.72665224387272
11819.999999999998 0.72577521639432
11829.999999999998 0.72576263891706
11839.999999999998 0.7253772831919599
11849.999999999998 0.7252569638496
11859.999999999998 0.72480133737033
11869.999999999998 0.72440741573032
11879.999999999998 0.72293105544405
11889.999999999998 0.72249160131423
11899.999999999998 0.7221869336382
11909.999999999998 0.72250053840185
11919.999999999998 0.7232383662363
11929.999999999998 0.7237896150628
11939.999999999998 0.72480362398101
11949.999999999998 0.7255854603441
11959.999999999998 0.72625140875352
11969.999999999998 0.727472870766
11979.999999999998 0.72793244584128
11989.999999999998 0.72848960801502
11999.999999999998 0.72880990184844
12009.999999999998 0.72825313825605
12019.999999999998 0.7275572165616
12029.999999999998 0.72754748733459
12039.999999999998 0.72760160593878
12049.999999999998 0.7285656784601601
12059.999999999998 0.72877624570368
12069.999999999998 0.7287597364943
12079.999999999998 0.73011339324495
12089.999999999998 0.7307279320085399
12099.999999999998 0.7311889297455001
12109.999999999998 0.73201875829862
12119.999999999998 0.732749255706
12129.999999999998 0.73398640507764
12139.999999999998 0.73436340049911
12149.999999999998 0.7350149107930001
12159.999999999998 0.7353523858777801
12169.999999999998 0.7352702154792
12179.999999999998 0.7357187862599999
12189.999999999998 0.735114535437
12199.999999999998 0.7349902229801699
12209.999999999998 0.7345573569003601
12219.999999999998 0.73412211887048
12229.999999999998 0.73382843004748
12239.999999999998 0.73460571147094
12249.999999999998 0.73535960369295
12259.999999999998 0.73533025755939
12269.999999999998 0.735533837316
12279.999999999998 0.7359361501725
12289.999999999998 0.73601062101076
12299.999999999998 0.7367783796826199
12309.999999999998 0.73768247704682
12319.999999999998 0.7378067896731001
12329.999999999998 0.73812831900885
12339.999999999998 0.73822588775054
12349.999999999998 0.7385927123534
12359.999999999998 0.73781467961573
12369.999999999998 0.73730154518319
12379.999999999998 0.7367457115314
12389.999999999998 0.7359930167044999
12399.999999999998 0.7355822498330999
12409.999999999998 0.7357040143524001
12419.999999999998 0.73534793866422
12429.999999999998 0.7348722982444399
12439.999999999998 0.7344530928864
12449.999999999998 0.7343780292306
12459.999999999998 0.7349245735191899
12469.999999999998 0.7350627553356
12479.999999999998 0.73498355663224
12489.999999999998 0.73593985120224
12499.999999999998 0.73622269381129
12509.999999999998 0.73638859459972
12519.999999999998 0.7367258018374799
12529.999999999998 0.73769492270025
12539.999999999998 0.73791372319434
12549.999999999998 0.7375846415360701
12559.999999999998 0.7382874501585
12569.999999999998 0.73859369620995
12579.999999999998 0.7384845178842999
12589.999999999998 0.7387070498262099
12599.999999999998 0.73786302108048
12609.999999999998 0.7383499299722001
12619.999999999998 0.7389242619136
12629.999999999998 0.7392214077858401
12639.999999999998 0.74040269501115
12649.999999999998 0.74034384297536
12659.999999999998 0.74123918575007
12669.999999999998 0.7421455434434401
12679.999999999998 0.74275668124668
12689.999999999998 0.74381182259288
12699.999999999998 0.74480436758757
12709.999999999998 0.74553175738384
12719.999999999998 0.74570410293516
12729.999999999998 0.7456957208045
12739.999999999998 0.74529735966036
12749.999999999998 0.74525518688016
12759.999999999998 0.7445453250731
12769.999999999998 0.7435320732316401
12779.999999999998 0.74302974339668
12789.999999999998 0.74316186023871
12799.999999999998 0.7425702690340901
12809.999999999998 0.7432065262583999
12819.999999999998 0.74289770200664
12829.999999999998 0.7432029733875
12839.999999999998 0.7436778126274001
12849.999999999998 0.74405715713759
12859.999999999998 0.744233065992
