speclite/data/filters/Euclid-Y.ecsv
# %ECSV 0.9
# ---
# datatype:
# - {name: wavelength, unit: Angstrom, datatype: float64}
# - {name: response, datatype: float64}
# meta: !!omap
# - {band_name: Y}
# - {group_name: Euclid}
# - __serialized_columns__:
#     wavelength:
#       __class__: astropy.units.quantity.Quantity
#       value: !astropy.table.SerializedColumn {name: wavelength}
# schema: astropy-2.0
wavelength response
3649.9999999999995 0.0
3659.9999999999995 3.1470268720000006e-17
3669.9999999999995 9.502457520999999e-17
3679.9999999999995 1.1907543765e-15
3689.9999999999995 9.397803479999999e-15
3699.9999999999995 6.464724190000001e-15
3709.9999999999995 1.8229178703999998e-13
3719.9999999999995 3.7472641136e-14
3729.9999999999995 7.3024793e-13
3739.9999999999995 6.286229929e-13
3749.9999999999995 9.1848058042e-12
3759.9999999999995 3.1982115749999997e-13
3769.9999999999995 0.0
3779.9999999999995 0.0
3789.9999999999995 0.0
3799.9999999999995 0.0
3809.9999999999995 0.0
3819.9999999999995 3.2991673911e-12
3829.9999999999995 1.19574840834e-10
3839.999999999999 1.986342354e-09
3849.999999999999 5.5679959244e-08
3859.999999999999 5.861493363200001e-11
3869.999999999999 0.0
3879.999999999999 0.0
3889.999999999999 0.0
3899.999999999999 2.1635892445000002e-12
3909.999999999999 0.0
3919.999999999999 0.0
3929.999999999999 0.0
3939.999999999999 0.0
3949.999999999999 0.0
3959.999999999999 0.0
3969.999999999999 0.0
3979.999999999999 0.0
3989.999999999999 0.0
3999.999999999999 0.0
4009.999999999999 0.0
4019.999999999999 0.0
4029.999999999999 8.485493082e-12
4039.999999999999 0.0
4049.999999999999 0.0
4059.999999999999 0.0
4069.999999999999 0.0
4079.999999999999 4.38860592863e-14
4089.999999999999 3.83132028992e-14
4099.999999999999 5.67037834974e-13
4109.999999999999 6.8923076022e-13
4119.999999999999 3.909743189700001e-15
4129.999999999999 3.84375495216e-15
4139.999999999999 9.635920624e-14
4149.999999999999 6.56867555988e-14
4159.999999999999 0.0
4169.999999999999 0.0
4179.999999999999 1.46104397802e-13
4189.999999999999 0.0
4199.999999999999 0.0
4209.999999999999 1.61023370652e-15
4219.999999999999 2.40296686698e-15
4229.999999999999 0.0
4239.999999999999 0.0
4249.999999999999 3.2965928450000005e-15
4259.999999999999 1.2416183453900002e-15
4269.999999999999 1.22946260374e-15
4279.999999999999 1.2828140294399999e-14
4289.999999999999 8.6706273255e-15
4299.999999999999 1.5303175748e-14
4309.999999999999 1.4882686773000002e-13
4319.999999999999 8.0609621466e-15
4329.999999999999 1.18072213384e-14
4339.999999999999 2.80967940474e-13
4349.999999999999 5.172695052760001e-13
4359.999999999999 3.62901727893e-14
4369.999999999999 0.0
4379.999999999999 0.0
4389.999999999999 0.0
4399.999999999999 3.02025071679e-13
4409.999999999999 4.205941690613e-13
4419.999999999999 5.404104927524e-12
4429.999999999999 7.344163172808e-12
4439.999999999999 9.04695891176e-12
4449.999999999999 0.0
4459.999999999999 0.0
4469.999999999999 8.127673273391e-13
4479.999999999999 1.1339588773600001e-12
4489.999999999999 3.180303615905e-12
4499.999999999999 6.77635098876e-12
4509.999999999999 9.587098683918e-12
4519.999999999999 1.3901533480692e-10
4529.999999999999 2.5952261319449997e-10
4539.999999999999 1.1711236370989e-09
4549.999999999999 8.645273086047e-10
4559.999999999999 5.309673356174999e-09
4569.999999999999 4.3157970820719994e-10
4579.999999999999 1.911818838611e-10
4589.999999999999 6.488774414896e-08
4599.999999999999 3.1620507483558e-10
4609.999999999999 9.189855286532e-10
4619.999999999999 3.3502433535978e-10
4629.999999999999 2.4437549716212e-10
4639.999999999999 6.959209730414999e-10
4649.999999999999 0.0
4659.999999999999 0.0
4669.999999999999 0.0
4679.999999999999 0.0
4689.999999999999 0.0
4699.999999999999 2.5626470287474e-09
4709.999999999999 0.0
4719.999999999999 0.0
4729.999999999999 0.0
4739.999999999999 3.7933713179516006e-08
4749.999999999999 0.0
4759.999999999999 0.0
4769.999999999999 0.0
4779.999999999999 0.0
4789.999999999999 0.0
4799.999999999999 0.0
4809.999999999999 0.0
4819.999999999999 0.0
4829.999999999999 0.0
4839.999999999999 2.4352114180536002e-08
4849.999999999999 0.0
4859.999999999999 0.0
4869.999999999999 1.9209542551374002e-07
4879.999999999999 1.9609999779043e-08
4889.999999999999 1.77588559032e-08
4899.999999999999 1.416816633701e-07
4909.999999999999 8.251824548119001e-08
4919.999999999999 2.377123340733e-08
4929.999999999999 4.4508729492204e-07
4939.999999999999 5.0910632366549994e-08
4949.999999999999 7.040901025877e-09
4959.999999999999 4.0508870774255996e-08
4969.999999999999 1.4140385580453e-08
4979.999999999999 7.63819993254e-09
4989.999999999999 6.2066261973716e-09
4999.999999999999 2.5848997380412e-07
5009.999999999999 6.2970237979924e-09
5019.999999999999 1.7415003279014e-09
5029.999999999999 2.9012221162884e-09
5039.999999999999 2.88986541904e-08
5049.999999999999 9.967431521837998e-10
5059.999999999999 8.246847009912e-10
5069.999999999999 6.858864432401799e-10
5079.999999999999 2.8855624315080003e-09
5089.999999999999 1.5952092648936e-06
5099.999999999999 6.3250305134592e-09
5109.999999999999 8.027163182688e-09
5119.999999999999 1.5115862926011e-08
5129.999999999999 9.880900028735999e-09
5139.999999999999 3.3899547973167e-07
5149.999999999999 3.765103077792e-09
5159.999999999999 1.2748823243476001e-09
5169.999999999999 1.9347106130722e-09
5179.999999999999 7.460224979534e-09
5189.999999999999 3.8430156327600004e-10
5199.999999999999 2.3240819275844e-10
5209.999999999999 2.1301842135414e-10
5219.999999999999 2.9401443850950003e-10
5229.999999999999 1.6350006105255e-09
5239.999999999999 2.728262018448e-09
5249.999999999999 4.833977760342001e-10
5259.999999999999 3.0722955499139005e-10
5269.999999999999 2.9748811045301997e-10
5279.999999999999 6.5463140017971e-10
5289.999999999999 2.677329389043e-08
5299.999999999999 1.2685936832800002e-09
5309.999999999999 5.5659514980783e-10
5319.999999999999 8.315123410272001e-10
5329.999999999999 1.7805278564736e-09
5339.999999999999 8.846357696694e-10
5349.999999999999 6.447288261063401e-09
5359.999999999999 3.2419521676416e-10
5369.999999999999 6.104025006717599e-11
5379.999999999999 0.0
5389.999999999999 0.0
5399.999999999999 0.0
5409.999999999999 0.0
5419.999999999999 0.0
5429.999999999999 3.853811260278e-11
5439.999999999999 1.458652430222e-10
5449.999999999999 1.42849541412e-11
5459.999999999999 3.6253934666300003e-12
5469.999999999999 9.6510879705e-13
5479.999999999999 5.4702138755e-13
5489.999999999999 3.049990215e-12
5499.999999999999 6.345670188e-14
5509.999999999999 3.927223872e-15
5519.999999999999 2.025536002e-15
5529.999999999999 1.2201358435e-15
5539.999999999999 8.933235008e-16
5549.999999999999 1.3116069908e-15
5559.999999999999 4.068281214e-15
5569.999999999999 6.610333905999999e-14
5579.999999999999 3.612444367e-14
5589.999999999999 2.806317388e-14
5599.999999999999 1.1851543145e-13
5609.999999999999 4.05178048e-12
5619.999999999999 2.4497956224e-12
5629.999999999999 2.724896808e-12
5639.999999999999 5.857952415000001e-12
5649.999999999999 4.07855942e-12
5659.999999999999 3.2755304340000002e-12
5669.999999999999 7.357510032e-12
5679.999999999999 2.7188375357e-12
5689.999999999999 2.6411445533e-12
5699.999999999999 7.31217578e-12
5709.999999999999 4.2834063125e-12
5719.999999999999 8.647702748e-13
5729.999999999999 3.4665209348e-13
5739.999999999999 2.648296272e-13
5749.999999999999 3.023344863e-13
5759.999999999999 8.281636150000001e-13
5769.999999999999 6.378515639e-13
5779.999999999999 7.857344664000001e-14
5789.999999999999 6.874843756e-14
5799.999999999999 1.0888198976000001e-13
5809.999999999999 3.8885233320000003e-13
5819.999999999999 2.1445230240000003e-14
5829.999999999999 1.7811019996e-14
5839.999999999999 0.0
5849.999999999999 1.925636512e-14
5859.999999999999 7.035793195e-14
5869.999999999999 2.703448299e-14
5879.999999999999 1.0524735081000001e-13
5889.999999999999 2.2449736000000002e-13
5899.999999999999 7.721520839999999e-13
5909.999999999999 1.0730080367999999e-13
5919.999999999999 1.4091147294e-14
5929.999999999999 3.19029919e-14
5939.999999999999 9.327202481e-13
5949.999999999999 7.310124067999999e-13
5959.999999999999 1.0174309761e-12
5969.999999999999 2.0407074989e-12
5979.999999999999 5.7809313799999995e-12
5989.999999999999 3.278235848e-11
5999.999999999999 4.3820388900000005e-11
6009.999999999999 1.275592614e-11
6019.999999999999 1.8595025484e-12
6029.999999999999 3.9571354491e-12
6039.999999999999 7.168908669e-12
6049.999999999999 1.8929068676e-11
6059.999999999999 6.147623547999999e-12
6069.999999999999 2.9243746069999996e-12
6079.999999999999 1.4059487196e-12
6089.999999999999 8.729990509999999e-13
6099.999999999999 6.729010846000001e-13
6109.999999999999 2.014235452e-13
6119.999999999999 7.374269639e-14
6129.999999999999 2.390381788e-13
6139.999999999999 2.001522666e-12
6149.999999999999 3.2632432216e-12
6159.999999999999 2.977446944e-11
6169.999999999999 5.2329775155e-11
6179.999999999999 8.449163896e-11
6189.999999999999 7.6136937393e-11
6199.999999999999 2.9562004454999995e-11
6209.999999999999 8.007857682000001e-12
6219.999999999999 6.8994969230000005e-12
6229.999999999999 9.86285124e-12
6239.999999999999 1.9514127716999997e-11
6249.999999999999 3.667113915e-11
6259.999999999999 5.0657468829999995e-11
6269.999999999999 4.0812245928000006e-11
6279.999999999999 2.477158012e-11
6289.999999999999 1.58656296e-11
6299.999999999999 2.0563273109999997e-11
6309.999999999999 6.993305522999999e-12
6319.999999999999 4.2190804296e-12
6329.999999999999 8.69683166e-13
6339.999999999999 1.8750083196e-12
6349.999999999999 2.971643028e-12
6359.999999999999 7.833305867999999e-12
6369.999999999999 9.29561527e-12
6379.999999999999 5.8396890919999995e-12
6389.999999999999 1.7606405685e-11
6399.999999999999 2.8894828974e-11
6409.999999999999 4.5822858125e-11
6419.999999999999 3.7781055024999995e-11
6429.999999999999 2.298653132e-11
6439.999999999999 1.3414271804e-11
6449.999999999999 8.05208519e-12
6459.999999999999 1.0700981424000001e-11
6469.999999999999 1.630949649e-11
6479.999999999999 3.71290894e-11
6489.999999999999 4.3190416049999995e-11
6499.999999999999 4.11878318e-11
6509.999999999999 5.0403012408e-11
6519.999999999999 7.156952568e-11
6529.999999999999 8.842388878e-11
6539.999999999999 6.967708191e-11
6549.999999999999 5.1387042526999994e-11
6559.999999999999 5.3204473203e-11
6569.999999999999 5.5948675e-11
6579.999999999999 5.227147939999999e-11
6589.999999999999 4.846409933e-11
6599.999999999999 3.20496414e-11
6609.999999999999 7.605686359800001e-12
6619.999999999999 1.0267249234e-11
6629.999999999999 1.5675348618e-11
6639.999999999999 8.2508931824e-12
6649.999999999999 0.0
6659.999999999999 3.8430842282000005e-12
6669.999999999999 2.634692838e-12
6679.999999999999 5.177562382499999e-13
6689.999999999999 6.1918202383999995e-12
6699.999999999999 8.928133437999999e-12
6709.999999999999 1.0305099134e-11
6719.999999999999 8.793128988e-12
6729.999999999999 1.173446916e-11
6739.999999999999 1.549405455e-11
6749.999999999999 7.955416177e-12
6759.999999999999 8.138866948e-12
6769.999999999999 3.1915610804e-11
6779.999999999999 1.8103216479e-11
6789.999999999999 2.1596668335000003e-11
6799.999999999999 1.049030344e-11
6809.999999999999 4.1383614257e-12
6819.999999999999 2.120457951e-12
6829.999999999999 9.360107053000002e-13
6839.999999999999 9.889479385e-13
6849.999999999999 8.81581028e-12
6859.999999999999 1.6027524617e-12
6869.999999999999 1.935368253e-12
6879.999999999999 3.5538206480000003e-11
6889.999999999999 8.841542087e-13
6899.999999999999 5.0682192056e-12
6909.999999999999 0.0
6919.999999999999 4.7464501139999994e-12
6929.999999999999 2.3818546222000002e-11
6939.999999999999 3.416546328e-11
6949.999999999999 3.8798479907999996e-11
6959.999999999999 1.8242134596e-11
6969.999999999999 1.354083996e-11
6979.999999999999 2.6537696640000003e-11
6989.999999999999 3.278083487e-11
6999.999999999999 4.6950311e-11
7009.999999999999 4.7112345990000003e-11
7019.999999999999 6.978264003e-11
7029.999999999999 3.087003514e-11
7039.999999999999 1.435610408e-11
7049.999999999999 1.3072435467e-11
7059.999999999999 9.07460501e-12
7069.999999999999 8.595907555999999e-12
7079.999999999999 5.01155325e-12
7089.999999999999 3.4822640639999996e-12
7099.999999999999 4.89238296e-13
7109.999999999999 2.8581784110000006e-12
7119.999999999999 0.0
7129.999999999999 0.0
7139.999999999999 0.0
7149.999999999999 1.0666514216999998e-12
7159.999999999999 0.0
7169.999999999999 1.4170051665e-12
7179.999999999999 1.7299140417e-12
7189.999999999999 1.9894477021e-12
7199.999999999999 1.6271523719999996e-11
7209.999999999999 2.0312474592e-11
7219.999999999999 1.6139396403e-12
7229.999999999999 7.803474441000001e-12
7239.999999999999 3.8337834440000004e-12
7249.999999999999 4.72054147e-12
7259.999999999999 1.0402475264e-13
7269.999999999999 3.1250672379000003e-13
7279.999999999999 7.971137474999999e-13
7289.999999999999 4.4942449039999997e-14
7299.999999999999 3.485124174e-14
7309.999999999999 3.0191698781999998e-12
7319.999999999999 7.222698234e-12
7329.999999999999 0.0
7339.999999999999 6.49675855e-14
7349.999999999999 0.0
7359.999999999999 4.773907314e-12
7369.999999999999 1.139737382e-12
7379.999999999999 1.7312497698000002e-12
7389.999999999999 1.0409242602e-12
7399.999999999999 4.9471749599999995e-12
7409.999999999999 1.698427296e-12
7419.999999999999 0.0
7429.999999999999 8.337008404e-12
7439.999999999999 4.7599416989999996e-11
7449.999999999999 7.334833264e-11
7459.999999999999 3.840499657800001e-11
7469.999999999999 4.219278972e-12
7479.999999999999 1.1908260929999999e-12
7489.999999999999 0.0
7499.999999999999 0.0
7509.999999999999 1.3153900075e-12
7519.999999999999 0.0
7529.999999999999 4.826965164e-13
7539.999999999999 2.133416256e-12
7549.999999999999 0.0
7559.999999999999 4.99305343e-13
7569.999999999999 5.133421149999999e-12
7579.999999999999 0.0
7589.999999999999 1.1345517672000001e-12
7599.999999999999 3.9348162e-11
7609.999999999999 3.5416213371999996e-12
7619.999999999999 4.550834937e-12
7629.999999999999 8.362968480299999e-14
7639.999999999999 0.0
7649.999999999999 0.0
7659.999999999999 0.0
7669.999999999999 5.94549843e-15
7679.999999999998 0.0
7689.999999999998 0.0
7699.999999999998 1.2586950755e-12
7709.999999999998 1.662549549e-12
7719.999999999998 0.0
7729.999999999998 4.681191424000001e-13
7739.999999999998 5.330156988e-14
7749.999999999998 0.0
7759.999999999998 2.6893111e-14
7769.999999999998 1.6524344199999998e-13
7779.999999999998 0.0
7789.999999999998 8.283405498e-12
7799.999999999998 7.432608575e-12
7809.999999999998 1.33275891e-12
7819.999999999998 2.5133779038e-12
7829.999999999998 1.399253724e-12
7839.999999999998 4.4841095040000004e-13
7849.999999999998 0.0
7859.999999999998 3.622969875e-14
7869.999999999998 6.197531186e-14
7879.999999999998 3.191870306e-13
7889.999999999998 7.217666214e-13
7899.999999999998 0.0
7909.999999999998 4.00324246e-14
7919.999999999998 3.7242433391999996e-14
7929.999999999998 0.0
7939.999999999998 0.0
7949.999999999998 1.9882247203000002e-14
7959.999999999998 1.2927948e-12
7969.999999999998 7.302134025e-12
7979.999999999998 1.162512245e-11
7989.999999999998 2.676204154e-11
7999.999999999998 6.1304477886e-11
8009.999999999998 4.85172639e-11
8019.999999999998 3.1233559644000003e-11
8029.999999999998 3.4307634165e-12
8039.999999999998 4.845724374799999e-12
8049.999999999998 1.6699868175e-11
8059.999999999998 0.0
8069.999999999998 1.8893937330000003e-11
8079.999999999998 2.6139398340000003e-11
8089.999999999998 3.499815033e-12
8099.999999999998 0.0
8109.999999999998 0.0
8119.999999999998 3.781875104e-12
8129.999999999998 2.2439979054000004e-12
8139.999999999998 4.5065292224e-12
8149.999999999998 8.659467915e-13
8159.999999999998 0.0
8169.999999999998 4.2549205525e-14
8179.999999999998 0.0
8189.999999999998 9.386341285e-13
8199.999999999998 0.0
8209.999999999998 0.0
8219.999999999998 0.0
8229.999999999998 8.643161789999999e-13
8239.999999999998 6.3646029800000005e-12
8249.999999999998 4.6199018879999996e-12
8259.999999999998 1.459125129e-12
8269.999999999998 6.475746243999999e-12
8279.999999999998 3.3929049000000002e-12
8289.999999999998 0.0
8299.999999999998 8.58203184e-14
8309.999999999998 0.0
8319.999999999998 1.5558065656000002e-12
8329.999999999998 1.707221344e-11
8339.999999999998 1.4629982787000002e-11
8349.999999999998 3.042097786e-11
8359.999999999998 2.7855095631999996e-12
