speclite/data/filters/Euclid-H.ecsv
# %ECSV 0.9
# ---
# datatype:
# - {name: wavelength, unit: Angstrom, datatype: float64}
# - {name: response, datatype: float64}
# meta: !!omap
# - {band_name: H}
# - {group_name: Euclid}
# - __serialized_columns__:
#     wavelength:
#       __class__: astropy.units.quantity.Quantity
#       value: !astropy.table.SerializedColumn {name: wavelength}
# schema: astropy-2.0
wavelength response
[from data line 996]
13779.999999999998 2.2140214850225e-05
13789.999999999998 2.1560441829498e-05
13799.999999999998 2.110575645513e-05
13809.999999999998 2.081887489465e-05
13819.999999999998 2.0771404799958e-05
13829.999999999998 2.0828913559296e-05
13839.999999999998 2.1125457465754997e-05
13849.999999999998 2.1514677355859e-05
13859.999999999998 2.2117577924592e-05
13869.999999999998 2.2870530485985e-05
13879.999999999998 2.3787547986426e-05
13889.999999999998 2.4922666155743997e-05
13899.999999999998 2.622538302374e-05
13909.999999999998 2.780368154279e-05
13919.999999999998 2.9579717802645e-05
13929.999999999998 3.1612802618538e-05
13939.999999999998 3.4029698826194004e-05
13949.999999999998 3.6720416273859005e-05
13959.999999999998 3.9763070187567996e-05
13969.999999999998 4.3174519177613997e-05
13979.999999999998 4.708601614375201e-05
13989.999999999998 5.1355142210490005e-05
13999.999999999998 5.6159396366394e-05
14009.999999999998 6.1283188596452e-05
14019.999999999998 6.6768258853072e-05
14029.999999999998 7.2599103748086e-05
14039.999999999998 7.8636741538784e-05
14049.999999999998 8.447093575935e-05
14059.999999999998 9.005454410831999e-05
14069.999999999998 9.530088715704e-05
14079.999999999998 9.978496250376e-05
14089.999999999998 0.00010325793859641
14099.999999999998 0.0001057443033744
14109.999999999998 0.00010709324004948001
14119.999999999998 0.00010744213040090002
14129.999999999998 0.00010687495215858
14139.999999999998 0.0001054466544185
14149.999999999998 0.00010359526246892
14159.999999999998 0.00010116762281475
14169.999999999998 9.857731440954999e-05
14179.999999999998 9.586967470752e-05
14189.999999999998 9.316038561266999e-05
14199.999999999998 9.04434024778e-05
14209.999999999998 8.788948821750001e-05
14219.999999999998 8.54956084122e-05
14229.999999999998 8.332646593218e-05
14239.999999999998 8.14461509316e-05
14249.999999999998 7.9741281893616e-05
14259.999999999998 7.848166428836501e-05
14269.999999999998 7.7362011044285e-05
14279.999999999998 7.641045996209999e-05
14289.999999999998 7.5757102689708e-05
14299.999999999998 7.5223155788388e-05
14309.999999999998 7.5118646438006e-05
14319.999999999998 7.52187715788e-05
14329.999999999998 7.5489293927848e-05
14339.999999999998 7.610644023091199e-05
14349.999999999998 7.6735910713875e-05
14359.999999999998 7.7772966996699e-05
14369.999999999998 7.9017974914878e-05
14379.999999999998 8.032198087875e-05
14389.999999999998 8.1922995406044e-05
14399.999999999998 8.37391989543e-05
14409.999999999998 8.559392840731e-05
14419.999999999998 8.7729591632e-05
14429.999999999998 8.98838866178e-05
14439.999999999998 9.217378438645e-05
14449.999999999998 9.439690931425999e-05
14459.999999999998 9.669697628032e-05
14469.999999999998 9.896584337262e-05
14479.999999999998 0.00010112002912660001
14489.999999999998 0.00010302231475692001
14499.999999999998 0.00010474304760533
14509.999999999998 0.00010625824280246001
14519.999999999998 0.00010739010810416001
14529.999999999998 0.00010833748030168001
14539.999999999998 0.00010887054955555999
14549.999999999998 0.00010906831642752
14559.999999999998 0.00010900770152248001
14569.999999999998 0.00010862457067477001
14579.999999999998 0.00010824001023925001
14589.999999999998 0.00010758422603565001
14599.999999999998 0.00010683764757450001
14609.999999999998 0.00010601570758868
14619.999999999998 0.00010520425615674999
14629.999999999998 0.00010456925715808001
14639.999999999998 0.00010399303208728
14649.999999999998 0.00010349841000071998
14659.999999999998 0.00010327787344602
14669.999999999998 0.00010327311636353
14679.999999999998 0.00010355257403297999
14689.999999999998 0.00010409163521939999
14699.999999999998 0.00010493673766500002
14709.999999999998 0.00010616320828008
14719.999999999998 0.00010789904980368
14729.999999999998 0.00010990307007451
14739.999999999998 0.00011235996304354
14749.999999999998 0.0001154302460406
14759.999999999998 0.00011912622455404
14769.999999999998 0.0001233789910353
14779.999999999998 0.00012825807327232
14789.999999999998 0.0001338318361911
14799.999999999998 0.00014048922672782
14809.999999999998 0.00014805836726928
14819.999999999998 0.00015670817360520002
14829.999999999998 0.00016675838919333
14839.999999999998 0.0001785160161544
14849.999999999998 0.00019137962561571
14859.999999999998 0.00020643545082266998
14869.999999999998 0.00022376325563655
14879.999999999998 0.00024368285723705
14889.999999999998 0.00026678719032887
14899.999999999998 0.000293626986849
14909.999999999998 0.00032500112217750005
14919.999999999998 0.00036082301599673
14929.999999999998 0.00040339490484506997
14939.999999999998 0.0004534532454021
14949.999999999998 0.00051269749171176
14959.999999999998 0.00058232354516532
14969.999999999998 0.0006654361103140801
14979.999999999998 0.0007642695698041601
14989.999999999998 0.0008845249125863999
14999.999999999998 0.0010286548121749
15009.999999999998 0.0012057022842723
15019.999999999998 0.0014215156392000002
15029.999999999998 0.0016868828430345
15039.999999999998 0.0020151502904232
15049.999999999998 0.0024247095070737
15059.999999999998 0.0029429708144718
15069.999999999998 0.0035947268960070003
15079.999999999998 0.0044306003103846
15089.999999999998 0.005501224962126
15099.999999999998 0.006897387892178101
15109.999999999998 0.008722413268596
15119.999999999998 0.011139663174696
15129.999999999998 0.014380282001315999
15139.999999999998 0.018737204893646
15149.999999999998 0.024657131263875
15159.999999999998 0.03283704856323
15169.999999999998 0.044181301564136
15179.999999999998 0.06000265840498199
15189.999999999998 0.08218816411836499
15199.999999999998 0.11302823082447001
15209.999999999998 0.15559849733995001
15219.999999999998 0.21331529478514002
15229.999999999998 0.28670476437007997
15239.999999999998 0.37446353799624
15249.999999999998 0.46880644089449997
15259.999999999998 0.5573564750782201
15269.999999999998 0.62936860647328
15279.999999999998 0.6784504200559499
15289.999999999998 0.70671975282854
15299.999999999998 0.71967372577667
15309.999999999998 0.72402132190536
15319.999999999998 0.7235551807506
15329.999999999998 0.72278278286027
15339.999999999998 0.7205536720287999
15349.999999999998 0.71999883605748
15359.999999999996 0.72094628294325
15369.999999999996 0.72028106576319
15379.999999999996 0.72057699195119
15389.999999999996 0.72153460806497
15399.999999999996 0.7217693647047501
15409.999999999996 0.72290168365829
15419.999999999996 0.72219188900064
15429.999999999996 0.72210089703
15439.999999999996 0.7211543531763001
15449.999999999996 0.72017218230126
15459.999999999996 0.7196995446335199
15469.999999999996 0.71938329129649
15479.999999999996 0.71910396611712
15489.999999999996 0.7182419650163799
15499.999999999996 0.7181401637100899
15509.999999999996 0.7188437342392799
15519.999999999996 0.71855904869187
15529.999999999996 0.72030396725
15539.999999999996 0.72103515418248
15549.999999999996 0.7206962462101499
15559.999999999996 0.72096747068928
15569.999999999996 0.72199391085516
15579.999999999996 0.7225056763374801
15589.999999999996 0.72253277698128
15599.999999999996 0.7229174508822
15609.999999999996 0.7216689647382301
15619.999999999996 0.7213704764759999
15629.999999999996 0.7208867090745
15639.999999999996 0.72031305659813
15649.999999999996 0.7201041188364
15659.999999999996 0.7198720077526001
15669.999999999996 0.71926022301762
15679.999999999996 0.7188560701212
15689.999999999996 0.7188370320771
15699.999999999996 0.7192675809774
15709.999999999996 0.72011613396248
15719.999999999996 0.72041883449738
15729.999999999996 0.72053933422653
15739.999999999996 0.7213828676355
15749.999999999996 0.72273085862775
15759.999999999996 0.7225334022797999
15769.999999999996 0.7229304943536001
15779.999999999996 0.724019600318
15789.999999999996 0.72443558168675
15799.999999999996 0.7244914205891599
15809.999999999996 0.72452256674616
15819.999999999996 0.7240785571567799
15829.999999999996 0.72392415470364
15839.999999999996 0.72375227533412
15849.999999999996 0.7242506703855
15859.999999999996 0.72356077821888
15869.999999999996 0.7230830223208199
15879.999999999996 0.72254739986338
15889.999999999996 0.72201218997102
15899.999999999996 0.7213226161284
15909.999999999996 0.7214354708745201
15919.999999999996 0.7208231040125
15929.999999999996 0.7210230277691
15939.999999999996 0.72070864029738
15949.999999999996 0.7205072470545
15959.999999999996 0.72042304601861
15969.999999999996 0.72033008942752
15979.999999999996 0.7202435710259201
15989.999999999996 0.72059171161995
15999.999999999996 0.72105029801606
16009.999999999996 0.72134406998668
16019.999999999996 0.7208709907726
16029.999999999996 0.72110813270172
16039.999999999996 0.72107519946917
16049.999999999996 0.72096375442648
16059.999999999996 0.7213780725993
16069.999999999996 0.7203338296266
16079.999999999996 0.72040840738334
16089.999999999996 0.7195964727256501
16099.999999999996 0.71900145131617
16109.999999999996 0.7180720661457
16119.999999999996 0.7176324920161701
16129.999999999996 0.71708775666591
16139.999999999996 0.71657133701484
16149.999999999996 0.7166770958331999
16159.999999999996 0.7160955199860001
16169.999999999996 0.7152871740450399
16179.999999999996 0.714748682931
16189.999999999996 0.71470628870403
16199.999999999996 0.7147004914359201
16209.999999999996 0.71512131470382
16219.999999999996 0.7143880926080399
16229.999999999996 0.71374427075944
16239.999999999996 0.71485210980002
16249.999999999996 0.7146802494744001
16259.999999999996 0.7146132855584899
16269.999999999996 0.71472119000268
16279.999999999996 0.71434005232689
16289.999999999996 0.71501092217625
16299.999999999996 0.7145080461166199
16309.999999999996 0.714950254687
16319.999999999996 0.71431293184128
16329.999999999996 0.7140899365194
16339.999999999996 0.7133115505098601
16349.999999999996 0.71308254640104
16359.999999999996 0.71273098443456
16369.999999999996 0.7120457751392401
16379.999999999996 0.71178660980322
16389.999999999996 0.7109343098463401
16399.999999999996 0.71089984753442
16409.999999999996 0.71003010790504
16419.999999999996 0.70885548959197
16429.999999999996 0.70949919398376
16439.999999999996 0.70902908199844
16449.999999999996 0.70903915795284
16459.999999999996 0.7081432817797201
16469.999999999996 0.7073385661188
16479.999999999996 0.708599319312
16489.999999999996 0.7080966981252
16499.999999999996 0.70882547368988
16509.999999999996 0.708438243452
16519.999999999996 0.7090050659914201
16529.999999999996 0.70890088873097
16539.999999999996 0.70989529463759
16549.999999999996 0.7102637842386
16559.999999999996 0.71020885081608
16569.999999999996 0.71090169645922
16579.999999999996 0.71152771534632
16589.999999999996 0.7117269600159999
16599.999999999996 0.71209494630896
16609.999999999996 0.71231078123348
16619.999999999996 0.71209681776476
16629.999999999996 0.71245266016678
16639.999999999996 0.71231931801492
16649.999999999996 0.71241829463634
16659.999999999996 0.7120027912428
16669.999999999996 0.7116853494808799
16679.999999999996 0.7117162229515199
16689.999999999996 0.7117321146764901
16699.999999999996 0.71153964124512
16709.999999999996 0.71092325294275
16719.999999999996 0.71100428764092
16729.999999999996 0.71062528555148
16739.999999999996 0.710454264776
16749.999999999996 0.71050958871431
16759.999999999996 0.71085614498542
16769.999999999996 0.71019467661402
16779.999999999996 0.70974896220774
16789.999999999996 0.7102719456577999
16799.999999999996 0.70979158429892
16809.999999999996 0.7098188126862
16819.999999999996 0.71008889963808
16829.999999999996 0.71090992295585
16839.999999999996 0.7115723083125
16849.999999999996 0.71229576695214
16859.999999999996 0.71223477026064
16869.999999999996 0.71230868367376
16879.999999999996 0.7130254070691701
16889.999999999996 0.713602384976
16899.999999999996 0.71380025733652
16909.999999999996 0.7137584769298501
16919.999999999996 0.71467587640726
16929.999999999996 0.71588826798804
16939.999999999996 0.71553775325494
16949.999999999996 0.7156100457527299
16959.999999999996 0.71583566063808
16969.999999999996 0.715269370327
16979.999999999996 0.7152959464516501
16989.999999999996 0.7165632156584
16999.999999999996 0.715853681659
17009.999999999996 0.7160892171678
17019.999999999996 0.7153719159456
17029.999999999996 0.71472757115688
17039.999999999996 0.71545000920644
17049.999999999996 0.71556714040663
17059.999999999996 0.7153816245986401
17069.999999999996 0.71530423437504
17079.999999999996 0.7150403383118901
17089.999999999996 0.71544787224045
17099.999999999996 0.71592071886216
17109.999999999996 0.71544665746404
17119.999999999996 0.71595441732454
17129.999999999996 0.7153571460705199
17139.999999999996 0.71539834317084
17149.999999999996 0.7172515014907
17159.999999999996 0.71663052066585
17169.999999999996 0.7168897916819199
17179.999999999996 0.71770744972563
17189.999999999996 0.71814572049792
17199.999999999996 0.7179529475175199
17209.999999999996 0.71877304944948
17219.999999999996 0.7186658735072
17229.999999999996 0.719193694076
17239.999999999996 0.71958131578704
17249.999999999996 0.7204865195644
17259.999999999996 0.7205413835268001
17269.999999999996 0.720365900877
17279.999999999996 0.72035872235613
17289.999999999996 0.72051573750315
17299.999999999996 0.72076467561993
17309.999999999996 0.7208804367504
17319.999999999996 0.72125259946944
17329.999999999996 0.72119727898
17339.999999999996 0.72097939418052
17349.999999999996 0.7207765171521
17359.999999999996 0.72049813717824
17369.999999999996 0.720764609929
17379.999999999996 0.72078505875276
17389.999999999996 0.7204980649905499
17399.999999999996 0.7202691429009
17409.999999999996 0.7190892227109801
17419.999999999996 0.7196032412121001
17429.999999999996 0.71901573111172
17439.999999999996 0.71996999681844
17449.999999999996 0.71983966886806
17459.999999999996 0.7186382853624
17469.999999999996 0.7188633332206
17479.999999999996 0.72042638982375
17489.999999999996 0.71977069288592
17499.999999999996 0.7201274291062301
17509.999999999996 0.7189540281518
17519.999999999996 0.72055477248768
17529.999999999996 0.7199185830561601
17539.999999999996 0.7203136298581799
17549.999999999996 0.72074993606493
17559.999999999996 0.7216047711683999
17569.999999999996 0.7214841196905001
17579.999999999996 0.7215009773595
17589.999999999996 0.72152471063376
17599.999999999996 0.72147197941905
17609.999999999996 0.72275403469958
17619.999999999996 0.72107462909687
17629.999999999996 0.72227084608192
17639.999999999996 0.72147704614692
17649.999999999996 0.7226081356301999
17659.999999999996 0.72108696833448
17669.999999999996 0.72148072676396
17679.999999999996 0.72207605427248
17689.999999999996 0.7224194727617401
17699.999999999996 0.7207411604418
17709.999999999996 0.72021338622801
17719.999999999996 0.7200449446752
17729.999999999996 0.7209287246371201
17739.999999999996 0.7214051129652
17749.999999999996 0.7204413723858999
17759.999999999996 0.72060524771301
17769.999999999996 0.72009415970115
17779.999999999996 0.72040853011388
17789.999999999996 0.719765026557
17799.999999999996 0.71993320286895
17809.999999999996 0.7202009723328
17819.999999999996 0.72016830820827
17829.999999999996 0.71986445719824
17839.999999999996 0.7200468425979399
17849.999999999996 0.7196964302521
17859.999999999996 0.7201234505531201
17869.999999999996 0.7210807533910399
17879.999999999996 0.7213134510246
17889.999999999996 0.72119835657625
17899.999999999996 0.7216271040304201
17909.999999999996 0.72180007196626
17919.999999999996 0.7217050695113599
17929.999999999996 0.7229212909581
17939.999999999996 0.72265062529408
17949.999999999996 0.72421109109286
17959.999999999996 0.7234881048406
17969.999999999996 0.7241627169866399
17979.999999999996 0.7230530572648
17989.999999999996 0.7243880933728
17999.999999999996 0.72352748593062
18009.999999999996 0.7236448095503
18019.999999999996 0.72425564327952
18029.999999999996 0.7256496341498401
18039.999999999996 0.72412393578012
