speclite/data/filters/Euclid-Y.ecsv
# %ECSV 0.9
# ---
# datatype:
# - {name: wavelength, unit: Angstrom, datatype: float64}
# - {name: response, datatype: float64}
# meta: !!omap
# - {band_name: Y}
# - {group_name: Euclid}
# - __serialized_columns__:
#     wavelength:
#       __class__: astropy.units.quantity.Quantity
#       value: !astropy.table.SerializedColumn {name: wavelength}
# schema: astropy-2.0
wavelength response
[from data line 1322]
16869.999999999996 0.00014281103332698
16879.999999999996 0.0001456200659381
16889.999999999996 0.0001489824533515
16899.999999999996 0.0001527734645994
16909.999999999996 0.00015708340373825
16919.999999999996 0.00016220083196028
16929.999999999996 0.0001678358400306
16939.999999999996 0.0001736267275499
16949.999999999996 0.0001798865163348
16959.999999999996 0.0001865591773032
16969.999999999996 0.00019332297337304
16979.999999999996 0.00020026364200359
16989.999999999996 0.00020750284217167997
16999.999999999996 0.00021397852547059
17009.999999999996 0.0002202352067583
17019.999999999996 0.0002255568933005
17029.999999999996 0.00023004097693308
17039.999999999996 0.00023395693058642
17049.999999999996 0.00023645622148112003
17059.999999999996 0.00023762401605207002
17069.999999999996 0.00023759287081888
17079.999999999996 0.00023627343204479003
17089.999999999996 0.00023407147751065
17099.999999999996 0.00023086372656609002
17109.999999999996 0.00022667799485004
17119.999999999996 0.00022214958873558003
17129.999999999996 0.00021689463238711
17139.999999999996 0.00021161136502223998
17149.999999999996 0.0002068415548365
17159.999999999996 0.00020141372213823002
17169.999999999996 0.00019636992816992002
17179.999999999996 0.00019182845743838
17189.999999999996 0.00018746659790716002
17199.999999999996 0.0001833018456122
17209.999999999996 0.00017982969152856
17219.999999999996 0.000176562686426
17229.999999999996 0.00017389004476064
17239.999999999996 0.00017162344935778
17249.999999999996 0.000169919247832
17259.999999999996 0.0001684562829444
17269.999999999996 0.00016738326585680001
17279.999999999996 0.00016665009231792998
17289.999999999996 0.00016639938083420002
17299.999999999996 0.00016654205552176
17309.999999999996 0.00016695222336
17319.999999999996 0.00016780077290792
17329.999999999996 0.00016870233900059998
17339.999999999996 0.00016986232129566
17349.999999999996 0.000171173784678
17359.999999999996 0.00017268933258816001
17369.999999999996 0.0001743360443851
17379.999999999996 0.00017600677484022
17389.999999999996 0.00017752018541241998
17399.999999999996 0.00017897110178046
17409.999999999996 0.00018003290916732002
17419.999999999996 0.00018129315068833002
17429.999999999996 0.00018197915599948
17439.999999999996 0.0001828288760364
17449.999999999996 0.00018295811197048
17459.999999999996 0.00018243804963072
17469.999999999996 0.0001819076364047
17479.999999999996 0.0001812688345128
17489.999999999996 0.00017969406715722
17499.999999999996 0.00017800461149833003
17509.999999999996 0.0001755641263383
17519.999999999996 0.00017358717459090998
17529.999999999996 0.00017083411068072
17539.999999999996 0.00016811883211974
17549.999999999996 0.00016533056246880002
17559.999999999996 0.0001624915332684
17569.999999999996 0.00015950822561550002
17579.999999999996 0.00015663565359
17589.999999999996 0.00015376847989176002
17599.999999999996 0.00015103981681932
17609.999999999996 0.00014873701548966
17619.999999999996 0.00014605803531614
17629.999999999996 0.00014410838593088
17639.999999999996 0.00014199150473303998
17649.999999999996 0.00014054271904485
17659.999999999996 0.00013881067936032001
17669.999999999996 0.00013767306690208
17679.999999999996 0.00013679731488217
17689.999999999996 0.00013623714078111
17699.999999999996 0.00013544348978890001
17709.999999999996 0.0001352311016826
17719.999999999996 0.00013530826292544
17729.999999999996 0.0001358056039514
17739.999999999996 0.00013651339823410002
17749.999999999996 0.00013723301554951998
17759.999999999996 0.00013838888060415001
17769.999999999996 0.00013968972058137
17779.999999999996 0.00014137111408908
17789.999999999996 0.00014308274033198
17799.999999999996 0.00014515574444054998
17809.999999999996 0.0001475389525176
17819.999999999996 0.00014999812574397001
17829.999999999996 0.00015260781670296
17839.999999999996 0.00015553414105515
17849.999999999996 0.0001584081913422
17859.999999999996 0.00016166394871374001
17869.999999999996 0.00016511556050335997
17879.999999999996 0.000168474453861
17889.999999999996 0.00017174050229375
17899.999999999996 0.0001752149987049
17909.999999999996 0.00017855596440332
17919.999999999996 0.00018183268377824
17929.999999999996 0.0001852949764679
17939.999999999996 0.00018824882691701998
17949.999999999996 0.00019153986014519998
17959.999999999996 0.00019401963547164002
17969.999999999996 0.0001966599064662
17979.999999999996 0.00019860883592919999
17989.999999999996 0.00020095050443586003
17999.999999999996 0.00020247967707174
18009.999999999996 0.0002040660142752
18019.999999999996 0.00020551211807016
18029.999999999996 0.00020696892717671998
18039.999999999996 0.00020738625368616
18049.999999999996 0.00020809595160823998
18059.999999999996 0.00020839870665875996
18069.999999999996 0.00020891983757778
18079.999999999996 0.00020963340829697
18089.999999999996 0.00020961417448728
18099.999999999996 0.00020991377406879
18109.999999999996 0.0002102359388525
18119.999999999996 0.00021046987656825003
18129.999999999996 0.00021070513882641
18139.999999999996 0.00021106562802600002
18149.999999999996 0.00021151263724541997
18159.999999999996 0.00021196984522976002
18169.999999999996 0.00021257228633268002
18179.999999999996 0.00021339442185900001
18189.999999999996 0.00021410980591547003
18199.999999999996 0.00021503352548549998
18209.999999999996 0.00021555963683925
18219.999999999996 0.00021644971587036002
18229.999999999996 0.00021746704192795
18239.999999999996 0.00021825468371296
18249.999999999996 0.00021878243421720003
18259.999999999996 0.00021977841777105
18269.999999999996 0.00022029447739004002
18279.999999999996 0.0002208675747663
18289.999999999996 0.00022063225366116
18299.999999999996 0.0002201218058754
18309.999999999996 0.00022001448032480002
18319.999999999996 0.0002192151852306
18329.999999999996 0.00021824419881139
18339.999999999996 0.00021657869791823998
18349.999999999996 0.00021485290786855
18359.999999999996 0.0002122281617974
18369.999999999996 0.00020942010335663996
18379.999999999996 0.00020650490276598
18389.999999999996 0.00020272682497600003
18399.999999999996 0.00019908608477850001
18409.999999999996 0.000195400593549
18419.999999999996 0.00019099673674716
18429.999999999996 0.00018662449284768
18439.999999999996 0.00018208897827048
18449.999999999996 0.00017755042614670002
18459.999999999996 0.0001726986264413
18469.999999999996 0.00016839961715412
18479.999999999996 0.0001641217567522
18489.999999999996 0.00015956926966458
18499.999999999996 0.00015563983358143
18509.999999999996 0.00015172079669802
18519.999999999996 0.00014786700915168
18529.999999999996 0.0001440489320696
18539.999999999996 0.00014065452636136
18549.999999999996 0.00013751176187423998
18559.999999999996 0.00013444194099643998
18569.999999999996 0.00013162937344875
18579.999999999996 0.00012933925648891
18589.999999999996 0.00012698870664096
18599.999999999996 0.00012490966838698002
18609.999999999996 0.00012325535794372
18619.999999999996 0.00012170966087052001
18629.999999999996 0.00012049055971703999
18639.999999999996 0.00011933791868089
18649.999999999996 0.00011849572230669999
18659.999999999996 0.00011799226662624
18669.999999999996 0.00011742663074040001
18679.999999999996 0.00011700282207240001
18689.999999999996 0.00011716809624851999
18699.999999999996 0.00011748630495363001
18709.999999999996 0.0001178494074615
18719.999999999996 0.00011861022628064001
18729.999999999996 0.00011939467020015999
18739.999999999996 0.00012059367280470002
18749.999999999996 0.00012230532710424
18759.999999999996 0.00012402929661381
18769.999999999996 0.00012571052771506
18779.999999999996 0.00012795667113780002
18789.999999999996 0.00013045103594151998
18799.999999999996 0.0001329823402368
18809.999999999996 0.00013569831148608
18819.999999999996 0.00013879866798874
18829.999999999996 0.00014215381758809998
18839.999999999996 0.00014588019186882
18849.999999999996 0.000149619525132
18859.999999999996 0.00015378602149724
18869.999999999996 0.00015802523115619
18879.999999999996 0.0001623895413995
18889.999999999996 0.00016672576294766
18899.999999999996 0.00017124847981668002
18909.999999999996 0.00017622441972749
18919.999999999996 0.00018115322944163998
18929.999999999996 0.000185976307062
18939.999999999996 0.00019070771376387998
18949.999999999996 0.0001954044444405
18959.999999999996 0.00019971375342920001
18969.999999999996 0.000203470853632
18979.999999999996 0.00020678602401437998
18989.999999999996 0.00021000985670796
18999.999999999996 0.00021325340894877
19009.999999999996 0.0002151929135272
19019.999999999996 0.00021683454560097
19029.999999999996 0.00021789241961774
19039.999999999996 0.000218269772052
19049.999999999996 0.00021825028219192
19059.999999999996 0.000217558519152
19069.999999999996 0.00021625148053520002
19079.999999999996 0.00021458740198535998
19089.999999999996 0.00021221980215793
19099.999999999996 0.0002095363810215
19109.999999999996 0.00020651610062790004
19119.999999999996 0.00020283609895868998
19129.999999999996 0.00019975280757343999
19139.999999999996 0.00019613474679245997
19149.999999999996 0.00019231933358944002
19159.999999999996 0.00018870849903915
19169.999999999996 0.00018492827709050002
19179.999999999996 0.00018135127216900002
19189.999999999996 0.00017755031439455
19199.999999999996 0.00017420667206328
19209.999999999996 0.00017097351353376
19219.999999999996 0.00016765377466695
19229.999999999996 0.00016455979673825002
19239.999999999996 0.00016133205629114
19249.999999999996 0.00015894613446435998
19259.999999999996 0.00015674547572565
19269.999999999996 0.00015433936364736
19279.999999999996 0.0001517760856085
19289.999999999996 0.00015018595906951998
19299.999999999996 0.0001485750620374
19309.999999999996 0.00014728303737827997
19319.999999999996 0.0001459329643926
19329.999999999996 0.00014457516194764
19339.999999999996 0.00014404709462832
19349.999999999996 0.0001429389152097
19359.999999999996 0.00014238942791983
19369.999999999996 0.00014179817866032
19379.999999999996 0.00014161816170156
19389.999999999996 0.00014160204728592
19399.999999999996 0.00014162117651254
19409.999999999996 0.00014204526004338002
19419.999999999996 0.00014256840120472
19429.999999999996 0.00014298468879148
19439.999999999996 0.00014376402358516
19449.999999999996 0.00014463988256293998
19459.999999999996 0.00014591900670962
19469.999999999996 0.00014723694113777998
19479.999999999996 0.00014875585644805002
19489.999999999996 0.00015025785856596
19499.999999999996 0.00015207493706838
19509.999999999996 0.00015368939640171003
19519.999999999996 0.00015599105340000002
19529.999999999996 0.00015795738332635999
19539.999999999996 0.00016012438546903
19549.999999999996 0.00016272687404518998
19559.999999999996 0.00016489414522546998
19569.999999999996 0.0001676036780187
19579.999999999996 0.00017044971392736
19589.999999999996 0.00017334040590060001
19599.999999999996 0.00017573827054812
19609.999999999996 0.00017847244592436
19619.999999999996 0.00018164044720170002
19629.999999999996 0.00018448832722056
19639.999999999996 0.0001870666489195
19649.999999999996 0.00018969229280532
19659.999999999996 0.00019248487639068
19669.999999999996 0.00019498541724024
19679.999999999996 0.00019756129326515997
19689.999999999996 0.00019927776119416
19699.999999999996 0.00020136447308679003
19709.999999999996 0.0002033372924341
19719.999999999996 0.00020472074479692
19729.999999999996 0.00020583469795328003
19739.999999999996 0.00020719265408
19749.999999999996 0.00020737910254194
19759.999999999996 0.00020829989707371
19769.999999999996 0.00020847079210056002
19779.999999999996 0.00020766517471966
19789.999999999996 0.00020721744591580002
19799.999999999996 0.0002063586880532
19809.999999999996 0.00020530422698055998
19819.999999999996 0.00020426731305954002
19829.999999999996 0.00020244468230000003
19839.999999999996 0.00020062182737632
19849.999999999996 0.000198444411188
19859.999999999996 0.0001963888503614
19869.999999999996 0.00019390526224416
19879.999999999996 0.00019128976339314997
19889.999999999996 0.00018869890799193
19899.999999999996 0.0001862449427307
19909.999999999996 0.0001838654597383
19919.999999999996 0.00018107326594161
19929.999999999996 0.00017900705518192
19939.999999999996 0.00017638628920872
19949.999999999996 0.00017386634772432
19959.999999999996 0.00017162344565916
19969.999999999996 0.00016945461834716
19979.999999999996 0.00016745465796896
19989.999999999996 0.00016548989281067
19999.999999999996 0.00016398283902651002
20009.999999999996 0.00016237185696816
20019.999999999996 0.00016093653731363998
20029.999999999996 0.00015933830398203
20039.999999999996 0.00015857550290744
20049.999999999996 0.00015739681653808
20059.999999999996 0.00015678413549316
20069.999999999996 0.00015625721862513
20079.999999999996 0.00015609345766986002
20089.999999999996 0.00015602624034887
20099.999999999996 0.0001561498013166
20109.999999999996 0.00015640282452820001
20119.999999999996 0.00015675361686462
20129.999999999996 0.0001576966644363
20139.999999999996 0.00015883163052196
20149.999999999996 0.00016021422622816
20159.999999999996 0.00016168481900616
20169.999999999996 0.00016348564343025
20179.999999999996 0.00016531790589601
20189.999999999996 0.00016750227106602
20199.999999999996 0.00016979763299025
20209.999999999996 0.00017260328102333
20219.999999999996 0.00017557066265025
20229.999999999996 0.00017878816959334
20239.999999999996 0.00018205663125945
20249.999999999996 0.00018587267502066
20259.999999999996 0.0001894022233716
20269.999999999996 0.00019309133748768
20279.999999999996 0.00019748281476456
20289.999999999996 0.00020169584987386998
20299.999999999996 0.00020588609116476003
20309.999999999996 0.00020978775998036002
20319.999999999996 0.00021374806406839996
20329.999999999996 0.000217693178668
20339.999999999996 0.00022134017373742
20349.999999999996 0.000224439491922
20359.999999999996 0.00022729826236272
20369.999999999996 0.00022884686532066
20379.999999999996 0.00023026983660232
20389.999999999996 0.00023119846339540002
20399.999999999996 0.00023057007287819999
20409.999999999996 0.00022927722588952001
20419.999999999996 0.00022731711183999998
20429.999999999996 0.00022469834936637
20439.999999999996 0.00022025982505461
20449.999999999996 0.00021583384985340002
20459.999999999996 0.00020976428029899997
20469.999999999996 0.00020345395970394
20479.999999999996 0.00019717814667648
20489.999999999996 0.00019000188389183998
20499.999999999996 0.0001823681825355
20509.999999999996 0.00017527160601672
20519.999999999996 0.00016771434063012002
20529.999999999996 0.00016022470837871998
20539.999999999996 0.00015289442691726
20549.999999999996 0.00014564053652571
20559.999999999996 0.00013860416375946
20569.999999999996 0.0001320290366812
20579.999999999996 0.00012541033552828
20589.999999999996 0.00011917903259184999
20599.999999999996 0.00011365903948
20609.999999999996 0.00010852468171571
20619.999999999996 0.00010308728357309999
20629.999999999996 9.856857715270002e-05
20639.999999999996 9.424445942212e-05
20649.999999999996 9.010711059025e-05
20659.999999999996 8.62246790892e-05
20669.999999999996 8.290895151286e-05
20679.999999999996 7.959179848048001e-05
20689.999999999996 7.656592037724e-05
20699.999999999996 7.3789127070843e-05
20709.999999999996 7.096527392175001e-05
20719.999999999996 6.8694175494615e-05
20729.999999999996 6.6373034589921e-05
20739.999999999996 6.433222298342099e-05
20749.999999999996 6.2661580130592e-05
20759.999999999996 6.083465845337999e-05
20769.999999999996 5.927593244946701e-05
20779.999999999996 5.7963722733751e-05
20789.999999999996 5.6322768585767005e-05
20799.999999999996 5.5252966472418005e-05
20809.999999999996 5.4230986324152006e-05
20819.999999999996 5.3288223695207996e-05
20829.999999999996 5.2452439835776e-05
20839.999999999996 5.1554608041690004e-05
20849.999999999996 5.1026265243259996e-05
20859.999999999996 5.0346843924536e-05
20869.999999999996 4.977872092799999e-05
