speclite/data/filters/gaiadr2-BP.ecsv
# %ECSV 0.9
# ---
# datatype:
# - {name: wavelength, unit: Angstrom, datatype: float64}
# - {name: response, datatype: float64}
# meta: !!omap
# - {url: 'https://www.cosmos.esa.int/web/gaia/iow_20180316'}
# - {group_name: gaiadr2}
# - {band_name: BP}
# - {description: Bandpass for Gaia BP band for DR2 release}
# - {airmass: 0}
# schema: astropy-2.0
wavelength response
[from data line 1601]
7002.499999999999 6.79340374e-06
7004.999999999999 6.79746257e-06
7007.499999999999 6.80152139e-06
7009.999999999999 6.80558022e-06
7012.499999999999 6.78458918e-06
7014.999999999999 6.76359814e-06
7017.499999999999 6.7426071e-06
7019.999999999999 6.72161606e-06
7022.499999999999 6.72156355e-06
7024.999999999999 6.72151103e-06
7027.499999999999 6.72145852e-06
7029.999999999999 6.72140601e-06
7032.499999999999 6.73888095e-06
7034.999999999999 6.7563559e-06
7037.499999999999 6.77383084e-06
7039.999999999999 6.79130579e-06
7042.499999999999 6.79611027e-06
7044.999999999999 6.80091474e-06
7047.499999999999 6.80571922e-06
7049.999999999999 6.81052369e-06
7052.499999999999 6.81620951e-06
7054.999999999999 6.82189532e-06
7057.499999999999 6.82758113e-06
7059.999999999999 6.83326694e-06
7062.499999999999 6.8247592e-06
7064.999999999999 6.81625146e-06
7067.499999999999 6.80774372e-06
7069.999999999999 6.79923598e-06
7072.499999999999 6.79143484e-06
7074.999999999999 6.78363371e-06
7077.499999999999 6.77583257e-06
7079.999999999999 6.76803143e-06
7082.499999999999 6.76546761e-06
7084.999999999999 6.7629038e-06
7087.499999999999 6.76033998e-06
7089.999999999999 6.75777616e-06
7092.499999999999 6.76401107e-06
7094.999999999999 6.77024597e-06
7097.499999999999 6.77648087e-06
7099.999999999999 6.78271577e-06
7102.499999999999 6.78672226e-06
7104.999999999999 6.79072875e-06
7107.499999999999 6.79473524e-06
7109.999999999999 6.79874173e-06
7112.499999999999 6.80041058e-06
7114.999999999999 6.80207944e-06
7117.499999999999 6.80374829e-06
7119.999999999999 6.80541714e-06
7122.499999999999 6.80546207e-06
7124.999999999999 6.805507e-06
7127.499999999999 6.80555193e-06
7129.999999999999 6.80559686e-06
7132.499999999999 6.81018622e-06
7134.999999999999 6.81477557e-06
7137.499999999999 6.81936492e-06
7139.999999999999 6.82395428e-06
7142.499999999999 6.81495565e-06
7144.999999999999 6.80595702e-06
7147.499999999999 6.79695839e-06
7149.999999999999 6.78795976e-06
7152.499999999999 6.79200273e-06
7154.999999999999 6.7960457e-06
7157.499999999999 6.80008867e-06
7159.999999999999 6.80413165e-06
7162.499999999999 6.80838022e-06
7164.999999999999 6.81262878e-06
7167.499999999999 6.81687735e-06
7169.999999999999 6.82112592e-06
7172.499999999999 6.81307516e-06
7174.999999999999 6.80502439e-06
7177.499999999999 6.79697362e-06
7179.999999999999 6.78892285e-06
7182.499999999999 6.78784122e-06
7184.999999999999 6.78675959e-06
7187.499999999999 6.78567796e-06
7189.999999999999 6.78459633e-06
7192.499999999999 6.804738e-06
7194.999999999999 6.82487967e-06
7197.499999999999 6.84502135e-06
7199.999999999999 6.86516302e-06
7202.499999999999 6.8480099e-06
7204.999999999999 6.83085679e-06
7207.499999999999 6.81370367e-06
7209.999999999999 6.79655056e-06
7212.499999999999 6.79419541e-06
7214.999999999999 6.79184027e-06
7217.499999999999 6.78948513e-06
7219.999999999999 6.78712999e-06
7222.499999999999 6.78153642e-06
7224.999999999999 6.77594286e-06
7227.499999999999 6.77034929e-06
7229.999999999999 6.76475573e-06
7232.499999999999 6.78349932e-06
7234.999999999999 6.80224292e-06
7237.499999999999 6.82098651e-06
7239.999999999999 6.83973011e-06
7242.499999999999 6.82887716e-06
7244.999999999999 6.81802421e-06
7247.499999999999 6.80717127e-06
7249.999999999999 6.79631832e-06
7252.499999999999 6.81775795e-06
7254.999999999999 6.83919759e-06
7257.499999999999 6.86063722e-06
7259.999999999999 6.88207686e-06
7262.499999999999 6.87321348e-06
7264.999999999999 6.8643501e-06
7267.499999999999 6.85548672e-06
7269.999999999999 6.84662334e-06
7272.499999999999 6.83099114e-06
7274.999999999999 6.81535893e-06
7277.499999999999 6.79972673e-06
7279.999999999999 6.78409452e-06
7282.499999999999 6.78284802e-06
7284.999999999999 6.78160152e-06
7287.499999999999 6.78035502e-06
7289.999999999999 6.77910852e-06
7292.499999999999 6.77135115e-06
7294.999999999999 6.76359378e-06
7297.499999999999 6.75583642e-06
7299.999999999999 6.74807905e-06
7302.499999999999 6.76075219e-06
7304.999999999999 6.77342533e-06
7307.499999999999 6.78609847e-06
7309.999999999999 6.79877161e-06
7312.499999999999 6.79428134e-06
7314.999999999999 6.78979108e-06
7317.499999999999 6.78530082e-06
7319.999999999999 6.78081055e-06
7322.499999999999 6.78558786e-06
7324.999999999999 6.79036516e-06
7327.499999999999 6.79514246e-06
7329.999999999999 6.79991977e-06
7332.499999999999 6.80105755e-06
7334.999999999999 6.80219533e-06
7337.499999999999 6.80333311e-06
7339.999999999999 6.80447088e-06
7342.499999999999 6.80374023e-06
7344.999999999999 6.80300958e-06
7347.499999999999 6.80227892e-06
7349.999999999999 6.80154827e-06
7352.499999999999 6.7887948e-06
7354.999999999999 6.77604134e-06
7357.499999999999 6.76328788e-06
7359.999999999999 6.75053441e-06
7362.499999999999 6.7456665e-06
7364.999999999999 6.74079858e-06
7367.499999999999 6.73593067e-06
7369.999999999999 6.73106275e-06
7372.499999999999 6.74125414e-06
7374.999999999999 6.75144553e-06
7377.499999999999 6.76163691e-06
7379.999999999999 6.7718283e-06
7382.499999999999 6.77995156e-06
7384.999999999999 6.78807482e-06
7387.499999999999 6.79619808e-06
7389.999999999999 6.80432135e-06
7392.499999999999 6.80315135e-06
7394.999999999999 6.80198135e-06
7397.499999999999 6.80081135e-06
7399.999999999999 6.79964135e-06
7402.499999999999 6.79259911e-06
7404.999999999999 6.78555686e-06
7407.499999999999 6.77851462e-06
7409.999999999999 6.77147237e-06
7412.499999999999 6.76820919e-06
7414.999999999999 6.76494601e-06
7417.499999999999 6.76168283e-06
7419.999999999999 6.75841964e-06
7422.499999999999 6.76375533e-06
7424.999999999999 6.76909101e-06
7427.499999999999 6.77442669e-06
7429.999999999999 6.77976238e-06
7432.499999999999 6.77367278e-06
7434.999999999999 6.76758319e-06
7437.499999999999 6.76149359e-06
7439.999999999999 6.755404e-06
7442.499999999999 6.76296376e-06
7444.999999999999 6.77052351e-06
7447.499999999999 6.77808327e-06
7449.999999999999 6.78564303e-06
7452.499999999999 6.77703548e-06
7454.999999999999 6.76842794e-06
7457.499999999999 6.75982039e-06
7459.999999999999 6.75121284e-06
7462.499999999999 6.75161353e-06
7464.999999999999 6.75201422e-06
7467.499999999999 6.7524149e-06
7469.999999999999 6.75281559e-06
7472.499999999999 6.76820255e-06
7474.999999999999 6.78358952e-06
7477.499999999999 6.79897648e-06
7479.999999999999 6.81436345e-06
7482.499999999999 6.81357493e-06
7484.999999999999 6.8127864e-06
7487.499999999999 6.81199788e-06
7489.999999999999 6.81120935e-06
7492.499999999999 6.80720893e-06
7494.999999999999 6.80320851e-06
7497.499999999999 6.79920809e-06
7499.999999999999 6.79520767e-06
7502.499999999999 99.99
7504.999999999999 99.99
7507.499999999999 99.99
7509.999999999999 99.99
7512.499999999999 99.99
7514.999999999999 99.99
7517.499999999999 99.99
7519.999999999999 99.99
7522.499999999999 99.99
7524.999999999999 99.99
7527.499999999999 99.99
7529.999999999999 99.99
7532.499999999999 99.99
7534.999999999999 99.99
7537.499999999999 99.99
7539.999999999999 99.99
7542.499999999999 99.99
7544.999999999999 99.99
7547.499999999999 99.99
7549.999999999999 99.99
7552.499999999999 99.99
7554.999999999999 99.99
7557.499999999999 99.99
7559.999999999999 99.99
7562.499999999999 99.99
7564.999999999999 99.99
7567.499999999999 99.99
7569.999999999999 99.99
7572.499999999999 99.99
7574.999999999999 99.99
7577.499999999999 99.99
7579.999999999999 99.99
7582.499999999999 99.99
7584.999999999999 99.99
7587.499999999999 99.99
7589.999999999999 99.99
7592.499999999999 99.99
7594.999999999999 99.99
7597.499999999999 99.99
7599.999999999999 99.99
7602.499999999999 99.99
7604.999999999999 99.99
7607.499999999999 99.99
7609.999999999999 99.99
7612.499999999999 99.99
7614.999999999999 99.99
7617.499999999999 99.99
7619.999999999999 99.99
7622.499999999999 99.99
7624.999999999999 99.99
7627.499999999999 99.99
7629.999999999999 99.99
7632.499999999999 99.99
7634.999999999999 99.99
7637.499999999999 99.99
7639.999999999999 99.99
7642.499999999999 99.99
7644.999999999999 99.99
7647.499999999999 99.99
7649.999999999999 99.99
7652.499999999999 99.99
7654.999999999999 99.99
7657.499999999999 99.99
7659.999999999999 99.99
7662.499999999999 99.99
7664.999999999999 99.99
7667.499999999999 99.99
7669.999999999999 99.99
7672.499999999999 99.99
7674.999999999999 99.99
7677.499999999999 99.99
7679.999999999998 99.99
7682.499999999998 99.99
7684.999999999998 99.99
7687.499999999998 99.99
7689.999999999998 99.99
7692.499999999998 99.99
7694.999999999998 99.99
7697.499999999998 99.99
7699.999999999998 99.99
7702.499999999998 99.99
7704.999999999998 99.99
7707.499999999998 99.99
7709.999999999998 99.99
7712.499999999998 99.99
7714.999999999998 99.99
7717.499999999998 99.99
7719.999999999998 99.99
7722.499999999998 99.99
7724.999999999998 99.99
7727.499999999998 99.99
7729.999999999998 99.99
7732.499999999998 99.99
7734.999999999998 99.99
7737.499999999998 99.99
7739.999999999998 99.99
7742.499999999998 99.99
7744.999999999998 99.99
7747.499999999998 99.99
7749.999999999998 99.99
7752.499999999998 99.99
7754.999999999998 99.99
7757.499999999998 99.99
7759.999999999998 99.99
7762.499999999998 99.99
7764.999999999998 99.99
7767.499999999998 99.99
7769.999999999998 99.99
7772.499999999998 99.99
7774.999999999998 99.99
7777.499999999998 99.99
7779.999999999998 99.99
7782.499999999998 99.99
7784.999999999998 99.99
7787.499999999998 99.99
7789.999999999998 99.99
7792.499999999998 99.99
7794.999999999998 99.99
7797.499999999998 99.99
7799.999999999998 99.99
7802.499999999998 99.99
7804.999999999998 99.99
7807.499999999998 99.99
7809.999999999998 99.99
7812.499999999998 99.99
7814.999999999998 99.99
7817.499999999998 99.99
7819.999999999998 99.99
7822.499999999998 99.99
7824.999999999998 99.99
7827.499999999998 99.99
7829.999999999998 99.99
7832.499999999998 99.99
7834.999999999998 99.99
7837.499999999998 99.99
7839.999999999998 99.99
7842.499999999998 99.99
7844.999999999998 99.99
7847.499999999998 99.99
7849.999999999998 99.99
7852.499999999998 99.99
7854.999999999998 99.99
7857.499999999998 99.99
7859.999999999998 99.99
7862.499999999998 99.99
7864.999999999998 99.99
7867.499999999998 99.99
7869.999999999998 99.99
7872.499999999998 99.99
7874.999999999998 99.99
7877.499999999998 99.99
7879.999999999998 99.99
7882.499999999998 99.99
7884.999999999998 99.99
7887.499999999998 99.99
7889.999999999998 99.99
7892.499999999998 99.99
7894.999999999998 99.99
7897.499999999998 99.99
7899.999999999998 99.99
7902.499999999998 99.99
7904.999999999998 99.99
7907.499999999998 99.99
7909.999999999998 99.99
7912.499999999998 99.99
7914.999999999998 99.99
7917.499999999998 99.99
7919.999999999998 99.99
7922.499999999998 99.99
7924.999999999998 99.99
7927.499999999998 99.99
7929.999999999998 99.99
7932.499999999998 99.99
7934.999999999998 99.99
7937.499999999998 99.99
7939.999999999998 99.99
7942.499999999998 99.99
7944.999999999998 99.99
7947.499999999998 99.99
7949.999999999998 99.99
7952.499999999998 99.99
7954.999999999998 99.99
7957.499999999998 99.99
7959.999999999998 99.99
7962.499999999998 99.99
7964.999999999998 99.99
7967.499999999998 99.99
7969.999999999998 99.99
7972.499999999998 99.99
7974.999999999998 99.99
7977.499999999998 99.99
7979.999999999998 99.99
7982.499999999998 99.99
7984.999999999998 99.99
7987.499999999998 99.99
7989.999999999998 99.99
7992.499999999998 99.99
7994.999999999998 99.99
7997.499999999998 99.99
7999.999999999998 99.99
8002.499999999998 99.99
8004.999999999998 99.99
8007.499999999998 99.99
8009.999999999998 99.99
8012.499999999998 99.99
8014.999999999998 99.99
8017.499999999998 99.99
8019.999999999998 99.99
8022.499999999998 99.99
8024.999999999998 99.99
8027.499999999998 99.99
8029.999999999998 99.99
8032.499999999998 99.99
8034.999999999998 99.99
8037.499999999998 99.99
8039.999999999998 99.99
8042.499999999998 99.99
8044.999999999998 99.99
8047.499999999998 99.99
8049.999999999998 99.99
8052.499999999998 99.99
8054.999999999998 99.99
8057.499999999998 99.99
8059.999999999998 99.99
8062.499999999998 99.99
8064.999999999998 99.99
8067.499999999998 99.99
8069.999999999998 99.99
8072.499999999998 99.99
8074.999999999998 99.99
8077.499999999998 99.99
8079.999999999998 99.99
8082.499999999998 99.99
8084.999999999998 99.99
8087.499999999998 99.99
8089.999999999998 99.99
8092.499999999998 99.99
8094.999999999998 99.99
8097.499999999998 99.99
8099.999999999998 99.99
8102.499999999998 99.99
8104.999999999998 99.99
8107.499999999998 99.99
8109.999999999998 99.99
8112.499999999998 99.99
8114.999999999998 99.99
8117.499999999998 99.99
8119.999999999998 99.99
8122.499999999998 99.99
8124.999999999998 99.99
8127.499999999998 99.99
8129.999999999998 99.99
8132.499999999998 99.99
8134.999999999998 99.99
8137.499999999998 99.99
8139.999999999998 99.99
8142.499999999998 99.99
8144.999999999998 99.99
8147.499999999998 99.99
8149.999999999998 99.99
8152.499999999998 99.99
8154.999999999998 99.99
8157.499999999998 99.99
8159.999999999998 99.99
8162.499999999998 99.99
8164.999999999998 99.99
8167.499999999998 99.99
8169.999999999998 99.99
8172.499999999998 99.99
8174.999999999998 99.99
8177.499999999998 99.99
8179.999999999998 99.99
8182.499999999998 99.99
8184.999999999998 99.99
8187.499999999998 99.99
8189.999999999998 99.99
8192.499999999998 99.99
8194.999999999998 99.99
8197.499999999998 99.99
8199.999999999998 99.99
8202.499999999998 99.99
8204.999999999998 99.99
8207.499999999998 99.99
8209.999999999998 99.99
8212.499999999998 99.99
8214.999999999998 99.99
8217.499999999998 99.99
8219.999999999998 99.99
8222.499999999998 99.99
8224.999999999998 99.99
8227.499999999998 99.99
8229.999999999998 99.99
8232.499999999998 99.99
8234.999999999998 99.99
8237.499999999998 99.99
8239.999999999998 99.99
8242.499999999998 99.99
8244.999999999998 99.99
8247.499999999998 99.99
8249.999999999998 99.99
8252.499999999998 99.99
8254.999999999998 99.99
8257.499999999998 99.99
8259.999999999998 99.99
8262.499999999998 99.99
8264.999999999998 99.99
8267.499999999998 99.99
8269.999999999998 99.99
8272.499999999998 99.99
8274.999999999998 99.99
8277.499999999998 99.99
8279.999999999998 99.99
8282.499999999998 99.99
8284.999999999998 99.99
8287.499999999998 99.99
8289.999999999998 99.99
8292.499999999998 99.99
8294.999999999998 99.99
8297.499999999998 99.99
8299.999999999998 99.99
8302.499999999998 99.99
8304.999999999998 99.99
8307.499999999998 99.99
8309.999999999998 99.99
8312.499999999998 99.99
8314.999999999998 99.99
8317.499999999998 99.99
8319.999999999998 99.99
8322.499999999998 99.99
8324.999999999998 99.99
8327.499999999998 99.99
8329.999999999998 99.99
8332.499999999998 99.99
8334.999999999998 99.99
8337.499999999998 99.99
8339.999999999998 99.99
8342.499999999998 99.99
8344.999999999998 99.99
8347.499999999998 99.99
8349.999999999998 99.99
8352.499999999998 99.99
8354.999999999998 99.99
8357.499999999998 99.99
8359.999999999998 99.99
8362.499999999998 99.99
8364.999999999998 99.99
8367.499999999998 99.99
8369.999999999998 99.99
8372.499999999998 99.99
8374.999999999998 99.99
8377.499999999998 99.99
8379.999999999998 99.99
8382.499999999998 99.99
8384.999999999998 99.99
8387.499999999998 99.99
8389.999999999998 99.99
8392.499999999998 99.99
8394.999999999998 99.99
8397.499999999998 99.99
8399.999999999998 99.99
8402.499999999998 99.99
8404.999999999998 99.99
8407.499999999998 99.99
8409.999999999998 99.99
8412.499999999998 99.99
8414.999999999998 99.99
8417.499999999998 99.99
8419.999999999998 99.99
8422.499999999998 99.99
8424.999999999998 99.99
8427.499999999998 99.99
8429.999999999998 99.99
8432.499999999998 99.99
8434.999999999998 99.99
8437.499999999998 99.99
8439.999999999998 99.99
8442.499999999998 99.99
8444.999999999998 99.99
8447.499999999998 99.99
8449.999999999998 99.99
8452.499999999998 99.99
8454.999999999998 99.99
8457.499999999998 99.99
8459.999999999998 99.99
8462.499999999998 99.99
8464.999999999998 99.99
8467.499999999998 99.99
8469.999999999998 99.99
8472.499999999998 99.99
8474.999999999998 99.99
8477.499999999998 99.99
