speclite/data/filters/gaiadr2-RP.ecsv
# %ECSV 0.9
# ---
# datatype:
# - {name: wavelength, unit: Angstrom, datatype: float64}
# - {name: response, datatype: float64}
# meta: !!omap
# - {url: 'https://www.cosmos.esa.int/web/gaia/iow_20180316'}
# - {group_name: gaiadr2}
# - {band_name: RP}
# - {airmass: 0}
# - {description: Bandpass for Gaia RP band for DR2 release}
# schema: astropy-2.0
wavelength response
[from data line 529]
7319.999999999999 0.766303771
7322.499999999999 0.766162804
7324.999999999999 0.766021836
7327.499999999999 0.765880867
7329.999999999999 0.765739898
7332.499999999999 0.76567142
7334.999999999999 0.765602933
7337.499999999999 0.765534436
7339.999999999999 0.76546593
7342.499999999999 0.765356433
7344.999999999999 0.765246939
7347.499999999999 0.76513745
7349.999999999999 0.765027966
7352.499999999999 0.76507967
7354.999999999999 0.765131376
7357.499999999999 0.765183084
7359.999999999999 0.765234793
7362.499999999999 0.765154444
7364.999999999999 0.765074097
7367.499999999999 0.764993754
7369.999999999999 0.764913412
7372.499999999999 0.764641022
7374.999999999999 0.764368645
7377.499999999999 0.764096281
7379.999999999999 0.763823929
7382.499999999999 0.763534756
7384.999999999999 0.763245618
7387.499999999999 0.762956515
7389.999999999999 0.762667447
7392.499999999999 0.762431819
7394.999999999999 0.762196226
7397.499999999999 0.761960669
7399.999999999999 0.761725145
7402.499999999999 0.761612054
7404.999999999999 0.76149897
7407.499999999999 0.761385894
7409.999999999999 0.761272826
7412.499999999999 0.76105407
7414.999999999999 0.760835344
7417.499999999999 0.76061665
7419.999999999999 0.760397987
7422.499999999999 0.760115637
7424.999999999999 0.759833322
7427.499999999999 0.759551044
7429.999999999999 0.759268801
7432.499999999999 0.759090896
7434.999999999999 0.758913012
7437.499999999999 0.758735148
7439.999999999999 0.758557305
7442.499999999999 0.75821276
7444.999999999999 0.757868271
7447.499999999999 0.757523838
7449.999999999999 0.757179462
7452.499999999999 0.757025147
7454.999999999999 0.756870847
7457.499999999999 0.756716562
7459.999999999999 0.756562293
7462.499999999999 0.756349839
7464.999999999999 0.756137401
7467.499999999999 0.755924979
7469.999999999999 0.755712573
7472.499999999999 0.755371919
7474.999999999999 0.755031244
7477.499999999999 0.754690549
7479.999999999999 0.754349834
7482.499999999999 0.754112564
7484.999999999999 0.753875321
7487.499999999999 0.753638105
7489.999999999999 0.753400916
7492.499999999999 0.753242565
7494.999999999999 0.753084224
7497.499999999999 0.752925893
7499.999999999999 0.752767573
7502.499999999999 0.752433193
7504.999999999999 0.752098857
7507.499999999999 0.751764564
7509.999999999999 0.751430314
7512.499999999999 0.751150198
7514.999999999999 0.750870074
7517.499999999999 0.750589941
7519.999999999999 0.750309801
7522.499999999999 0.750290668
7524.999999999999 0.75027153
7527.499999999999 0.750252389
7529.999999999999 0.750233242
7532.499999999999 0.750061655
7534.999999999999 0.749890052
7537.499999999999 0.749718433
7539.999999999999 0.749546799
7542.499999999999 0.749272136
7544.999999999999 0.748997307
7547.499999999999 0.748722309
7549.999999999999 0.748447144
7552.499999999999 0.748293399
7554.999999999999 0.748139624
7557.499999999999 0.747985819
7559.999999999999 0.747831984
7562.499999999999 0.747600827
7564.999999999999 0.747369642
7567.499999999999 0.747138427
7569.999999999999 0.746907184
7572.499999999999 0.746731752
7574.999999999999 0.746556301
7577.499999999999 0.746380832
7579.999999999999 0.746205344
7582.499999999999 0.746010407
7584.999999999999 0.745815388
7587.499999999999 0.745620287
7589.999999999999 0.745425103
7592.499999999999 0.745423935
7594.999999999999 0.745422751
7597.499999999999 0.745421553
7599.999999999999 0.745420339
7602.499999999999 0.745192407
7604.999999999999 0.744964424
7607.499999999999 0.744736391
7609.999999999999 0.744508307
7612.499999999999 0.744199185
7614.999999999999 0.743889962
7617.499999999999 0.74358064
7619.999999999999 0.743271218
7622.499999999999 0.743009537
7624.999999999999 0.742747834
7627.499999999999 0.742486107
7629.999999999999 0.742224356
7632.499999999999 0.741938921
7634.999999999999 0.741653379
7637.499999999999 0.74136773
7639.999999999999 0.741081974
7642.499999999999 0.740823323
7644.999999999999 0.740564636
7647.499999999999 0.740305913
7649.999999999999 0.740047153
7652.499999999999 0.739784619
7654.999999999999 0.739522062
7657.499999999999 0.739259482
7659.999999999999 0.738996878
7662.499999999999 0.738808087
7664.999999999999 0.738619308
7667.499999999999 0.738430541
7669.999999999999 0.738241786
7672.499999999999 0.7376687
7674.999999999999 0.737095669
7677.499999999999 0.736522691
7679.999999999998 0.735949767
7682.499999999998 0.735867068
7684.999999999998 0.735784348
7687.499999999998 0.735701608
7689.999999999998 0.735618846
7692.499999999998 0.735293707
7694.999999999998 0.734968565
7697.499999999998 0.73464342
7699.999999999998 0.734318273
7702.499999999998 0.733741094
7704.999999999998 0.733164046
7707.499999999998 0.732587129
7709.999999999998 0.732010342
7712.499999999998 0.731677944
7714.999999999998 0.731345549
7717.499999999998 0.731013158
7719.999999999998 0.730680771
7722.499999999998 0.730376993
7724.999999999998 0.73007317
7727.499999999998 0.729769304
7729.999999999998 0.729465394
7732.499999999998 0.728873409
7734.999999999998 0.728281496
7737.499999999998 0.727689657
7739.999999999998 0.72709789
7742.499999999998 0.726636708
7744.999999999998 0.726175636
7747.499999999998 0.725714674
7749.999999999998 0.725253823
7752.499999999998 0.724855821
7754.999999999998 0.724457849
7757.499999999998 0.724059908
7759.999999999998 0.723661996
7762.499999999998 0.723394894
7764.999999999998 0.723127834
7767.499999999998 0.722860816
7769.999999999998 0.722593839
7772.499999999998 0.722043515
7774.999999999998 0.721493254
7777.499999999998 0.720943056
7779.999999999998 0.720392922
7782.499999999998 0.719734848
7784.999999999998 0.719076934
7787.499999999998 0.718419182
7789.999999999998 0.71776159
7792.499999999998 0.717505708
7794.999999999998 0.717249869
7797.499999999998 0.716994075
7799.999999999998 0.716738324
7802.499999999998 0.716234074
7804.999999999998 0.715729954
7807.499999999998 0.715225966
7809.999999999998 0.714722108
7812.499999999998 0.714068135
7814.999999999998 0.713414167
7817.499999999998 0.712760205
7819.999999999998 0.712106249
7822.499999999998 0.711661082
7824.999999999998 0.711215935
7827.499999999998 0.710770807
7829.999999999998 0.7103257
7832.499999999998 0.710020296
7834.999999999998 0.709714952
7837.499999999998 0.709409669
7839.999999999998 0.709104447
7842.499999999998 0.708708503
7844.999999999998 0.708312613
7847.499999999998 0.707916777
7849.999999999998 0.707520994
7852.499999999998 0.706918318
7854.999999999998 0.706315836
7857.499999999998 0.705713548
7859.999999999998 0.705111455
7862.499999999998 0.704687891
7864.999999999998 0.704264358
7867.499999999998 0.703840856
7869.999999999998 0.703417385
7872.499999999998 0.70279515
7874.999999999998 0.702173115
7877.499999999998 0.701551281
7879.999999999998 0.700929648
7882.499999999998 0.700393574
7884.999999999998 0.699857599
7887.499999999998 0.699321723
7889.999999999998 0.698785946
7892.499999999998 0.698417698
7894.999999999998 0.698049437
7897.499999999998 0.697681161
7899.999999999998 0.697312872
7902.499999999998 0.696856631
7904.999999999998 0.696400442
7907.499999999998 0.695944305
7909.999999999998 0.69548822
7912.499999999998 0.694902084
7914.999999999998 0.694316005
7917.499999999998 0.693729983
7919.999999999998 0.693144019
7922.499999999998 0.692638766
7924.999999999998 0.692133587
7927.499999999998 0.69162848
7929.999999999998 0.691123447
7932.499999999998 0.690717417
7934.999999999998 0.690311393
7937.499999999998 0.689905376
7939.999999999998 0.689499364
7942.499999999998 0.68907257
7944.999999999998 0.688645887
7947.499999999998 0.688219314
7949.999999999998 0.687792851
7952.499999999998 0.687346147
7954.999999999998 0.686899362
7957.499999999998 0.686452496
7959.999999999998 0.686005549
7962.499999999998 0.68556698
7964.999999999998 0.685128422
7967.499999999998 0.684689876
7969.999999999998 0.684251341
7972.499999999998 0.683737844
7974.999999999998 0.683224258
7977.499999999998 0.682710582
7979.999999999998 0.682196816
7982.499999999998 0.682042363
7984.999999999998 0.681887718
7987.499999999998 0.681732883
7989.999999999998 0.681577857
7992.499999999998 0.681111973
7994.999999999998 0.680646119
7997.499999999998 0.680180294
7999.999999999998 0.679714499
8002.499999999998 0.679366581
8004.999999999998 0.679018614
8007.499999999998 0.6786706
8009.999999999998 0.678322537
8012.499999999998 0.677927402
8014.999999999998 0.677532013
8017.499999999998 0.67713637
8019.999999999998 0.676740474
8022.499999999998 0.676282091
8024.999999999998 0.675823535
8027.499999999998 0.675364805
8029.999999999998 0.6749059
8032.499999999998 0.67450088
8034.999999999998 0.674095843
8037.499999999998 0.67369079
8039.999999999998 0.673285721
8042.499999999998 0.673076187
8044.999999999998 0.672866481
8047.499999999998 0.672656605
8049.999999999998 0.672446558
8052.499999999998 0.672228215
8054.999999999998 0.672009791
8057.499999999998 0.671791286
8059.999999999998 0.6715727
8062.499999999998 0.671094453
8064.999999999998 0.670616123
8067.499999999998 0.670137711
8069.999999999998 0.669659216
8072.499999999998 0.669516603
8074.999999999998 0.669373838
8077.499999999998 0.669230922
8079.999999999998 0.669087854
8082.499999999998 0.66885631
8084.999999999998 0.668624277
8087.499999999998 0.668391754
8089.999999999998 0.668158742
8092.499999999998 0.667794588
8094.999999999998 0.667430452
8097.499999999998 0.667066335
8099.999999999998 0.666702237
8102.499999999998 0.666432054
8104.999999999998 0.666161546
8107.499999999998 0.665890712
8109.999999999998 0.665619552
8112.499999999998 0.665394575
8114.999999999998 0.665169486
8117.499999999998 0.664944284
8119.999999999998 0.664718969
8122.499999999998 0.664079929
8124.999999999998 0.663440735
8127.499999999998 0.662801387
8129.999999999998 0.662161886
8132.499999999998 0.661673165
8134.999999999998 0.661184279
8137.499999999998 0.660695229
8139.999999999998 0.660206013
8142.499999999998 0.659997098
8144.999999999998 0.659788056
8147.499999999998 0.659578888
8149.999999999998 0.659369592
8152.499999999998 0.659130191
8154.999999999998 0.658890694
8157.499999999998 0.658651101
8159.999999999998 0.658411413
8162.499999999998 0.658119748
8164.999999999998 0.657827873
8167.499999999998 0.657535787
8169.999999999998 0.657243492
8172.499999999998 0.656588924
8174.999999999998 0.655934427
8177.499999999998 0.655280001
8179.999999999998 0.654625646
8182.499999999998 0.654228581
8184.999999999998 0.653831326
8187.499999999998 0.653433882
8189.999999999998 0.653036249
8192.499999999998 0.652747435
8194.999999999998 0.652458528
8197.499999999998 0.652169526
8199.999999999998 0.651880431
8202.499999999998 0.651188091
8204.999999999998 0.650495896
8207.499999999998 0.649803846
8209.999999999998 0.649111939
8212.499999999998 0.648579151
8214.999999999998 0.648046228
8217.499999999998 0.64751317
8219.999999999998 0.646979977
8222.499999999998 0.646356753
8224.999999999998 0.645733657
8227.499999999998 0.64511069
8229.999999999998 0.644487851
8232.499999999998 0.643840206
8234.999999999998 0.64319263
8237.499999999998 0.642545123
8239.999999999998 0.641897685
8242.499999999998 0.641595602
8244.999999999998 0.641293528
8247.499999999998 0.640991464
8249.999999999998 0.640689409
8252.499999999998 0.640050718
8254.999999999998 0.639412166
8257.499999999998 0.638773754
8259.999999999998 0.638135482
8262.499999999998 0.637594409
8264.999999999998 0.637053465
8267.499999999998 0.63651265
8269.999999999998 0.635971964
8272.499999999998 0.635473462
8274.999999999998 0.634975003
8277.499999999998 0.634476587
8279.999999999998 0.633978215
8282.499999999998 0.63344643
8284.999999999998 0.632914775
8287.499999999998 0.632383247
8289.999999999998 0.631851848
8292.499999999998 0.631244267
8294.999999999998 0.630636762
8297.499999999998 0.630029333
8299.999999999998 0.629421978
8302.499999999998 0.628787022
8304.999999999998 0.628152196
8307.499999999998 0.627517501
8309.999999999998 0.626882935
8312.499999999998 0.626367294
8314.999999999998 0.625851798
8317.499999999998 0.625336446
8319.999999999998 0.62482124
8322.499999999998 0.624106186
8324.999999999998 0.623391355
8327.499999999998 0.622676746
8329.999999999998 0.62196236
8332.499999999998 0.621271242
8334.999999999998 0.620580118
8337.499999999998 0.619888988
8339.999999999998 0.619197852
8342.499999999998 0.618642712
8344.999999999998 0.618087577
8347.499999999998 0.617532447
8349.999999999998 0.616977322
8352.499999999998 0.616221559
8354.999999999998 0.615465976
8357.499999999998 0.614710574
8359.999999999998 0.613955352
8362.499999999998 0.613937918
8364.999999999998 0.613920385
8367.499999999998 0.613902751
8369.999999999998 0.613885017
8372.499999999998 0.613105283
8374.999999999998 0.612325729
8377.499999999998 0.611546356
8379.999999999998 0.610767164
8382.499999999998 0.610269676
8384.999999999998 0.609771706
8387.499999999998 0.609273254
8389.999999999998 0.608774321
8392.499999999998 0.607914093
8394.999999999998 0.607054267
8397.499999999998 0.606194844
8399.999999999998 0.605335823
8402.499999999998 0.60477741
8404.999999999998 0.60421875
8407.499999999998 0.603659844
8409.999999999998 0.603100692
8412.499999999998 0.602754075
8414.999999999998 0.60240703
8417.499999999998 0.602059557
8419.999999999998 0.601711655
8422.499999999998 0.600843973
8424.999999999998 0.59997644
8427.499999999998 0.599109057
8429.999999999998 0.598241823
8432.499999999998 0.597474917
8434.999999999998 0.596706953
8437.499999999998 0.595937931
8439.999999999998 0.595167852
8442.499999999998 0.594932437
8444.999999999998 0.594696769
8447.499999999998 0.594460847
8449.999999999998 0.59422467
8452.499999999998 0.593918002
8454.999999999998 0.593610642
8457.499999999998 0.593302592
8459.999999999998 0.59299385
8462.499999999998 0.592632105
8464.999999999998 0.592269958
8467.499999999998 0.591907408
8469.999999999998 0.591544455
8472.499999999998 0.591243789
8474.999999999998 0.590942443
8477.499999999998 0.590640417
8479.999999999998 0.590337711
8482.499999999998 0.586532922
8484.999999999998 0.582736944
8487.499999999998 0.578949778
8489.999999999998 0.575171424
8492.499999999998 0.575176973
8494.999999999998 0.57518213
8497.499999999998 0.575186894
8499.999999999998 0.575191267
8502.499999999998 0.574605014
8504.999999999998 0.57401751
8507.499999999998 0.573428754
8509.999999999998 0.572838747
8512.499999999998 0.572218435
8514.999999999998 0.57159783
8517.499999999998 0.570976932
8519.999999999998 0.570355741
8522.499999999998 0.570073802
8524.999999999998 0.569791405
8527.499999999998 0.569508549
8529.999999999998 0.569225234
8532.499999999998 0.568376252
8534.999999999998 0.567526799
8537.499999999998 0.566676876
8539.999999999998 0.565826483
8542.499999999998 0.565532183
8544.999999999998 0.565237088
8547.499999999998 0.564941197
8549.999999999998 0.56464451
8552.499999999998 0.563907418
8554.999999999998 0.563169725
8557.499999999998 0.56243143
8559.999999999998 0.561692533
8562.499999999998 0.561052233
8564.999999999998 0.560411233
8567.499999999998 0.559769533
8569.999999999998 0.559127134
8572.499999999998 0.558810498
8574.999999999998 0.558493475
8577.499999999998 0.558176064
8579.999999999998 0.557858267
8582.499999999998 0.557181231
8584.999999999998 0.556503844
8587.499999999998 0.555826106
8589.999999999998 0.555148018
8592.499999999998 0.554517597
8594.999999999998 0.553886421
8597.499999999998 0.553254491
8599.999999999998 0.552621806
8602.499999999998 0.552044671
8604.999999999998 0.55146719
8607.499999999998 0.550889363
8609.999999999998 0.550311188
8612.499999999998 0.549279859
8614.999999999998 0.548248323
8617.499999999998 0.547216581
8619.999999999998 0.546184633
8622.499999999998 0.545611421
8624.999999999998 0.545037643
8627.499999999998 0.544463299
8629.999999999998 0.543888391
8632.499999999998 0.543149111
8634.999999999998 0.542409597
8637.499999999998 0.541669847
8639.999999999998 0.540929862
8642.499999999998 0.540295469
8644.999999999998 0.539661064
8647.499999999998 0.539026649
8649.999999999998 0.538392222
8652.499999999998 0.537461879
