speclite/data/filters/gaiadr2maw-G.ecsv
# %ECSV 0.9
# ---
# datatype:
# - {name: wavelength, unit: Angstrom, datatype: float64}
# - {name: response, datatype: float64}
# meta: !!omap
# - {url: 'https://ui.adsabs.harvard.edu/abs/2018A%26A...619A.180M/abstract'}
# - {group_name: gaiadr2maw}
# - {band_name: G}
# - {airmass: 0}
# - {description: Bandpass for Gaia G band for DR2 release from Maiz Appelaniz Weiler}
# schema: astropy-2.0
wavelength response
[from data line 848]
5352.5 0.9882
5355.0 0.9882799999999999
5357.5 0.98838
5360.0 0.98847
5362.5 0.98852
5365.0 0.9885700000000001
5367.5 0.9886199999999999
5370.0 0.98867
5372.5 0.98873
5375.0 0.9888
5377.5 0.98889
5380.0 0.98902
5382.5 0.9891800000000001
5385.0 0.98939
5387.5 0.98961
5390.0 0.98984
5392.5 0.99005
5395.0 0.99026
5397.5 0.99046
5400.0 0.99063
5402.5 0.99077
5405.0 0.99088
5407.5 0.99097
5410.0 0.9910399999999999
5412.5 0.99113
5415.0 0.99121
5417.5 0.99125
5420.0 0.99125
5422.5 0.99118
5425.0 0.99107
5427.5 0.9909600000000001
5430.0 0.99084
5432.5 0.9907400000000001
5435.0 0.9906699999999999
5437.5 0.99062
5440.0 0.9906200000000001
5442.5 0.99066
5445.0 0.99075
5447.5 0.99088
5450.0 0.99107
5452.5 0.9913000000000001
5455.0 0.9915799999999999
5457.5 0.99188
5460.0 0.99219
5462.5 0.99249
5465.0 0.99281
5467.5 0.9930599999999999
5470.0 0.9932300000000001
5472.5 0.9932599999999999
5475.0 0.99321
5477.5 0.9931199999999999
5480.0 0.99306
5482.5 0.99303
5485.0 0.99303
5487.5 0.99306
5490.0 0.99309
5492.5 0.99315
5495.0 0.99322
5497.5 0.9932900000000001
5500.0 0.9933100000000001
5502.5 0.9933000000000001
5505.0 0.99325
5507.5 0.99319
5510.0 0.9931099999999999
5512.5 0.9929800000000001
5515.0 0.99284
5517.5 0.99279
5520.0 0.99287
5522.5 0.99317
5525.0 0.99361
5527.5 0.9941000000000001
5530.0 0.9944999999999999
5532.5 0.99476
5535.0 0.9949299999999999
5537.5 0.99505
5540.0 0.9951199999999999
5542.5 0.99512
5545.0 0.99511
5547.5 0.9950600000000001
5550.0 0.99504
5552.5 0.99508
5555.0 0.9951400000000001
5557.5 0.9952000000000001
5560.0 0.99526
5562.5 0.9953299999999999
5565.0 0.9953799999999999
5567.5 0.9954200000000001
5570.0 0.9954300000000001
5572.5 0.9954200000000001
5575.0 0.9953899999999999
5577.5 0.99534
5580.0 0.9952899999999999
5582.5 0.9952199999999999
5585.0 0.9951300000000001
5587.5 0.99508
5590.0 0.9951099999999999
5592.5 0.99526
5595.0 0.99548
5597.5 0.99568
5600.0 0.9957999999999999
5602.5 0.9958
5605.0 0.99569
5607.5 0.9955700000000001
5610.0 0.9955600000000001
5612.5 0.9957
5615.0 0.99592
5617.5 0.99614
5620.0 0.9962899999999999
5622.5 0.99635
5625.0 0.9963
5627.5 0.99624
5630.0 0.9962300000000001
5632.5 0.9963000000000001
5635.0 0.99642
5637.5 0.9965299999999999
5640.0 0.99663
5642.5 0.9966900000000001
5645.0 0.9967300000000001
5647.5 0.99673
5650.0 0.9967199999999999
5652.5 0.9966700000000002
5655.0 0.99661
5657.5 0.99658
5660.0 0.9966
5662.5 0.99673
5665.0 0.99693
5667.5 0.9971400000000001
5670.0 0.9973000000000001
5672.5 0.9974200000000001
5675.0 0.99748
5677.5 0.99748
5680.0 0.9973799999999999
5682.5 0.9971799999999998
5685.0 0.9968899999999999
5687.5 0.9965999999999999
5690.0 0.99645
5692.5 0.99653
5695.0 0.9967299999999999
5697.5 0.99692
5700.0 0.99704
5702.5 0.99701
5705.0 0.9968699999999999
5707.5 0.9966799999999999
5710.0 0.9965600000000001
5712.5 0.99651
5715.0 0.9965
5717.5 0.9965099999999999
5720.0 0.99651
5722.5 0.9964999999999999
5725.0 0.9964799999999999
5727.5 0.9964900000000001
5730.0 0.99655
5732.5 0.99671
5735.0 0.9968999999999999
5737.5 0.9970699999999999
5740.0 0.99717
5742.5 0.9971599999999999
5745.0 0.99706
5747.5 0.99693
5750.0 0.9968400000000001
5752.5 0.9968100000000001
5755.0 0.99681
5757.5 0.99682
5760.0 0.99685
5762.5 0.9968699999999999
5765.0 0.99688
5767.5 0.99693
5770.0 0.9970600000000001
5772.5 0.99729
5775.0 0.99759
5777.5 0.9978699999999999
5780.0 0.99803
5782.5 0.9980600000000001
5785.0 0.9979600000000001
5787.5 0.99783
5790.0 0.9977399999999998
5792.5 0.9976999999999999
5795.0 0.9977199999999999
5797.5 0.9977699999999999
5800.0 0.9978800000000001
5802.5 0.99805
5805.0 0.9982700000000001
5807.5 0.9984599999999999
5810.0 0.99854
5812.5 0.99846
5815.0 0.9982699999999999
5817.5 0.9981099999999999
5820.0 0.9980500000000001
5822.5 0.9981399999999999
5825.0 0.9983900000000001
5827.5 0.9986299999999999
5830.0 0.9987800000000001
5832.5 0.99878
5835.0 0.9986900000000001
5837.5 0.9985499999999999
5840.0 0.99841
5842.5 0.9982900000000001
5845.0 0.9982000000000001
5847.5 0.9980899999999999
5850.0 0.9979199999999999
5852.5 0.99767
5855.0 0.9974000000000001
5857.5 0.9971899999999999
5860.0 0.99714
5862.5 0.9973200000000001
5865.0 0.99769
5867.5 0.9980899999999999
5870.0 0.99839
5872.5 0.9985
5875.0 0.9985200000000001
5877.5 0.99853
5880.0 0.99859
5882.5 0.99872
5885.0 0.9989199999999999
5887.5 0.99913
5890.0 0.9993000000000001
5892.5 0.9994799999999999
5895.0 0.99962
5897.5 0.99969
5900.0 0.99968
5902.5 0.9995499999999999
5905.0 0.99933
5907.5 0.99905
5910.0 0.9986999999999999
5912.5 0.9982800000000001
5915.0 0.99785
5917.5 0.9974900000000001
5920.0 0.9973200000000001
5922.5 0.9974000000000001
5925.0 0.99769
5927.5 0.99805
5930.0 0.99832
5932.5 0.99841
5935.0 0.9984200000000001
5937.5 0.9984
5940.0 0.9983799999999999
5942.5 0.99837
5945.0 0.99837
5947.5 0.9984099999999999
5950.0 0.99854
5952.5 0.9988600000000001
5955.0 0.99926
5957.5 0.9995800000000001
5960.0 0.99973
5962.5 0.99961
5965.0 0.99925
5967.5 0.99885
5970.0 0.99855
5972.5 0.99846
5975.0 0.9984599999999999
5977.5 0.99846
5980.0 0.9984200000000001
5982.5 0.9983100000000001
5985.0 0.9981199999999999
5987.5 0.9979399999999999
5990.0 0.99781
5992.5 0.99771
5995.0 0.99767
5997.5 0.99773
6000.0 0.9979500000000001
6002.5 0.99836
6005.0 0.99894
6007.5 0.9994700000000001
6010.0 0.99974
6012.5 0.99964
6015.0 0.9993099999999999
6017.5 0.99891
6020.0 0.9985999999999999
6022.5 0.99843
6025.0 0.9984
6027.5 0.99842
6030.0 0.9985
6032.5 0.99864
6035.0 0.99884
6037.5 0.999
6040.0 0.9990700000000001
6042.5 0.99899
6045.0 0.9987699999999999
6047.5 0.9985299999999999
6050.0 0.99838
6052.5 0.99836
6055.0 0.9984099999999999
6057.5 0.99846
6060.0 0.9984599999999999
6062.5 0.9983899999999999
6065.0 0.9982199999999999
6067.5 0.9980800000000001
6070.0 0.99803
6072.5 0.9981099999999999
6075.0 0.99827
6077.5 0.99846
6080.0 0.9986299999999999
6082.5 0.99878
6085.0 0.99889
6087.5 0.99897
6090.0 0.999
6092.5 0.99896
6095.0 0.9988699999999999
6097.5 0.99881
6100.0 0.9988299999999999
6102.5 0.9989700000000001
6105.0 0.99923
6107.5 0.9994600000000001
6110.0 0.99956
6112.5 0.9994400000000001
6115.0 0.9992100000000002
6117.5 0.9989699999999999
6120.0 0.99882
6122.5 0.99879
6125.0 0.9988999999999999
6127.5 0.99904
6130.0 0.99912
6132.5 0.99914
6135.0 0.9991099999999999
6137.5 0.9991000000000001
6140.0 0.99912
6142.5 0.9991900000000001
6145.0 0.99931
6147.5 0.99942
6150.0 0.9995099999999999
6152.5 0.9995799999999999
6155.0 0.99962
6157.5 0.99963
6160.0 0.9996100000000001
6162.5 0.99957
6165.0 0.9995099999999999
6167.5 0.9994
6170.0 0.9992199999999999
6172.5 0.99894
6175.0 0.9986200000000001
6177.5 0.9983199999999999
6180.0 0.99814
6182.5 0.99813
6185.0 0.9982499999999999
6187.5 0.9984299999999999
6190.0 0.9986100000000001
6192.5 0.9987499999999999
6195.0 0.9988800000000001
6197.5 0.9989999999999999
6200.0 0.99909
6202.5 0.99909
6205.0 0.9990599999999998
6207.5 0.99903
6210.0 0.9991099999999999
6212.5 0.99934
6215.0 0.9996499999999999
6217.5 0.9998900000000001
6220.0 0.9999999999999999
6222.5 0.9999100000000001
6225.0 0.9996399999999999
6227.5 0.99928
6230.0 0.99892
6232.5 0.99857
6235.0 0.9982200000000001
6237.5 0.9979199999999999
6240.0 0.99772
6242.5 0.9976400000000001
6245.0 0.9976900000000001
6247.5 0.99778
6250.0 0.99785
6252.5 0.9978499999999999
6255.0 0.9978099999999999
6257.5 0.9978
6260.0 0.99783
6262.5 0.9978999999999999
6265.0 0.9980199999999999
6267.5 0.99814
6270.0 0.9981800000000001
6272.5 0.9981300000000001
6275.0 0.9980299999999999
6277.5 0.99793
6280.0 0.9978699999999999
6282.5 0.9978899999999999
6285.0 0.9979800000000001
6287.5 0.99806
6290.0 0.9980600000000001
6292.5 0.9979299999999999
6295.0 0.99774
6297.5 0.99756
6300.0 0.9974500000000001
6302.5 0.99742
6305.0 0.9974800000000001
6307.5 0.99759
6310.0 0.99776
6312.5 0.99798
6315.0 0.9982300000000001
6317.5 0.9984500000000001
6320.0 0.99856
6322.5 0.99853
6325.0 0.9983799999999999
6327.5 0.99818
6330.0 0.99803
6332.5 0.99795
6335.0 0.9979199999999999
6337.5 0.9978800000000001
6340.0 0.99779
6342.5 0.99762
6345.0 0.9973899999999999
6347.5 0.9972
6350.0 0.99713
6352.5 0.99723
6355.0 0.9974200000000001
6357.5 0.9976299999999999
6360.0 0.9977699999999999
6362.5 0.9978
6365.0 0.9977199999999999
6367.5 0.9976299999999999
6370.0 0.99763
6372.5 0.9977799999999999
6375.0 0.9979699999999999
6377.5 0.99813
6380.0 0.99816
6382.5 0.9980199999999999
6385.0 0.99773
6387.5 0.9974
6390.0 0.99712
6392.5 0.9969499999999999
6395.0 0.9968300000000001
6397.5 0.99674
6400.0 0.99665
6402.5 0.9965700000000001
6405.0 0.9964699999999999
6407.5 0.9964199999999999
6410.0 0.9964299999999999
6412.5 0.99651
6415.0 0.9966499999999999
6417.5 0.9968
6420.0 0.99693
6422.5 0.99702
6425.0 0.9970700000000001
6427.5 0.9970900000000001
6430.0 0.9970699999999999
6432.5 0.9970199999999999
6435.0 0.99693
6437.5 0.9968
6440.0 0.9966399999999999
6442.5 0.99643
6445.0 0.99619
6447.5 0.99597
6450.0 0.9957799999999999
6452.5 0.99565
6455.0 0.99558
6457.5 0.9955800000000001
6460.0 0.99569
6462.5 0.9959199999999999
6465.0 0.99627
6467.5 0.9966
6470.0 0.9968
6472.5 0.9968400000000001
6475.0 0.99674
6477.5 0.99657
6480.0 0.99634
6482.5 0.99605
6485.0 0.9957100000000001
6487.5 0.9954200000000001
6490.0 0.99524
6492.5 0.99521
6495.0 0.99532
6497.5 0.99546
6500.0 0.99557
6502.5 0.9956400000000001
6505.0 0.99565
6507.5 0.99566
6510.0 0.99564
6512.5 0.9955900000000001
6515.0 0.99553
6517.5 0.9954700000000001
6520.0 0.99542
6522.5 0.99542
6525.0 0.99544
6527.5 0.99546
6530.0 0.99544
6532.5 0.99538
6535.0 0.9952799999999999
6537.5 0.99515
6540.0 0.99499
6542.5 0.9948
6545.0 0.9945900000000001
6547.5 0.99439
6550.0 0.99425
6552.5 0.99423
6555.0 0.9942599999999999
6557.5 0.9942799999999999
6560.0 0.9942599999999999
6562.5 0.99415
6565.0 0.99397
6567.5 0.99381
6570.0 0.99376
6572.5 0.99387
6575.0 0.99406
6577.5 0.99424
6580.0 0.9943
6582.5 0.9942000000000001
6585.0 0.99394
6587.5 0.99368
6590.0 0.99357
6592.5 0.99366
6595.0 0.9938400000000001
6597.5 0.99403
6600.0 0.99414
6602.5 0.99411
6605.0 0.99394
6607.5 0.99375
6610.0 0.99361
6612.5 0.9935599999999999
6615.0 0.99355
6617.5 0.9935100000000001
6620.0 0.9933899999999999
6622.5 0.99318
6625.0 0.9928799999999999
6627.5 0.9925800000000001
6630.0 0.9923900000000001
6632.5 0.9923099999999999
6635.0 0.9923299999999999
6637.5 0.9923700000000001
6640.0 0.99243
6642.5 0.99247
6645.0 0.9924900000000001
6647.5 0.9925299999999999
6650.0 0.99259
6652.5 0.99269
6655.0 0.9928
6657.5 0.9929200000000001
6660.0 0.99303
6662.5 0.9931000000000001
6665.0 0.9931500000000001
6667.5 0.9931800000000001
6670.0 0.9931599999999999
6672.5 0.99309
6675.0 0.99297
6677.5 0.99281
6680.0 0.9926300000000001
6682.5 0.9924299999999999
6685.0 0.9922300000000001
6687.5 0.99201
6690.0 0.9917699999999999
6692.5 0.9915099999999999
6695.0 0.99125
6697.5 0.99104
6700.0 0.9909299999999999
6702.5 0.9909700000000001
6705.0 0.9911300000000001
6707.5 0.9912799999999999
6710.0 0.9912799999999999
6712.5 0.9910300000000001
6715.0 0.99067
6717.5 0.99033
6720.0 0.9901900000000001
6722.5 0.9902899999999999
6725.0 0.99063
6727.5 0.991
6730.0 0.9912199999999999
6732.5 0.9912299999999999
6735.0 0.9910999999999999
6737.5 0.99093
6740.0 0.9907400000000001
6742.5 0.9905900000000001
6745.0 0.99044
6747.5 0.9902799999999999
6750.0 0.9900800000000001
6752.5 0.98983
6755.0 0.98955
6757.5 0.98928
6760.0 0.9890499999999999
6762.5 0.9888699999999999
6765.0 0.9887499999999999
6767.5 0.98868
6770.0 0.98862
6772.5 0.9885999999999999
6775.0 0.9885799999999999
6777.5 0.98859
6780.0 0.98861
6782.5 0.9886399999999999
6785.0 0.9886699999999999
6787.5 0.98868
6790.0 0.98863
6792.5 0.98851
6795.0 0.98834
6797.5 0.98815
6800.0 0.9879600000000001
6802.5 0.9877900000000001
6805.0 0.98765
6807.5 0.9875
6810.0 0.9873099999999999
6812.5 0.98711
6815.0 0.9868899999999999
6817.5 0.98669
6820.0 0.9865
6822.5 0.98633
6825.0 0.9862099999999999
6827.5 0.98609
6830.0 0.98597
6832.5 0.9858300000000001
6835.0 0.9856900000000001
6837.5 0.98557
6840.0 0.9854599999999999
6842.5 0.9853600000000001
6845.0 0.9853000000000001
6847.5 0.98523
6850.0 0.9851599999999999
6852.5 0.9850599999999999
6855.0 0.9849600000000001
6857.5 0.98485
6860.0 0.9847099999999999
6862.5 0.9845799999999999
6865.0 0.9844499999999999
6867.5 0.98431
6870.0 0.9841599999999999
6872.5 0.9839900000000001
6875.0 0.9838299999999999
6877.5 0.9836900000000001
6880.0 0.9836199999999999
6882.5 0.9836499999999999
6885.0 0.9837699999999999
6887.5 0.98385
6890.0 0.98381
6892.5 0.9835600000000001
6895.0 0.9831999999999999
6897.5 0.98284
6900.0 0.9825600000000001
6902.5 0.9824099999999999
6905.0 0.9823799999999999
6907.5 0.9824299999999999
6910.0 0.98255
6912.5 0.9828
6915.0 0.9831
6917.5 0.9833
6920.0 0.98324
6922.5 0.9828
6925.0 0.9820300000000001
6927.5 0.98127
6930.0 0.98078
6932.5 0.98069
6935.0 0.98085
6937.5 0.98104
6940.0 0.9811
6942.5 0.98094
6945.0 0.98058
6947.5 0.98021
6950.0 0.97994
6952.5 0.97983
6955.0 0.9798
6957.5 0.97978
6960.0 0.97973
6962.5 0.97963
6965.0 0.97946
6967.5 0.97928
6970.0 0.97908
6972.5 0.97886
6975.0 0.97863
6977.5 0.9784400000000001
6980.0 0.97832
6982.5 0.9783200000000001
6985.0 0.97841
6987.5 0.97849
6990.0 0.9785
6992.5 0.97839
6995.0 0.9782000000000001
6997.5 0.97799
7000.0 0.9778
7002.5 0.97769
7005.0 0.97763
7007.5 0.9775
7010.0 0.97719
7012.5 0.97665
7015.0 0.97597
7017.5 0.9752799999999999
7020.0 0.9747
7022.5 0.97428
7025.0 0.97401
7027.5 0.97384
7030.0 0.9737800000000001
7032.5 0.97385
7035.0 0.974
7037.5 0.97416
7040.0 0.9742500000000001
7042.5 0.97422
7045.0 0.97409
7047.5 0.9739099999999999
7050.0 0.97377
7052.5 0.9737
7055.0 0.97363
7057.5 0.97351
7060.0 0.9733200000000001
7062.5 0.97303
7065.0 0.97263
7067.5 0.9722
7070.0 0.97178
7072.5 0.97138
7075.0 0.9710000000000001
7077.5 0.97063
7080.0 0.97029
7082.5 0.96996
7085.0 0.9696699999999999
7087.5 0.96941
7090.0 0.96921
7092.5 0.9690599999999999
7095.0 0.9689800000000001
7097.5 0.9689099999999999
7100.0 0.96882
7102.5 0.96871
7105.0 0.96857
7107.5 0.96841
7110.0 0.96826
7112.5 0.96808
7115.0 0.96789
7117.5 0.9676899999999999
7120.0 0.96748
7122.5 0.96725
7125.0 0.9670000000000001
7127.5 0.96676
7130.0 0.9665599999999999
7132.5 0.9664200000000001
7135.0 0.9663100000000001
7137.5 0.96615
7140.0 0.9659099999999999
7142.5 0.96555
7145.0 0.9650700000000001
7147.5 0.9645999999999999
7150.0 0.96421
7152.5 0.9639500000000001
7155.0 0.9637799999999999
7157.5 0.96363
7160.0 0.96349
7162.5 0.96335
7165.0 0.96321
7167.5 0.9630099999999999
7170.0 0.96275
7172.5 0.96236
7175.0 0.9619
7177.5 0.96144
7180.0 0.9610000000000001
7182.5 0.96058
7185.0 0.96021
7187.5 0.95992
7190.0 0.95979
7192.5 0.9598800000000001
7195.0 0.96009
7197.5 0.96024
7200.0 0.96016
7202.5 0.9597600000000001
7205.0 0.95907
7207.5 0.95831
7210.0 0.95768
7212.5 0.9572299999999999
7215.0 0.95689
7217.5 0.95657
7220.0 0.95623
7222.5 0.95579
7225.0 0.95529
7227.5 0.95485
7230.0 0.95461
7232.5 0.95462
7235.0 0.95477
7237.5 0.9549099999999999
7240.0 0.95486
7242.5 0.9544900000000001
7245.0 0.95385
7247.5 0.95323
7250.0 0.95288
7252.5 0.9528800000000001
7255.0 0.95308
7257.5 0.95329
7260.0 0.95333
7262.5 0.9531000000000001
7265.0 0.95263
7267.5 0.95207
7270.0 0.95147
7272.5 0.95085
7275.0 0.9502299999999999
7277.5 0.9496100000000001
7280.0 0.94909
7282.5 0.9486800000000001
7285.0 0.9483900000000001
7287.5 0.9481200000000001
7290.0 0.94778
7292.5 0.9473199999999999
7295.0 0.94681
7297.5 0.94633
7300.0 0.946
7302.5 0.94584
7305.0 0.94585
7307.5 0.94587
7310.0 0.9457399999999999
7312.5 0.94543
7315.0 0.945
7317.5 0.94455
7320.0 0.94415
7322.5 0.94384
7325.0 0.94363
7327.5 0.94342
7330.0 0.94317
7332.5 0.94287
7335.0 0.9425399999999999
7337.5 0.9421999999999999
7340.0 0.9418500000000001
7342.5 0.9415
7345.0 0.9411700000000001
7347.5 0.94079
7350.0 0.94033
7352.5 0.9397599999999999
7355.0 0.93913
7357.5 0.93847
7360.0 0.93785
7362.5 0.93728
7365.0 0.93676
7367.5 0.9363
7370.0 0.9359299999999999
7372.5 0.93565
7375.0 0.93547
7377.5 0.9353
7380.0 0.93514
7382.5 0.93495
7385.0 0.93472
7387.5 0.93446
7390.0 0.93415
7392.5 0.93379
7395.0 0.93337
7397.5 0.9329000000000001
