speclite/data/filters/gaiadr2-RP.ecsv
# %ECSV 0.9
# ---
# datatype:
# - {name: wavelength, unit: Angstrom, datatype: float64}
# - {name: response, datatype: float64}
# meta: !!omap
# - {url: 'https://www.cosmos.esa.int/web/gaia/iow_20180316'}
# - {group_name: gaiadr2}
# - {band_name: RP}
# - {airmass: 0}
# - {description: Bandpass for Gaia RP band for DR2 release}
# schema: astropy-2.0
wavelength response
[from data line 1599]
9994.999999999998 0.0901986276
9997.499999999998 0.0894929325
9999.999999999998 0.0887871681
10002.499999999998 0.0880146675
10004.999999999998 0.0872421674
10007.499999999998 0.0864696677
10009.999999999998 0.0856971684
10012.499999999998 0.0851122193
10014.999999999998 0.0845272623
10017.499999999998 0.0839422975
10019.999999999998 0.083357325
10022.499999999998 0.082711507
10024.999999999998 0.0820656648
10027.499999999998 0.0814197984
10029.999999999998 0.0807739079
10032.499999999998 0.0800524067
10034.999999999998 0.0793308982
10037.499999999998 0.0786093824
10039.999999999998 0.0778878592
10042.499999999998 0.0773397976
10044.999999999998 0.0767917454
10047.499999999998 0.0762437026
10049.999999999998 0.0756956693
10052.499999999998 0.0751817435
10054.999999999998 0.0746678086
10057.499999999998 0.0741538649
10059.999999999998 0.0736399122
10062.499999999998 0.0729363384
10064.999999999998 0.0722328071
10067.499999999998 0.0715293183
10069.999999999998 0.0708258719
10072.499999999998 0.0702588398
10074.999999999998 0.0696917794
10077.499999999998 0.0691246909
10079.999999999998 0.0685575742
10082.499999999998 0.0681799599
10084.999999999998 0.0678023533
10087.499999999998 0.0674247541
10089.999999999998 0.0670471626
10092.499999999998 0.0664016278
10094.999999999998 0.0657561107
10097.499999999998 0.0651106112
10099.999999999998 0.0644651292
10102.499999999998 0.0638690077
10104.999999999998 0.0632729187
10107.499999999998 0.0626768622
10109.999999999998 0.0620808384
10112.499999999998 0.0617592208
10114.999999999998 0.0614376076
10117.499999999998 0.0611159989
10119.999999999998 0.0607943946
10122.499999999998 0.0602929653
10124.999999999998 0.0597915449
10127.499999999998 0.0592901335
10129.999999999998 0.0587887311
10132.499999999998 0.0581780129
10134.999999999998 0.0575673082
10137.499999999998 0.0569566169
10139.999999999998 0.056345939
10142.499999999998 0.0559650895
10144.999999999998 0.0555842511
10147.499999999998 0.055203424
10149.999999999998 0.054822608
10152.499999999998 0.0544815039
10154.999999999998 0.0541404254
10157.499999999998 0.0537993725
10159.999999999998 0.0534583452
10162.499999999998 0.0528659163
10164.999999999998 0.0522735166
10167.499999999998 0.051681146
10169.999999999998 0.0510888045
10172.499999999998 0.0506408018
10174.999999999998 0.0501928305
10177.499999999998 0.0497448906
10179.999999999998 0.049296982
10182.499999999998 0.0490517851
10184.999999999998 0.0488065833
10187.499999999998 0.0485613766
10189.999999999998 0.048316165
10192.499999999998 0.0478731389
10194.999999999998 0.0474301287
10197.499999999998 0.0469871345
10199.999999999998 0.0465441561
10202.499999999998 0.046020898
10204.999999999998 0.0454976432
10207.499999999998 0.0449743916
10209.999999999998 0.0444511432
10212.499999999998 0.0441693273
10214.999999999998 0.0438875383
10217.499999999998 0.043605776
10219.999999999998 0.0433240405
10222.499999999998 0.0430058934
10224.999999999998 0.0426877361
10227.499999999998 0.0423695686
10229.999999999998 0.0420513911
10232.499999999998 0.0415710069
10234.999999999998 0.041090645
10237.499999999998 0.0406103053
10239.999999999998 0.0401299879
10242.499999999998 0.0397196917
10244.999999999998 0.0393093928
10247.499999999998 0.038899091
10249.999999999998 0.0384887864
10252.499999999998 0.0382603194
10254.999999999998 0.0380318653
10257.499999999998 0.037803424
10259.999999999998 0.0375749955
10262.499999999998 0.0371895544
10264.999999999998 0.0368041095
10267.499999999998 0.0364186609
10269.999999999998 0.0360332085
10272.499999999998 0.0355983144
10274.999999999998 0.0351634152
10277.499999999998 0.0347285108
10279.999999999998 0.0342936013
10282.499999999998 0.0340272199
10284.999999999998 0.0337608374
10287.499999999998 0.0334944537
10289.999999999998 0.0332280687
10292.499999999998 0.0329436635
10294.999999999998 0.0326592574
10297.499999999998 0.0323748504
10299.999999999998 0.0320904424
10302.499999999998 0.0316885209
10304.999999999998 0.0312865793
10307.499999999998 0.0308846178
10309.999999999998 0.0304826363
10312.499999999998 0.0301386796
10314.999999999998 0.0297947247
10317.499999999998 0.0294507715
10319.999999999998 0.02910682
10322.499999999998 0.0288939993
10324.999999999998 0.0286811751
10327.499999999998 0.0284683472
10329.999999999998 0.0282555158
10332.499999999998 0.0279227742
10334.999999999998 0.0275900478
10337.499999999998 0.0272573368
10339.999999999998 0.0269246411
10342.499999999998 0.0265676119
10344.999999999998 0.0262105553
10347.499999999998 0.0258534712
10349.999999999998 0.0254963597
10352.499999999998 0.0252434648
10354.999999999998 0.0249905433
10357.499999999998 0.0247375951
10359.999999999998 0.0244846203
10362.499999999998 0.0242342618
10364.999999999998 0.0239839038
10367.499999999998 0.0237335462
10369.999999999998 0.0234831891
10372.499999999998 0.023149897
10374.999999999998 0.022816592
10377.499999999998 0.0224832741
10379.999999999998 0.0221499433
10382.499999999998 0.0218622943
10384.999999999998 0.0215746273
10387.499999999998 0.0212869422
10389.999999999998 0.0209992391
10392.499999999998 0.0208115766
10394.999999999998 0.0206238829
10397.499999999998 0.020436158
10399.999999999998 0.0202484019
10402.499999999998 0.0199744056
10404.999999999998 0.0197004138
10407.499999999998 0.0194264266
10409.999999999998 0.0191524439
10412.499999999998 0.0188599633
10414.999999999998 0.0185674463
10417.499999999998 0.0182748928
10419.999999999998 0.0179823029
10422.499999999998 0.0177668806
10424.999999999998 0.0175514607
10427.499999999998 0.0173360431
10429.999999999998 0.017120628
10432.499999999998 0.0169258565
10434.999999999998 0.0167310764
10437.499999999998 0.0165362876
10439.999999999998 0.0163414901
10442.499999999998 0.0160727901
10444.999999999998 0.0158040799
10447.499999999998 0.0155353594
10449.999999999998 0.0152666287
10452.499999999998 0.0150241477
10454.999999999998 0.0147816625
10457.499999999998 0.0145391732
10459.999999999998 0.0142966798
10462.499999999998 0.0141530944
10464.999999999998 0.0140094849
10467.499999999998 0.0138658511
10469.999999999998 0.013722193
10472.499999999998 0.0135143935
10474.999999999998 0.0133065893
10477.499999999998 0.0130987805
10479.999999999998 0.012890967
10482.499999999998 0.0126544458
10484.999999999998 0.0124179371
10487.499999999998 0.0121814407
10489.999999999998 0.0119449567
10492.499999999998 0.0117672293
10494.999999999998 0.0115894944
10497.499999999998 0.0114117522
10499.999999999998 0.0112340025
10502.499999999998 0.0111076617
10504.999999999998 0.0109813016
10507.499999999998 0.0108549223
10509.999999999998 0.0107285236
10512.499999999998 0.0105329383
10514.999999999998 0.0103373603
10517.499999999998 0.0101417897
10519.999999999998 0.00994622637
10522.499999999998 0.00975732582
10524.999999999998 0.00956842344
10527.499999999998 0.00937951922
10529.999999999998 0.00919061318
10532.499999999998 0.00907143057
10534.999999999998 0.00895224472
10537.499999999998 0.00883305561
10539.999999999998 0.00871386326
10542.499999999998 0.00859330059
10544.999999999998 0.00847273817
10547.499999999998 0.00835217602
10549.999999999998 0.00823161411
10552.499999999998 0.00806043948
10554.999999999998 0.00788925486
10557.499999999998 0.00771806024
10559.999999999998 0.00754685562
10562.499999999998 0.00740081233
10564.999999999998 0.0072547658
10567.499999999998 0.00710871603
10569.999999999998 0.00696266303
10572.499999999998 0.00689075874
10574.999999999998 0.0068188482
10577.499999999998 0.00674693142
10579.999999999998 0.0066750084
10582.499999999998 0.00656390334
10584.999999999998 0.00645281129
10587.499999999998 0.00634173225
10589.999999999998 0.00623066621
10592.499999999998 0.0060907626
10594.999999999998 0.00595086377
10597.499999999998 0.0058109697
10599.999999999998 0.00567108039
10602.499999999998 0.00557198573
10604.999999999998 0.0054728842
10607.499999999998 0.0053737758
10609.999999999998 0.00527466054
10612.499999999998 0.0052239024
10614.999999999998 0.00517314527
10617.499999999998 0.00512238914
10619.999999999998 0.00507163401
10622.499999999998 0.00497154861
10624.999999999998 0.00487145911
10627.499999999998 0.00477136552
10629.999999999998 0.00467126783
10632.499999999998 0.00456663836
10634.999999999998 0.00446201431
10637.499999999998 0.00435739568
10639.999999999998 0.00425278245
10642.499999999998 0.00419271454
10644.999999999998 0.00413264121
10647.499999999998 0.00407256245
10649.999999999998 0.00401247827
10652.499999999998 0.00397114761
10654.999999999998 0.00392981783
10657.499999999998 0.00388848893
10659.999999999998 0.00384716091
10662.499999999998 0.00376868555
10664.999999999998 0.0036902143
10667.499999999998 0.00361174717
10669.999999999998 0.00353328415
10672.499999999998 0.00345982789
10674.999999999998 0.00338637306
10677.499999999998 0.00331291967
10679.999999999998 0.00323946771
10682.499999999998 0.00320891563
10684.999999999998 0.00317836233
10687.499999999998 0.0031478078
10689.999999999998 0.00311725203
10692.499999999998 0.00308457404
10694.999999999998 0.00305189654
10697.499999999998 0.00301921952
10699.999999999998 0.00298654299
10702.499999999998 0.00293136666
10704.999999999998 0.002876188
10707.499999999998 0.00282100702
10709.999999999998 0.0027658237
10712.499999999998 0.00272055576
10714.999999999998 0.00267528672
10717.499999999998 0.00263001657
10719.999999999998 0.00258474532
10722.499999999998 0.00257443731
10724.999999999998 0.00256412922
10727.499999999998 0.00255382106
10729.999999999998 0.00254351284
10732.499999999998 0.00252170177
10734.999999999998 0.00249989095
10737.499999999998 0.0024780804
10739.999999999998 0.0024562701
10742.499999999998 0.00242040553
10744.999999999998 0.00238453892
10747.499999999998 0.00234867028
10749.999999999998 0.0023127996
10752.499999999998 0.00229025277
10754.999999999998 0.00226770593
10757.499999999998 0.00224515909
10759.999999999998 0.00222261225
10762.499999999998 0.00222684642
10764.999999999998 0.00223108084
10767.499999999998 0.00223531552
10769.999999999998 0.00223955044
10772.499999999998 0.00222824334
10774.999999999998 0.00221693606
10777.499999999998 0.00220562862
10779.999999999998 0.00219432101
10782.499999999998 0.00217709501
10784.999999999998 0.00215986878
10787.499999999998 0.00214264232
10789.999999999998 0.00212541563
10792.499999999998 0.00212126899
10794.999999999998 0.00211712209
10797.499999999998 0.00211297491
10799.999999999998 0.00210882745
10802.499999999998 0.00211182853
10804.999999999998 0.00211482983
10807.499999999998 0.00211783135
10809.999999999998 0.00212083309
10812.499999999998 0.00211125926
10814.999999999998 0.00210168496
10817.499999999998 0.00209211018
10819.999999999998 0.00208253494
10822.499999999998 0.00207120965
10824.999999999998 0.00205988361
10827.499999999998 0.0020485568
10829.999999999998 0.00203722924
10832.499999999998 0.0020396549
10834.999999999998 0.00204208068
10837.499999999998 0.00204450656
10839.999999999998 0.00204693256
10842.499999999998 0.00206029913
10844.999999999998 0.00207366634
10847.499999999998 0.00208703421
10849.999999999998 0.00210040273
10852.499999999998 0.00210203725
10854.999999999998 0.00210367185
10857.499999999998 0.00210530651
10859.999999999998 0.00210694125
10862.499999999998 0.00210891059
10864.999999999998 0.00211088017
10867.499999999998 0.00211284999
10869.999999999998 0.00211482004
10872.499999999998 0.00212903934
10874.999999999998 0.00214325961
10877.499999999998 0.00215748085
10879.999999999998 0.00217170306
10882.499999999998 0.00219403688
10884.999999999998 0.00221637156
10887.499999999998 0.00223870712
10889.999999999998 0.00226104355
10892.499999999998 0.0022718888
10894.999999999998 0.00228273456
10897.499999999998 0.00229358084
10899.999999999998 0.00230442764
10902.499999999998 0.00231473794
10904.999999999998 0.00232504922
10907.499999999998 0.00233536146
10909.999999999998 0.00234567468
10912.499999999998 0.00236725935
10914.999999999998 0.00238884423
10917.499999999998 0.00241042931
10919.999999999998 0.00243201459
10922.499999999998 0.00245779321
10924.999999999998 0.00248357324
10927.499999999998 0.00250935467
10929.999999999998 0.00253513751
10932.499999999998 0.00255137968
10934.999999999998 0.00256762248
10937.499999999998 0.00258386589
10939.999999999998 0.00260010991
10942.499999999998 0.0026151533
10944.999999999998 0.00263019707
10947.499999999998 0.0026452412
10949.999999999998 0.00266028571
10952.499999999998 0.00268419695
10954.999999999998 0.00270810723
10957.499999999998 0.00273201656
10959.999999999998 0.00275592492
10962.499999999998 0.00278229061
10964.999999999998 0.00280865515
10967.499999999998 0.00283501853
10969.999999999998 0.00286138075
10972.499999999998 0.00287763127
10974.999999999998 0.00289388199
10977.499999999998 0.00291013294
10979.999999999998 0.0029263841
10982.499999999998 0.00294064711
10984.999999999998 0.00295490918
10987.499999999998 0.00296917032
10989.999999999998 0.00298343051
10992.499999999998 0.0
