speclite/data/filters/gaiadr2-RP.ecsv
# %ECSV 0.9
# ---
# datatype:
# - {name: wavelength, unit: Angstrom, datatype: float64}
# - {name: response, datatype: float64}
# meta: !!omap
# - {url: 'https://www.cosmos.esa.int/web/gaia/iow_20180316'}
# - {group_name: gaiadr2}
# - {band_name: RP}
# - {airmass: 0}
# - {description: Bandpass for Gaia RP band for DR2 release}
# schema: astropy-2.0
wavelength response
5997.499999999999 0.0
5999.999999999999 7.33655646e-06
6002.499999999999 7.33703451e-06
6004.999999999999 7.33778192e-06
6007.499999999999 7.33888561e-06
6009.999999999999 7.34045932e-06
6012.499999999999 7.34657818e-06
6014.999999999999 7.35351225e-06
6017.499999999999 7.36151397e-06
6019.999999999999 7.37091033e-06
6022.499999999999 7.38073728e-06
6024.999999999999 7.39292159e-06
6027.499999999999 7.40816054e-06
6029.999999999999 7.42734728e-06
6032.499999999999 7.45081033e-06
6034.999999999999 7.48080933e-06
6037.499999999999 7.51918809e-06
6039.999999999999 7.56828236e-06
6042.499999999999 7.63283285e-06
6044.999999999999 7.71480405e-06
6047.499999999999 7.81888201e-06
6049.999999999999 7.95093942e-06
6052.499999999999 8.11716864e-06
6054.999999999999 8.32780495e-06
6057.499999999999 8.59419298e-06
6059.999999999999 8.93039055e-06
6062.499999999999 9.35476267e-06
6064.999999999999 9.88783367e-06
6067.499999999999 1.05559493e-05
6069.999999999999 1.13913956e-05
6072.499999999999 1.2431326e-05
6074.999999999999 1.37256408e-05
6077.499999999999 1.53325865e-05
6079.999999999999 1.73227218e-05
6082.499999999999 1.97821763e-05
6084.999999999999 2.28129829e-05
6087.499999999999 2.65385287e-05
6089.999999999999 3.11065837e-05
6092.499999999999 3.66972758e-05
6094.999999999999 4.3518405e-05
6097.499999999999 5.18198555e-05
6099.999999999999 6.18974605e-05
6102.499999999999 7.40879782e-05
6104.999999999999 8.88098947e-05
6107.499999999999 0.000106543953
6109.999999999999 0.000127852469
6112.499999999999 0.000153430224
6114.999999999999 0.00018401614
6117.499999999999 0.000220498447
6119.999999999999 0.00026390393
6122.499999999999 0.000315352801
6124.999999999999 0.000376243315
6127.499999999999 0.000448125947
6129.999999999999 0.000532770447
6132.499999999999 0.000632224683
6134.999999999999 0.000748750961
6137.499999999999 0.000884934586
6139.999999999999 0.00104368918
6142.499999999999 0.0012281804
6144.999999999999 0.00144214253
6147.499999999999 0.00168965572
6149.999999999999 0.00197525694
6152.499999999999 0.00230409484
6154.999999999999 0.00268164007
6157.499999999999 0.00311401093
6159.999999999999 0.00360791677
6162.499999999999 0.00417097088
6164.999999999999 0.00481095772
6167.499999999999 0.00553654954
6169.999999999999 0.00635711676
6172.499999999999 0.00728357282
6174.999999999999 0.00832613698
6177.499999999999 0.00949639446
6179.999999999999 0.0108066643
6182.499999999999 0.0122665434
6184.999999999999 0.0138923128
6187.499999999999 0.0156982444
6189.999999999999 0.0176992301
6192.499999999999 0.0199104804
6194.999999999999 0.0223481504
6197.499999999999 0.0250286284
6199.999999999999 0.0279686459
6202.499999999999 0.031187702
6204.999999999999 0.0347009485
6207.499999999999 0.0385255778
6209.999999999999 0.042678662
6212.499999999999 0.0471693173
6214.999999999999 0.0520200396
6217.499999999999 0.0572464475
6219.999999999999 0.0628633955
6222.499999999999 0.0689092278
6224.999999999999 0.0753768773
6227.499999999999 0.0822783009
6229.999999999999 0.0896239947
6232.499999999999 0.09742503
6234.999999999999 0.105686615
6237.499999999999 0.114413855
6239.999999999999 0.123609731
6242.499999999999 0.133242352
6244.999999999999 0.143337722
6247.499999999999 0.153891341
6249.999999999999 0.164896139
6252.499999999999 0.176349134
6254.999999999999 0.188232153
6257.499999999999 0.200530215
6259.999999999999 0.213225688
6262.499999999999 0.226282903
6264.999999999999 0.239692706
6267.499999999999 0.253429845
6269.999999999999 0.267466781
6272.499999999999 0.281808017
6274.999999999999 0.296391295
6277.499999999999 0.31118335
6279.999999999999 0.326149389
6282.499999999999 0.341219502
6284.999999999999 0.356387455
6287.499999999999 0.371615409
6289.999999999999 0.386865088
6292.499999999999 0.402158697
6294.999999999999 0.417401867
6297.499999999999 0.432556694
6299.999999999999 0.447585966
6302.499999999999 0.46237478
6304.999999999999 0.47696185
6307.499999999999 0.491313768
6309.999999999999 0.50539886
6312.499999999999 0.519135199
6314.999999999999 0.532544676
6317.499999999999 0.545602071
6319.999999999999 0.55828459
6322.499999999999 0.570707497
6324.999999999999 0.582723223
6327.499999999999 0.59431645
6329.999999999999 0.605474518
6332.499999999999 0.616143024
6334.999999999999 0.626357533
6337.499999999999 0.63611333
6339.999999999999 0.645408189
6342.499999999999 0.6542916
6344.999999999999 0.662717907
6347.499999999999 0.670691572
6349.999999999999 0.678219042
6352.499999999999 0.68513981
6354.999999999999 0.691629408
6357.499999999999 0.69769956
6359.999999999999 0.703363282
6362.499999999999 0.708732754
6364.999999999999 0.713726322
6367.499999999999 0.718359645
6369.999999999999 0.722648978
6372.499999999999 0.726512656
6374.999999999999 0.730065032
6377.499999999999 0.733323309
6379.999999999999 0.736304678
6382.499999999999 0.739226134
6384.999999999999 0.741905848
6387.499999999999 0.744360085
6389.999999999999 0.74660469
6392.499999999999 0.74856631
6394.999999999999 0.750348056
6397.499999999999 0.751964169
6399.999999999999 0.753428233
6402.499999999999 0.754719041
6404.999999999999 0.755882793
6407.499999999999 0.756930975
6409.999999999999 0.75787435
6412.499999999999 0.758618651
6414.999999999999 0.759277345
6417.499999999999 0.759859104
6419.999999999999 0.760371924
6422.499999999999 0.760866977
6424.999999999999 0.761307199
6427.499999999999 0.76169871
6429.999999999999 0.76204707
6432.499999999999 0.762427056
6434.999999999999 0.762773508
6437.499999999999 0.763090505
6439.999999999999 0.763381699
6442.499999999999 0.763699561
6444.999999999999 0.763997808
6447.499999999999 0.764279016
6449.999999999999 0.764545463
6452.499999999999 0.764699068
6454.999999999999 0.764841674
6457.499999999999 0.764974831
6459.999999999999 0.765099896
6462.499999999999 0.76504415
6464.999999999999 0.764982501
6467.499999999999 0.764915838
6469.999999999999 0.76484493
6472.499999999999 0.766469435
6474.999999999999 0.768091446
6477.499999999999 0.769711427
6479.999999999999 0.771329777
6482.499999999999 0.771868161
6484.999999999999 0.772405233
6487.499999999999 0.772941242
6489.999999999999 0.773476399
6492.499999999999 0.773365042
6494.999999999999 0.773252984
6497.499999999999 0.773140349
6499.999999999999 0.773027241
6502.499999999999 0.772907833
6504.999999999999 0.772788098
6507.499999999999 0.772668094
6509.999999999999 0.77254787
6512.499999999999 0.772526658
6514.999999999999 0.772505297
6517.499999999999 0.772483812
6519.999999999999 0.772462226
6522.499999999999 0.772552824
6524.999999999999 0.77264337
6527.499999999999 0.772733875
6529.999999999999 0.772824349
6532.499999999999 0.77295668
6534.999999999999 0.773089
6537.499999999999 0.773221313
6539.999999999999 0.773353623
6542.499999999999 0.773573348
6544.999999999999 0.773793095
6547.499999999999 0.774012867
6549.999999999999 0.774232665
6552.499999999999 0.774210857
6554.999999999999 0.774189046
6557.499999999999 0.774167231
6559.999999999999 0.774145414
6562.499999999999 0.774150206
6564.999999999999 0.774154981
6567.499999999999 0.774159739
6569.999999999999 0.774164481
6572.499999999999 0.773869813
6574.999999999999 0.773575187
6577.499999999999 0.773280606
6579.999999999999 0.772986068
6582.499999999999 0.772863765
6584.999999999999 0.772741401
6587.499999999999 0.772618976
6589.999999999999 0.772496489
6592.499999999999 0.772053228
6594.999999999999 0.77161005
6597.499999999999 0.771166955
6599.999999999999 0.770723944
6602.499999999999 0.770370698
6604.999999999999 0.770017385
6607.499999999999 0.769664008
6609.999999999999 0.769310564
6612.499999999999 0.768984586
6614.999999999999 0.768658603
6617.499999999999 0.768332613
6619.999999999999 0.768006618
6622.499999999999 0.767823671
6624.999999999999 0.76764064
6627.499999999999 0.767457527
6629.999999999999 0.767274329
6632.499999999999 0.76686421
6634.999999999999 0.766454131
6637.499999999999 0.766044091
6639.999999999999 0.76563409
6642.499999999999 0.765303605
6644.999999999999 0.764973162
6647.499999999999 0.76464276
6649.999999999999 0.7643124
6652.499999999999 0.76396472
6654.999999999999 0.763617104
6657.499999999999 0.763269553
6659.999999999999 0.762922065
6662.499999999999 0.762657586
6664.999999999999 0.76239314
6667.499999999999 0.762128728
6669.999999999999 0.761864349
6672.499999999999 0.761745446
6674.999999999999 0.761626536
6677.499999999999 0.761507619
6679.999999999999 0.761388696
6682.499999999999 0.761315946
6684.999999999999 0.761243174
6687.499999999999 0.76117038
6689.999999999999 0.761097564
6692.499999999999 0.761030624
6694.999999999999 0.760963664
6697.499999999999 0.760896683
6699.999999999999 0.760829682
6702.499999999999 0.76058864
6704.999999999999 0.760347636
6707.499999999999 0.760106671
6709.999999999999 0.759865744
6712.499999999999 0.759761952
6714.999999999999 0.759658117
6717.499999999999 0.759554239
6719.999999999999 0.759450319
6722.499999999999 0.759028178
6724.999999999999 0.758606154
6727.499999999999 0.758184247
6729.999999999999 0.757762457
6732.499999999999 0.757484755
6734.999999999999 0.757207068
6737.499999999999 0.756929396
6739.999999999999 0.756651739
6742.499999999999 0.756405862
6744.999999999999 0.756159988
6747.499999999999 0.755914119
6749.999999999999 0.755668254
6752.499999999999 0.755458397
6754.999999999999 0.755248517
6757.499999999999 0.755038613
6759.999999999999 0.754828687
6762.499999999999 0.754474047
6764.999999999999 0.754119451
6767.499999999999 0.753764899
6769.999999999999 0.75341039
6772.499999999999 0.753002137
6774.999999999999 0.752593975
6777.499999999999 0.752185904
6779.999999999999 0.751777923
6782.499999999999 0.751389467
6784.999999999999 0.7510011
6787.499999999999 0.750612823
6789.999999999999 0.750224634
6792.499999999999 0.74990208
6794.999999999999 0.749579558
6797.499999999999 0.749257068
6799.999999999999 0.748934611
6802.499999999999 0.748675485
6804.999999999999 0.748416387
6807.499999999999 0.748157318
6809.999999999999 0.747898276
6812.499999999999 0.747629407
6814.999999999999 0.747360553
6817.499999999999 0.747091714
6819.999999999999 0.74682289
6822.499999999999 0.746519428
6824.999999999999 0.746216006
6827.499999999999 0.745912624
6829.999999999999 0.745609282
6832.499999999999 0.745388292
6834.999999999999 0.745167328
6837.499999999999 0.74494639
6839.999999999999 0.744725476
6842.499999999999 0.74456149
6844.999999999999 0.744397523
6847.499999999999 0.744233573
6849.999999999999 0.744069641
6852.499999999999 0.743916955
6854.999999999999 0.743764283
6857.499999999999 0.743611627
6859.999999999999 0.743458986
6862.499999999999 0.743412159
6864.999999999999 0.743365332
6867.499999999999 0.743318505
6869.999999999999 0.743271679
6872.499999999999 0.743307593
6874.999999999999 0.7433435
6877.499999999999 0.7433794
6879.999999999999 0.743415294
6882.499999999999 0.743327105
6884.999999999999 0.743238899
6887.499999999999 0.743150676
6889.999999999999 0.743062434
6892.499999999999 0.743232609
6894.999999999999 0.743402803
6897.499999999999 0.743573016
6899.999999999999 0.743743248
6902.499999999999 0.743854859
6904.999999999999 0.743966416
6907.499999999999 0.744077919
6909.999999999999 0.744189367
6912.499999999999 0.744132787
6914.999999999999 0.744076125
6917.499999999999 0.744019382
6919.999999999999 0.743962557
6922.499999999999 0.744439362
6924.999999999999 0.74491632
6927.499999999999 0.74539343
6929.999999999999 0.745870692
6932.499999999999 0.745983523
6934.999999999999 0.746096223
6937.499999999999 0.746208791
6939.999999999999 0.746321228
6942.499999999999 0.746642919
6944.999999999999 0.74696464
6947.499999999999 0.747286392
6949.999999999999 0.747608175
6952.499999999999 0.747836933
6954.999999999999 0.748065595
6957.499999999999 0.748294159
6959.999999999999 0.748522626
6962.499999999999 0.748820076
6964.999999999999 0.749117484
6967.499999999999 0.749414851
6969.999999999999 0.749712175
6972.499999999999 0.750001747
6974.999999999999 0.750291287
6977.499999999999 0.750580794
6979.999999999999 0.750870268
6982.499999999999 0.751068292
6984.999999999999 0.751266139
6987.499999999999 0.75146381
6989.999999999999 0.751661305
6992.499999999999 0.751951701
6994.999999999999 0.752242047
6997.499999999999 0.752532344
6999.999999999999 0.75282259
7002.499999999999 0.75309335
7004.999999999999 0.753364033
7007.499999999999 0.75363464
7009.999999999999 0.75390517
7012.499999999999 0.754399379
7014.999999999999 0.754893743
7017.499999999999 0.755388261
7019.999999999999 0.755882933
7022.499999999999 0.756264998
7024.999999999999 0.75664703
7027.499999999999 0.75702903
7029.999999999999 0.757410998
7032.499999999999 0.757473161
7034.999999999999 0.757535161
7037.499999999999 0.757596996
7039.999999999999 0.757658666
7042.499999999999 0.757863843
7044.999999999999 0.758068957
7047.499999999999 0.75827401
7049.999999999999 0.758479001
7052.499999999999 0.758644586
7054.999999999999 0.75881011
7057.499999999999 0.758975572
7059.999999999999 0.759140971
7062.499999999999 0.759469261
7064.999999999999 0.759797598
7067.499999999999 0.760125981
7069.999999999999 0.760454411
7072.499999999999 0.760699778
7074.999999999999 0.760945175
7077.499999999999 0.761190601
7079.999999999999 0.761436056
7082.499999999999 0.761579611
7084.999999999999 0.761723165
7087.499999999999 0.76186672
7089.999999999999 0.762010275
7092.499999999999 0.762108552
7094.999999999999 0.76220678
7097.499999999999 0.762304961
7099.999999999999 0.762403093
7102.499999999999 0.762481509
7104.999999999999 0.762559901
7107.499999999999 0.762638268
7109.999999999999 0.762716609
7112.499999999999 0.762769123
7114.999999999999 0.762821625
7117.499999999999 0.762874114
7119.999999999999 0.762926591
7122.499999999999 0.762960941
7124.999999999999 0.762995285
7127.499999999999 0.763029624
7129.999999999999 0.763063958
7132.499999999999 0.76304278
7134.999999999999 0.763021589
7137.499999999999 0.763000383
7139.999999999999 0.762979164
7142.499999999999 0.763098719
7144.999999999999 0.763218283
7147.499999999999 0.763337856
7149.999999999999 0.763457438
7152.499999999999 0.763505558
7154.999999999999 0.763553651
7157.499999999999 0.763601715
7159.999999999999 0.763649752
7162.499999999999 0.763632531
7164.999999999999 0.763615294
7167.499999999999 0.763598041
7169.999999999999 0.763580772
7172.499999999999 0.76369921
7174.999999999999 0.763817657
7177.499999999999 0.763936113
7179.999999999999 0.764054578
7182.499999999999 0.764019422
7184.999999999999 0.763984266
7187.499999999999 0.76394911
7189.999999999999 0.763913954
7192.499999999999 0.763732794
7194.999999999999 0.763551562
7197.499999999999 0.763370259
7199.999999999999 0.763188884
7202.499999999999 0.76346331
7204.999999999999 0.763737786
7207.499999999999 0.764012311
7209.999999999999 0.764286885
7212.499999999999 0.76433764
7214.999999999999 0.764388392
7217.499999999999 0.76443914
7219.999999999999 0.764489884
7222.499999999999 0.764659048
7224.999999999999 0.764828218
7227.499999999999 0.764997394
7229.999999999999 0.765166577
7232.499999999999 0.764920235
7234.999999999999 0.764673874
7237.499999999999 0.764427495
7239.999999999999 0.764181097
7242.499999999999 0.764383184
7244.999999999999 0.764585296
7247.499999999999 0.764787432
7249.999999999999 0.764989592
7252.499999999999 0.764831564
7254.999999999999 0.76467342
7257.499999999999 0.764515163
7259.999999999999 0.764356791
7262.499999999999 0.764512446
7264.999999999999 0.764668114
7267.499999999999 0.764823795
7269.999999999999 0.764979489
7272.499999999999 0.765250886
7274.999999999999 0.76552233
7277.499999999999 0.765793821
7279.999999999999 0.76606536
7282.499999999999 0.766052171
7284.999999999999 0.766038978
7287.499999999999 0.766025779
7289.999999999999 0.766012574
7292.499999999999 0.766139881
7294.999999999999 0.766267197
7297.499999999999 0.766394519
7299.999999999999 0.76652185
7302.499999999999 0.76641551
7304.999999999999 0.766309105
7307.499999999999 0.766202637
7309.999999999999 0.766096105
7312.499999999999 0.766148029
7314.999999999999 0.766199948
