speclite/data/filters/gaiadr2-BP.ecsv
# %ECSV 0.9
# ---
# datatype:
# - {name: wavelength, unit: Angstrom, datatype: float64}
# - {name: response, datatype: float64}
# meta: !!omap
# - {url: 'https://www.cosmos.esa.int/web/gaia/iow_20180316'}
# - {group_name: gaiadr2}
# - {band_name: BP}
# - {description: Bandpass for Gaia BP band for DR2 release}
# - {airmass: 0}
# schema: astropy-2.0
wavelength response
[from data line 2193]
8482.499999999998 99.99
8484.999999999998 99.99
8487.499999999998 99.99
8489.999999999998 99.99
8492.499999999998 99.99
8494.999999999998 99.99
8497.499999999998 99.99
8499.999999999998 99.99
8502.499999999998 99.99
8504.999999999998 99.99
8507.499999999998 99.99
8509.999999999998 99.99
8512.499999999998 99.99
8514.999999999998 99.99
8517.499999999998 99.99
8519.999999999998 99.99
8522.499999999998 99.99
8524.999999999998 99.99
8527.499999999998 99.99
8529.999999999998 99.99
8532.499999999998 99.99
8534.999999999998 99.99
8537.499999999998 99.99
8539.999999999998 99.99
8542.499999999998 99.99
8544.999999999998 99.99
8547.499999999998 99.99
8549.999999999998 99.99
8552.499999999998 99.99
8554.999999999998 99.99
8557.499999999998 99.99
8559.999999999998 99.99
8562.499999999998 99.99
8564.999999999998 99.99
8567.499999999998 99.99
8569.999999999998 99.99
8572.499999999998 99.99
8574.999999999998 99.99
8577.499999999998 99.99
8579.999999999998 99.99
8582.499999999998 99.99
8584.999999999998 99.99
8587.499999999998 99.99
8589.999999999998 99.99
8592.499999999998 99.99
8594.999999999998 99.99
8597.499999999998 99.99
8599.999999999998 99.99
8602.499999999998 99.99
8604.999999999998 99.99
8607.499999999998 99.99
8609.999999999998 99.99
8612.499999999998 99.99
8614.999999999998 99.99
8617.499999999998 99.99
8619.999999999998 99.99
8622.499999999998 99.99
8624.999999999998 99.99
8627.499999999998 99.99
8629.999999999998 99.99
8632.499999999998 99.99
8634.999999999998 99.99
8637.499999999998 99.99
8639.999999999998 99.99
8642.499999999998 99.99
8644.999999999998 99.99
8647.499999999998 99.99
8649.999999999998 99.99
8652.499999999998 99.99
8654.999999999998 99.99
8657.499999999998 99.99
8659.999999999998 99.99
8662.499999999998 99.99
8664.999999999998 99.99
8667.499999999998 99.99
8669.999999999998 99.99
8672.499999999998 99.99
8674.999999999998 99.99
8677.499999999998 99.99
8679.999999999998 99.99
8682.499999999998 99.99
8684.999999999998 99.99
8687.499999999998 99.99
8689.999999999998 99.99
8692.499999999998 99.99
8694.999999999998 99.99
8697.499999999998 99.99
8699.999999999998 99.99
8702.499999999998 99.99
8704.999999999998 99.99
8707.499999999998 99.99
8709.999999999998 99.99
8712.499999999998 99.99
8714.999999999998 99.99
8717.499999999998 99.99
8719.999999999998 99.99
8722.499999999998 99.99
8724.999999999998 99.99
8727.499999999998 99.99
8729.999999999998 99.99
8732.499999999998 99.99
8734.999999999998 99.99
8737.499999999998 99.99
8739.999999999998 99.99
8742.499999999998 99.99
8744.999999999998 99.99
8747.499999999998 99.99
8749.999999999998 99.99
8752.499999999998 99.99
8754.999999999998 99.99
8757.499999999998 99.99
8759.999999999998 99.99
8762.499999999998 99.99
8764.999999999998 99.99
8767.499999999998 99.99
8769.999999999998 99.99
8772.499999999998 99.99
8774.999999999998 99.99
8777.499999999998 99.99
8779.999999999998 99.99
8782.499999999998 99.99
8784.999999999998 99.99
8787.499999999998 99.99
8789.999999999998 99.99
8792.499999999998 99.99
8794.999999999998 99.99
8797.499999999998 99.99
8799.999999999998 99.99
8802.499999999998 99.99
8804.999999999998 99.99
8807.499999999998 99.99
8809.999999999998 99.99
8812.499999999998 99.99
8814.999999999998 99.99
8817.499999999998 99.99
8819.999999999998 99.99
8822.499999999998 99.99
8824.999999999998 99.99
8827.499999999998 99.99
8829.999999999998 99.99
8832.499999999998 99.99
8834.999999999998 99.99
8837.499999999998 99.99
8839.999999999998 99.99
8842.499999999998 99.99
8844.999999999998 99.99
8847.499999999998 99.99
8849.999999999998 99.99
8852.499999999998 99.99
8854.999999999998 99.99
8857.499999999998 99.99
8859.999999999998 99.99
8862.499999999998 99.99
8864.999999999998 99.99
8867.499999999998 99.99
8869.999999999998 99.99
8872.499999999998 99.99
8874.999999999998 99.99
8877.499999999998 99.99
8879.999999999998 99.99
8882.499999999998 99.99
8884.999999999998 99.99
8887.499999999998 99.99
8889.999999999998 99.99
8892.499999999998 99.99
8894.999999999998 99.99
8897.499999999998 99.99
8899.999999999998 99.99
8902.499999999998 99.99
8904.999999999998 99.99
8907.499999999998 99.99
8909.999999999998 99.99
8912.499999999998 99.99
8914.999999999998 99.99
8917.499999999998 99.99
8919.999999999998 99.99
8922.499999999998 99.99
8924.999999999998 99.99
8927.499999999998 99.99
8929.999999999998 99.99
8932.499999999998 99.99
8934.999999999998 99.99
8937.499999999998 99.99
8939.999999999998 99.99
8942.499999999998 99.99
8944.999999999998 99.99
8947.499999999998 99.99
8949.999999999998 99.99
8952.499999999998 99.99
8954.999999999998 99.99
8957.499999999998 99.99
8959.999999999998 99.99
8962.499999999998 99.99
8964.999999999998 99.99
8967.499999999998 99.99
8969.999999999998 99.99
8972.499999999998 99.99
8974.999999999998 99.99
8977.499999999998 99.99
8979.999999999998 99.99
8982.499999999998 99.99
8984.999999999998 99.99
8987.499999999998 99.99
8989.999999999998 99.99
8992.499999999998 99.99
8994.999999999998 99.99
8997.499999999998 99.99
8999.999999999998 99.99
9002.499999999998 99.99
9004.999999999998 99.99
9007.499999999998 99.99
9009.999999999998 99.99
9012.499999999998 99.99
9014.999999999998 99.99
9017.499999999998 99.99
9019.999999999998 99.99
9022.499999999998 99.99
9024.999999999998 99.99
9027.499999999998 99.99
9029.999999999998 99.99
9032.499999999998 99.99
9034.999999999998 99.99
9037.499999999998 99.99
9039.999999999998 99.99
9042.499999999998 99.99
9044.999999999998 99.99
9047.499999999998 99.99
9049.999999999998 99.99
9052.499999999998 99.99
9054.999999999998 99.99
9057.499999999998 99.99
9059.999999999998 99.99
9062.499999999998 99.99
9064.999999999998 99.99
9067.499999999998 99.99
9069.999999999998 99.99
9072.499999999998 99.99
9074.999999999998 99.99
9077.499999999998 99.99
9079.999999999998 99.99
9082.499999999998 99.99
9084.999999999998 99.99
9087.499999999998 99.99
9089.999999999998 99.99
9092.499999999998 99.99
9094.999999999998 99.99
9097.499999999998 99.99
9099.999999999998 99.99
9102.499999999998 99.99
9104.999999999998 99.99
9107.499999999998 99.99
9109.999999999998 99.99
9112.499999999998 99.99
9114.999999999998 99.99
9117.499999999998 99.99
9119.999999999998 99.99
9122.499999999998 99.99
9124.999999999998 99.99
9127.499999999998 99.99
9129.999999999998 99.99
9132.499999999998 99.99
9134.999999999998 99.99
9137.499999999998 99.99
9139.999999999998 99.99
9142.499999999998 99.99
9144.999999999998 99.99
9147.499999999998 99.99
9149.999999999998 99.99
9152.499999999998 99.99
9154.999999999998 99.99
9157.499999999998 99.99
9159.999999999998 99.99
9162.499999999998 99.99
9164.999999999998 99.99
9167.499999999998 99.99
9169.999999999998 99.99
9172.499999999998 99.99
9174.999999999998 99.99
9177.499999999998 99.99
9179.999999999998 99.99
9182.499999999998 99.99
9184.999999999998 99.99
9187.499999999998 99.99
9189.999999999998 99.99
9192.499999999998 99.99
9194.999999999998 99.99
9197.499999999998 99.99
9199.999999999998 99.99
9202.499999999998 99.99
9204.999999999998 99.99
9207.499999999998 99.99
9209.999999999998 99.99
9212.499999999998 99.99
9214.999999999998 99.99
9217.499999999998 99.99
9219.999999999998 99.99
9222.499999999998 99.99
9224.999999999998 99.99
9227.499999999998 99.99
9229.999999999998 99.99
9232.499999999998 99.99
9234.999999999998 99.99
9237.499999999998 99.99
9239.999999999998 99.99
9242.499999999998 99.99
9244.999999999998 99.99
9247.499999999998 99.99
9249.999999999998 99.99
9252.499999999998 99.99
9254.999999999998 99.99
9257.499999999998 99.99
9259.999999999998 99.99
9262.499999999998 99.99
9264.999999999998 99.99
9267.499999999998 99.99
9269.999999999998 99.99
9272.499999999998 99.99
9274.999999999998 99.99
9277.499999999998 99.99
9279.999999999998 99.99
9282.499999999998 99.99
9284.999999999998 99.99
9287.499999999998 99.99
9289.999999999998 99.99
9292.499999999998 99.99
9294.999999999998 99.99
9297.499999999998 99.99
9299.999999999998 99.99
9302.499999999998 99.99
9304.999999999998 99.99
9307.499999999998 99.99
9309.999999999998 99.99
9312.499999999998 99.99
9314.999999999998 99.99
9317.499999999998 99.99
9319.999999999998 99.99
9322.499999999998 99.99
9324.999999999998 99.99
9327.499999999998 99.99
9329.999999999998 99.99
9332.499999999998 99.99
9334.999999999998 99.99
9337.499999999998 99.99
9339.999999999998 99.99
9342.499999999998 99.99
9344.999999999998 99.99
9347.499999999998 99.99
9349.999999999998 99.99
9352.499999999998 99.99
9354.999999999998 99.99
9357.499999999998 99.99
9359.999999999998 99.99
9362.499999999998 99.99
9364.999999999998 99.99
9367.499999999998 99.99
9369.999999999998 99.99
9372.499999999998 99.99
9374.999999999998 99.99
9377.499999999998 99.99
9379.999999999998 99.99
9382.499999999998 99.99
9384.999999999998 99.99
9387.499999999998 99.99
9389.999999999998 99.99
9392.499999999998 99.99
9394.999999999998 99.99
9397.499999999998 99.99
9399.999999999998 99.99
9402.499999999998 99.99
9404.999999999998 99.99
9407.499999999998 99.99
9409.999999999998 99.99
9412.499999999998 99.99
9414.999999999998 99.99
9417.499999999998 99.99
9419.999999999998 99.99
9422.499999999998 99.99
9424.999999999998 99.99
9427.499999999998 99.99
9429.999999999998 99.99
9432.499999999998 99.99
9434.999999999998 99.99
9437.499999999998 99.99
9439.999999999998 99.99
9442.499999999998 99.99
9444.999999999998 99.99
9447.499999999998 99.99
9449.999999999998 99.99
9452.499999999998 99.99
9454.999999999998 99.99
9457.499999999998 99.99
9459.999999999998 99.99
9462.499999999998 99.99
9464.999999999998 99.99
9467.499999999998 99.99
9469.999999999998 99.99
9472.499999999998 99.99
9474.999999999998 99.99
9477.499999999998 99.99
9479.999999999998 99.99
9482.499999999998 99.99
9484.999999999998 99.99
9487.499999999998 99.99
9489.999999999998 99.99
9492.499999999998 99.99
9494.999999999998 99.99
9497.499999999998 99.99
9499.999999999998 99.99
9502.499999999998 99.99
9504.999999999998 99.99
9507.499999999998 99.99
9509.999999999998 99.99
9512.499999999998 99.99
9514.999999999998 99.99
9517.499999999998 99.99
9519.999999999998 99.99
9522.499999999998 99.99
9524.999999999998 99.99
9527.499999999998 99.99
9529.999999999998 99.99
9532.499999999998 99.99
9534.999999999998 99.99
9537.499999999998 99.99
9539.999999999998 99.99
9542.499999999998 99.99
9544.999999999998 99.99
9547.499999999998 99.99
9549.999999999998 99.99
9552.499999999998 99.99
9554.999999999998 99.99
9557.499999999998 99.99
9559.999999999998 99.99
9562.499999999998 99.99
9564.999999999998 99.99
9567.499999999998 99.99
9569.999999999998 99.99
9572.499999999998 99.99
9574.999999999998 99.99
9577.499999999998 99.99
9579.999999999998 99.99
9582.499999999998 99.99
9584.999999999998 99.99
9587.499999999998 99.99
9589.999999999998 99.99
9592.499999999998 99.99
9594.999999999998 99.99
9597.499999999998 99.99
9599.999999999998 99.99
9602.499999999998 99.99
9604.999999999998 99.99
9607.499999999998 99.99
9609.999999999998 99.99
9612.499999999998 99.99
9614.999999999998 99.99
9617.499999999998 99.99
9619.999999999998 99.99
9622.499999999998 99.99
9624.999999999998 99.99
9627.499999999998 99.99
9629.999999999998 99.99
9632.499999999998 99.99
9634.999999999998 99.99
9637.499999999998 99.99
9639.999999999998 99.99
9642.499999999998 99.99
9644.999999999998 99.99
9647.499999999998 99.99
9649.999999999998 99.99
9652.499999999998 99.99
9654.999999999998 99.99
9657.499999999998 99.99
9659.999999999998 99.99
9662.499999999998 99.99
9664.999999999998 99.99
9667.499999999998 99.99
9669.999999999998 99.99
9672.499999999998 99.99
9674.999999999998 99.99
9677.499999999998 99.99
9679.999999999998 99.99
9682.499999999998 99.99
9684.999999999998 99.99
9687.499999999998 99.99
9689.999999999998 99.99
9692.499999999998 99.99
9694.999999999998 99.99
9697.499999999998 99.99
9699.999999999998 99.99
9702.499999999998 99.99
9704.999999999998 99.99
9707.499999999998 99.99
9709.999999999998 99.99
9712.499999999998 99.99
9714.999999999998 99.99
9717.499999999998 99.99
9719.999999999998 99.99
9722.499999999998 99.99
9724.999999999998 99.99
9727.499999999998 99.99
9729.999999999998 99.99
9732.499999999998 99.99
9734.999999999998 99.99
9737.499999999998 99.99
9739.999999999998 99.99
9742.499999999998 99.99
9744.999999999998 99.99
9747.499999999998 99.99
9749.999999999998 99.99
9752.499999999998 99.99
9754.999999999998 99.99
9757.499999999998 99.99
9759.999999999998 99.99
9762.499999999998 99.99
9764.999999999998 99.99
9767.499999999998 99.99
9769.999999999998 99.99
9772.499999999998 99.99
9774.999999999998 99.99
9777.499999999998 99.99
9779.999999999998 99.99
9782.499999999998 99.99
9784.999999999998 99.99
9787.499999999998 99.99
9789.999999999998 99.99
9792.499999999998 99.99
9794.999999999998 99.99
9797.499999999998 99.99
9799.999999999998 99.99
9802.499999999998 99.99
9804.999999999998 99.99
9807.499999999998 99.99
9809.999999999998 99.99
9812.499999999998 99.99
9814.999999999998 99.99
9817.499999999998 99.99
9819.999999999998 99.99
9822.499999999998 99.99
9824.999999999998 99.99
9827.499999999998 99.99
9829.999999999998 99.99
9832.499999999998 99.99
9834.999999999998 99.99
9837.499999999998 99.99
9839.999999999998 99.99
9842.499999999998 99.99
9844.999999999998 99.99
9847.499999999998 99.99
9849.999999999998 99.99
9852.499999999998 99.99
9854.999999999998 99.99
9857.499999999998 99.99
9859.999999999998 99.99
9862.499999999998 99.99
9864.999999999998 99.99
9867.499999999998 99.99
9869.999999999998 99.99
9872.499999999998 99.99
9874.999999999998 99.99
9877.499999999998 99.99
9879.999999999998 99.99
9882.499999999998 99.99
9884.999999999998 99.99
9887.499999999998 99.99
9889.999999999998 99.99
9892.499999999998 99.99
9894.999999999998 99.99
9897.499999999998 99.99
9899.999999999998 99.99
9902.499999999998 99.99
9904.999999999998 99.99
9907.499999999998 99.99
9909.999999999998 99.99
9912.499999999998 99.99
9914.999999999998 99.99
9917.499999999998 99.99
9919.999999999998 99.99
9922.499999999998 99.99
9924.999999999998 99.99
9927.499999999998 99.99
9929.999999999998 99.99
9932.499999999998 99.99
9934.999999999998 99.99
9937.499999999998 99.99
9939.999999999998 99.99
9942.499999999998 99.99
9944.999999999998 99.99
9947.499999999998 99.99
9949.999999999998 99.99
9952.499999999998 99.99
9954.999999999998 99.99
9957.499999999998 99.99
9959.999999999998 99.99
9962.499999999998 99.99
9964.999999999998 99.99
9967.499999999998 99.99
9969.999999999998 99.99
9972.499999999998 99.99
9974.999999999998 99.99
9977.499999999998 99.99
9979.999999999998 99.99
9982.499999999998 99.99
9984.999999999998 99.99
9987.499999999998 99.99
9989.999999999998 99.99
9992.499999999998 99.99
9994.999999999998 99.99
9997.499999999998 99.99
9999.999999999998 99.99
10002.499999999998 99.99
10004.999999999998 99.99
10007.499999999998 99.99
10009.999999999998 99.99
10012.499999999998 99.99
10014.999999999998 99.99
10017.499999999998 99.99
10019.999999999998 99.99
10022.499999999998 99.99
10024.999999999998 99.99
10027.499999999998 99.99
10029.999999999998 99.99
10032.499999999998 99.99
10034.999999999998 99.99
10037.499999999998 99.99
10039.999999999998 99.99
10042.499999999998 99.99
10044.999999999998 99.99
10047.499999999998 99.99
10049.999999999998 99.99
10052.499999999998 99.99
10054.999999999998 99.99
10057.499999999998 99.99
10059.999999999998 99.99
10062.499999999998 99.99
10064.999999999998 99.99
10067.499999999998 99.99
10069.999999999998 99.99
10072.499999999998 99.99
10074.999999999998 99.99
10077.499999999998 99.99
10079.999999999998 99.99
10082.499999999998 99.99
10084.999999999998 99.99
10087.499999999998 99.99
10089.999999999998 99.99
10092.499999999998 99.99
10094.999999999998 99.99
10097.499999999998 99.99
10099.999999999998 99.99
10102.499999999998 99.99
10104.999999999998 99.99
10107.499999999998 99.99
10109.999999999998 99.99
10112.499999999998 99.99
10114.999999999998 99.99
10117.499999999998 99.99
10119.999999999998 99.99
10122.499999999998 99.99
10124.999999999998 99.99
10127.499999999998 99.99
10129.999999999998 99.99
10132.499999999998 99.99
10134.999999999998 99.99
10137.499999999998 99.99
10139.999999999998 99.99
