speclite/data/filters/gaiadr2maw-BP.ecsv
# %ECSV 0.9
# ---
# datatype:
# - {name: wavelength, unit: Angstrom, datatype: float64}
# - {name: response, datatype: float64}
# meta: !!omap
# - {url: 'https://ui.adsabs.harvard.edu/abs/2018A%26A...619A.180M/abstract'}
# - {group_name: gaiadr2maw}
# - {band_name: BP}
# - {description: Bandpass for Gaia BP band for DR2 release from  from Maiz Appelaniz Weiler}
# - {airmass: 0}
# schema: astropy-2.0
wavelength response
3202.5 0.0
3205.0 1.0000000000003062e-05
3207.5 0.0
3210.0 0.0
3212.5 0.0
3215.0 0.0
3217.5 0.0
3220.0 0.0
3222.5 0.0
3225.0 0.0
3227.5 0.0
3230.0 0.0
3232.5 0.0
3235.0 0.0
3237.5 9.999999999996123e-06
3240.0 9.999999999999593e-06
3242.5 1.9999999999999185e-05
3245.0 5.999999999999929e-05
3247.5 9.99999999999994e-05
3250.0 0.00017
3252.5 0.0002500000000000002
3255.0 0.00032000000000000084
3257.5 0.00040000000000000105
3260.0 0.0005399999999999988
3262.5 0.000789999999999999
3265.0 0.0011700000000000044
3267.5 0.001680000000000001
3270.0 0.0022799999999999973
3272.5 0.0028499999999999984
3275.0 0.003369999999999998
3277.5 0.003939999999999999
3280.0 0.004850000000000007
3282.5 0.006309999999999996
3285.0 0.008390000000000002
3287.5 0.011019999999999995
3290.0 0.013919999999999995
3292.5 0.01679
3295.0 0.019629999999999995
3297.5 0.022559999999999997
3300.0 0.025679999999999994
3302.5 0.029079999999999995
3305.0 0.032799999999999996
3307.5 0.0368
3310.0 0.04141
3312.5 0.04708999999999999
3315.0 0.05365
3317.5 0.06071
3320.0 0.06795
3322.5 0.07511
3325.0 0.08203999999999999
3327.5 0.08878
3330.0 0.09547
3332.5 0.10222999999999999
3335.0 0.10886000000000001
3337.5 0.11538999999999999
3340.0 0.12225
3342.5 0.1296
3345.0 0.13738
3347.5 0.14522000000000002
3350.0 0.15292
3352.5 0.16044
3355.0 0.16777
3357.5 0.17489000000000002
3360.0 0.18177000000000001
3362.5 0.18849
3365.0 0.19515
3367.5 0.20183
3370.0 0.20901
3372.5 0.2172
3375.0 0.226
3377.5 0.235
3380.0 0.24403999999999998
3382.5 0.25297000000000003
3385.0 0.26162
3387.5 0.26996
3390.0 0.278
3392.5 0.28578000000000003
3395.0 0.29308
3397.5 0.29984
3400.0 0.30624
3402.5 0.31224
3405.0 0.31784
3407.5 0.32328
3410.0 0.32759
3412.5 0.33025000000000004
3415.0 0.33594
3417.5 0.34608
3420.0 0.3563
3422.5 0.36427000000000004
3425.0 0.36985999999999997
3427.5 0.37534
3430.0 0.38137
3432.5 0.38723
3435.0 0.39288
3437.5 0.39842
3440.0 0.40388999999999997
3442.5 0.4093
3445.0 0.41464999999999996
3447.5 0.41981
3450.0 0.42476
3452.5 0.42955
3455.0 0.43413999999999997
3457.5 0.43852
3460.0 0.44278
3462.5 0.44696
3465.0 0.45104
3467.5 0.45493
3470.0 0.45867
3472.5 0.46232999999999996
3475.0 0.46586
3477.5 0.4692
3480.0 0.47243
3482.5 0.47554
3485.0 0.47853
3487.5 0.48137
3490.0 0.48409
3492.5 0.48675
3495.0 0.48928
3497.5 0.49167000000000005
3500.0 0.49393
3502.5 0.49609
3505.0 0.49813
3507.5 0.5000100000000001
3510.0 0.5017400000000001
3512.5 0.50337
3515.0 0.50488
3517.5 0.50624
3520.0 0.50746
3522.5 0.50858
3525.0 0.50962
3527.5 0.51054
3530.0 0.51143
3532.5 0.51237
3535.0 0.51328
3537.5 0.51407
3540.0 0.51475
3542.5 0.51528
3545.0 0.51568
3547.5 0.51594
3550.0 0.51614
3552.5 0.5163
3555.0 0.5164
3557.5 0.51637
3560.0 0.51622
3562.5 0.51593
3565.0 0.51554
3567.5 0.51506
3570.0 0.51459
3572.5 0.51421
3575.0 0.51385
3577.5 0.5134
3580.0 0.51282
3582.5 0.51207
3585.0 0.5112
3587.5 0.51023
3590.0 0.50924
3592.5 0.50828
3595.0 0.5072599999999999
3597.5 0.50623
3600.0 0.50539
3602.5 0.5048699999999999
3605.0 0.5045
3607.5 0.50369
3610.0 0.50388
3612.5 0.50691
3615.0 0.50979
3617.5 0.5106
3620.0 0.5102
3622.5 0.50917
3625.0 0.5078
3627.5 0.50615
3630.0 0.5043500000000001
3632.5 0.50258
3635.0 0.50087
3637.5 0.49940999999999997
3640.0 0.49855
3642.5 0.4984
3645.0 0.49879
3647.5 0.49932
3650.0 0.49957999999999997
3652.5 0.49923
3655.0 0.49855
3657.5 0.49773000000000006
3660.0 0.49661999999999995
3662.5 0.49527000000000004
3665.0 0.49388
3667.5 0.49268
3670.0 0.49209
3672.5 0.49248
3675.0 0.49339
3677.5 0.49439
3680.0 0.49537000000000003
3682.5 0.49611
3685.0 0.49638
3687.5 0.49600999999999995
3690.0 0.49466000000000004
3692.5 0.49200999999999995
3695.0 0.48845
3697.5 0.48435000000000006
3700.0 0.47990000000000005
3702.5 0.47534
3705.0 0.47096
3707.5 0.46696999999999994
3710.0 0.46366999999999997
3712.5 0.46129000000000003
3715.0 0.45977000000000007
3717.5 0.45904
3720.0 0.45911
3722.5 0.45986
3725.0 0.46108999999999994
3727.5 0.46259000000000006
3730.0 0.46402999999999994
3732.5 0.46507
3735.0 0.46573
3737.5 0.46607999999999994
3740.0 0.46611
3742.5 0.46575
3745.0 0.46495000000000003
3747.5 0.46353
3750.0 0.46155
3752.5 0.45916
3755.0 0.45624999999999993
3757.5 0.45267
3760.0 0.44821999999999995
3762.5 0.44295999999999996
3765.0 0.43723999999999996
3767.5 0.43161
3770.0 0.42646999999999996
3772.5 0.42203
3775.0 0.41844
3777.5 0.41591
3780.0 0.41459
3782.5 0.41454
3785.0 0.41564999999999996
3787.5 0.41766
3790.0 0.42039
3792.5 0.42366999999999994
3795.0 0.42723
3797.5 0.43059000000000003
3800.0 0.43313
3802.5 0.43455999999999995
3805.0 0.43485999999999997
3807.5 0.43444999999999995
3810.0 0.43338999999999994
3812.5 0.43159
3815.0 0.42942
3817.5 0.42732000000000003
3820.0 0.42565000000000003
3822.5 0.4247099999999999
3825.0 0.42466000000000004
3827.5 0.42551999999999995
3830.0 0.42734999999999995
3832.5 0.43021000000000004
3835.0 0.43401999999999996
3837.5 0.43854000000000004
3840.0 0.44357
3842.5 0.44883000000000006
3845.0 0.45414999999999994
3847.5 0.45943000000000006
3850.0 0.46428
3852.5 0.46823000000000004
3855.0 0.47162
3857.5 0.47479
3860.0 0.47794000000000003
3862.5 0.48119
3865.0 0.48464
3867.5 0.48817
3870.0 0.49183
3872.5 0.49565
3875.0 0.49968
3877.5 0.5039
3880.0 0.5083500000000001
3882.5 0.51298
3885.0 0.51781
3887.5 0.5228
3890.0 0.52783
3892.5 0.53273
3895.0 0.53767
3897.5 0.5428299999999999
3900.0 0.54826
3902.5 0.554
3905.0 0.56006
3907.5 0.56639
3910.0 0.5730500000000001
3912.5 0.58013
3915.0 0.58738
3917.5 0.59456
3920.0 0.60147
3922.5 0.60796
3925.0 0.61395
3927.5 0.6194
3930.0 0.6243000000000001
3932.5 0.62863
3935.0 0.63244
3937.5 0.63583
3940.0 0.6388400000000001
3942.5 0.64166
3945.0 0.64446
3947.5 0.64746
3950.0 0.65089
3952.5 0.65499
3955.0 0.65972
3957.5 0.6651
3960.0 0.67123
3962.5 0.67805
3965.0 0.68545
3967.5 0.69318
3970.0 0.70108
3972.5 0.7090500000000001
3975.0 0.71683
3977.5 0.72414
3980.0 0.73082
3982.5 0.73672
3985.0 0.74166
3987.5 0.74559
3990.0 0.7484500000000001
3992.5 0.75028
3995.0 0.75122
3997.5 0.75148
4000.0 0.75128
4002.5 0.7509399999999999
4005.0 0.75074
4007.5 0.75095
4010.0 0.75188
4012.5 0.7538100000000001
4015.0 0.75677
4017.5 0.7608100000000001
4020.0 0.7658999999999999
4022.5 0.772
4025.0 0.7790100000000001
4027.5 0.7867500000000001
4030.0 0.7951100000000001
4032.5 0.8039000000000001
4035.0 0.81281
4037.5 0.82153
4040.0 0.8297800000000001
4042.5 0.83729
4045.0 0.84384
4047.5 0.84931
4050.0 0.85355
4052.5 0.85645
4055.0 0.85819
4057.5 0.85907
4060.0 0.85949
4062.5 0.85976
4065.0 0.86009
4067.5 0.8605400000000001
4070.0 0.86134
4072.5 0.8628600000000001
4075.0 0.86495
4077.5 0.86755
4080.0 0.87079
4082.5 0.87462
4085.0 0.87882
4087.5 0.88309
4090.0 0.88697
4092.5 0.89007
4095.0 0.8926
4097.5 0.8948699999999999
4100.0 0.8970199999999999
4102.5 0.8991300000000001
4105.0 0.90121
4107.5 0.9031699999999999
4110.0 0.90487
4112.5 0.9062600000000001
4115.0 0.90752
4117.5 0.9089499999999999
4120.0 0.91088
4122.5 0.91344
4125.0 0.91652
4127.5 0.91978
4130.0 0.92305
4132.5 0.92629
4135.0 0.92935
4137.5 0.9320999999999999
4140.0 0.93435
4142.5 0.93601
4145.0 0.9371
4147.5 0.93774
4150.0 0.93794
4152.5 0.93775
4155.0 0.93735
4157.5 0.9369700000000001
4160.0 0.93676
4162.5 0.93691
4165.0 0.93756
4167.5 0.9387800000000001
4170.0 0.94077
4172.5 0.9437399999999999
4175.0 0.94736
4177.5 0.95133
4180.0 0.95554
4182.5 0.95974
4185.0 0.96367
4187.5 0.96703
4190.0 0.9695699999999999
4192.5 0.97106
4195.0 0.97154
4197.5 0.9710700000000001
4200.0 0.9697
4202.5 0.96755
4205.0 0.9648
4207.5 0.96168
4210.0 0.95841
4212.5 0.95521
4215.0 0.9522400000000001
4217.5 0.94979
4220.0 0.94826
4222.5 0.9478
4225.0 0.94831
4227.5 0.94949
4230.0 0.9509099999999999
4232.5 0.9523199999999999
4235.0 0.95378
4237.5 0.9554
4240.0 0.95708
4242.5 0.9587600000000001
4245.0 0.9602900000000001
4247.5 0.96156
4250.0 0.9623200000000001
4252.5 0.96236
4255.0 0.96194
4257.5 0.96134
4260.0 0.9607
4262.5 0.96018
4265.0 0.9599300000000001
4267.5 0.96
4270.0 0.9605400000000001
4272.5 0.96165
4275.0 0.9632799999999999
4277.5 0.96538
4280.0 0.9679
4282.5 0.97075
4285.0 0.97381
4287.5 0.9769100000000001
4290.0 0.98001
4292.5 0.98307
4295.0 0.9858600000000001
4297.5 0.9880599999999999
4300.0 0.98939
4302.5 0.98975
4305.0 0.9892
4307.5 0.98798
4310.0 0.98629
4312.5 0.9843000000000001
4315.0 0.98211
4317.5 0.9799100000000001
4320.0 0.9779599999999999
4322.5 0.97645
4325.0 0.9754599999999999
4327.5 0.9750000000000001
4330.0 0.97505
4332.5 0.9756000000000001
4335.0 0.97666
4337.5 0.97822
4340.0 0.9802699999999999
4342.5 0.9827
4345.0 0.9853399999999999
4347.5 0.98799
4350.0 0.99042
4352.5 0.99244
4355.0 0.9940599999999999
4357.5 0.9951800000000001
4360.0 0.99567
4362.5 0.99549
4365.0 0.99478
4367.5 0.99373
4370.0 0.9926200000000001
4372.5 0.99162
4375.0 0.99075
4377.5 0.99001
4380.0 0.98946
4382.5 0.98916
4385.0 0.98918
4387.5 0.98956
4390.0 0.9904700000000001
4392.5 0.99208
4395.0 0.99409
4397.5 0.9961
4400.0 0.99783
4402.5 0.99907
4405.0 0.9997600000000001
4407.5 1.0
4410.0 0.9999
4412.5 0.99953
4415.0 0.9988
4417.5 0.99758
4420.0 0.99583
4422.5 0.99361
4425.0 0.99104
4427.5 0.9883700000000001
4430.0 0.98573
4432.5 0.9832
4435.0 0.98097
4437.5 0.9792299999999999
4440.0 0.9782000000000001
4442.5 0.9779500000000001
4445.0 0.97848
4447.5 0.97956
4450.0 0.98106
4452.5 0.9828800000000001
4455.0 0.9848899999999999
4457.5 0.9869100000000001
4460.0 0.98872
4462.5 0.99014
4465.0 0.99109
4467.5 0.99158
4470.0 0.99168
4472.5 0.9914400000000001
4475.0 0.99074
4477.5 0.98953
4480.0 0.98784
4482.5 0.98572
4485.0 0.98325
4487.5 0.98051
4490.0 0.97755
4492.5 0.97443
4495.0 0.9713299999999999
4497.5 0.96849
4500.0 0.96607
4502.5 0.9642
4505.0 0.96295
4507.5 0.96231
4510.0 0.96226
4512.5 0.96283
4515.0 0.96389
4517.5 0.9653
4520.0 0.96683
4522.5 0.9683
4525.0 0.9696400000000001
4527.5 0.9708399999999999
4530.0 0.97186
4532.5 0.9725900000000001
4535.0 0.9730300000000001
4537.5 0.9732
4540.0 0.9731
4542.5 0.97277
4545.0 0.97225
4547.5 0.97158
4550.0 0.9708899999999999
4552.5 0.9702500000000001
4555.0 0.96965
4557.5 0.9691
4560.0 0.9686600000000001
4562.5 0.96834
4565.0 0.96814
4567.5 0.9680200000000001
4570.0 0.96798
4572.5 0.96804
4575.0 0.9681
4577.5 0.9681
4580.0 0.96808
4582.5 0.96799
4585.0 0.96773
4587.5 0.96713
4590.0 0.9660299999999999
4592.5 0.96432
4595.0 0.9621099999999999
4597.5 0.95963
4600.0 0.9570500000000001
4602.5 0.95449
4605.0 0.95204
4607.5 0.9496300000000001
4610.0 0.9472
4612.5 0.94469
4615.0 0.94233
4617.5 0.9403600000000001
4620.0 0.9389
4622.5 0.93804
4625.0 0.93779
4627.5 0.93807
4630.0 0.93881
4632.5 0.9398500000000001
4635.0 0.94121
4637.5 0.9429
4640.0 0.94481
4642.5 0.9468300000000001
4645.0 0.94887
4647.5 0.9508
4650.0 0.9525
4652.5 0.95387
4655.0 0.95488
4657.5 0.95557
4660.0 0.95594
4662.5 0.95601
4665.0 0.95581
4667.5 0.95542
4670.0 0.9548800000000001
4672.5 0.95426
4675.0 0.9536499999999999
4677.5 0.95312
4680.0 0.9527800000000001
4682.5 0.9527000000000001
4685.0 0.95291
4687.5 0.95343
4690.0 0.95432
4692.5 0.9556100000000001
4695.0 0.95721
4697.5 0.9589799999999999
4700.0 0.9607600000000001
4702.5 0.9624499999999999
4705.0 0.96399
4707.5 0.96539
4710.0 0.96672
4712.5 0.96806
4715.0 0.9692
4717.5 0.96994
4720.0 0.97017
4722.5 0.9698599999999999
4725.0 0.96903
4727.5 0.96775
4730.0 0.9660799999999999
4732.5 0.96411
4735.0 0.96194
4737.5 0.95968
4740.0 0.95752
4742.5 0.95558
4745.0 0.95396
4747.5 0.95271
4750.0 0.9518599999999999
4752.5 0.95145
4755.0 0.95152
4757.5 0.9520200000000001
4760.0 0.9528399999999999
4762.5 0.9539
4765.0 0.95519
4767.5 0.95677
4770.0 0.9586800000000001
4772.5 0.96082
4775.0 0.96315
4777.5 0.9655099999999999
4780.0 0.96775
4782.5 0.9697600000000001
4785.0 0.9715100000000001
4787.5 0.97306
4790.0 0.97447
4792.5 0.9757699999999999
4795.0 0.97688
4797.5 0.9778099999999998
4800.0 0.9786100000000001
4802.5 0.9793300000000001
4805.0 0.97992
4807.5 0.9803700000000001
4810.0 0.9806100000000001
4812.5 0.98064
4815.0 0.98053
4817.5 0.9803700000000001
4820.0 0.9802899999999999
4822.5 0.98035
4825.0 0.9805400000000001
4827.5 0.98078
4830.0 0.9810900000000001
4832.5 0.9815200000000001
4835.0 0.9819700000000001
4837.5 0.9823299999999999
4840.0 0.9825299999999999
4842.5 0.9825200000000001
4845.0 0.98228
4847.5 0.9818500000000001
4850.0 0.9813200000000001
4852.5 0.98076
4855.0 0.9800999999999999
4857.5 0.9792399999999999
4860.0 0.9781400000000001
4862.5 0.9768000000000001
4865.0 0.9752799999999999
4867.5 0.97371
4870.0 0.9721500000000001
4872.5 0.9706699999999999
4875.0 0.9693299999999999
4877.5 0.96815
4880.0 0.96716
4882.5 0.96637
4885.0 0.9658399999999999
4887.5 0.9656800000000001
4890.0 0.96587
4892.5 0.96643
4895.0 0.96732
4897.5 0.9684900000000001
4900.0 0.9699099999999999
4902.5 0.9714900000000001
4905.0 0.9731000000000001
4907.5 0.97465
4910.0 0.97595
4912.5 0.97681
4915.0 0.97732
4917.5 0.9776
4920.0 0.97775
4922.5 0.97784
4925.0 0.97782
4927.5 0.97761
4930.0 0.97712
4932.5 0.9763
4935.0 0.97529
4937.5 0.97427
4940.0 0.97342
4942.5 0.97282
4945.0 0.9724900000000001
4947.5 0.97232
4950.0 0.97218
4952.5 0.97195
4955.0 0.97179
4957.5 0.97184
4960.0 0.97217
4962.5 0.97279
4965.0 0.9736800000000001
4967.5 0.97471
4970.0 0.97587
4972.5 0.9771500000000001
4975.0 0.9784
4977.5 0.97948
4980.0 0.98034
4982.5 0.98086
4985.0 0.981
4987.5 0.9806699999999999
4990.0 0.97988
4992.5 0.9786199999999999
4995.0 0.9769100000000001
4997.5 0.97479
5000.0 0.97243
5002.5 0.96994
5005.0 0.96733
5007.5 0.96458
5010.0 0.96167
5012.5 0.9586399999999999
5015.0 0.95564
5017.5 0.95275
5020.0 0.9500000000000001
5022.5 0.9474699999999999
5025.0 0.94526
5027.5 0.9435100000000001
5030.0 0.94223
5032.5 0.9413499999999999
5035.0 0.94101
5037.5 0.94128
5040.0 0.9420799999999999
5042.5 0.94336
5045.0 0.94507
5047.5 0.9472
5050.0 0.94963
5052.5 0.95216
5055.0 0.9547800000000001
5057.5 0.95748
5060.0 0.96022
5062.5 0.96293
5065.0 0.96546
5067.5 0.9676
5070.0 0.96919
5072.5 0.97016
5075.0 0.97051
5077.5 0.97029
5080.0 0.9696
5082.5 0.96855
5085.0 0.96719
5087.5 0.96553
5090.0 0.96368
5092.5 0.96182
5095.0 0.95994
5097.5 0.95806
5100.0 0.95627
5102.5 0.9546399999999999
5105.0 0.9532
5107.5 0.9520099999999999
5110.0 0.95106
5112.5 0.9503100000000001
5115.0 0.9498599999999999
5117.5 0.94969
5120.0 0.94974
5122.5 0.9500000000000001
5125.0 0.95045
5127.5 0.95114
5130.0 0.95216
5132.5 0.95352
5135.0 0.95506
5137.5 0.9565899999999999
5140.0 0.9579300000000001
5142.5 0.95898
5145.0 0.95967
5147.5 0.96006
5150.0 0.96021
5152.5 0.9601799999999999
5155.0 0.95989
5157.5 0.95929
5160.0 0.95841
5162.5 0.95731
5165.0 0.95603
5167.5 0.95461
5170.0 0.95309
5172.5 0.95158
5175.0 0.9501299999999999
5177.5 0.94877
5180.0 0.9475800000000001
5182.5 0.94659
5185.0 0.9458599999999999
5187.5 0.9454600000000001
5190.0 0.94538
5192.5 0.9455899999999999
5195.0 0.94612
5197.5 0.94701
5200.0 0.9482499999999999
5202.5 0.94978
5205.0 0.95153
5207.5 0.9534
5210.0 0.95529
5212.5 0.95706
5215.0 0.95869
5217.5 0.9601999999999999
5220.0 0.96164
5222.5 0.96298
5225.0 0.96412
5227.5 0.96494
5230.0 0.96538
5232.5 0.9654699999999999
5235.0 0.96517
5237.5 0.9644699999999999
5240.0 0.96344
5242.5 0.96217
5245.0 0.9606600000000001
5247.5 0.95892
5250.0 0.95699
5252.5 0.9549099999999999
5255.0 0.9527800000000001
5257.5 0.9507
5260.0 0.94877
5262.5 0.94706
5265.0 0.94564
5267.5 0.9445399999999999
5270.0 0.94372
5272.5 0.9431499999999999
5275.0 0.9429000000000001
5277.5 0.94303
5280.0 0.94339
5282.5 0.9439500000000001
5285.0 0.94473
5287.5 0.94585
5290.0 0.9473499999999999
5292.5 0.94921
5295.0 0.9513400000000001
5297.5 0.95361
5300.0 0.95589
5302.5 0.95805
5305.0 0.96005
5307.5 0.96188
5310.0 0.9635199999999999
5312.5 0.96498
5315.0 0.9661700000000001
5317.5 0.96707
5320.0 0.96767
5322.5 0.96801
5325.0 0.9680700000000001
5327.5 0.96783
5330.0 0.9674
5332.5 0.96691
5335.0 0.96629
5337.5 0.96541
5340.0 0.96418
5342.5 0.96265
5345.0 0.9609
5347.5 0.95916
5350.0 0.95768
5352.5 0.9566600000000001
5355.0 0.9559899999999999
5357.5 0.9554600000000001
5360.0 0.95494
5362.5 0.95435
5365.0 0.9537500000000001
5367.5 0.95334
5370.0 0.95322
