speclite/data/filters/gaiadr2maw-BP.ecsv
# %ECSV 0.9
# ---
# datatype:
# - {name: wavelength, unit: Angstrom, datatype: float64}
# - {name: response, datatype: float64}
# meta: !!omap
# - {url: 'https://ui.adsabs.harvard.edu/abs/2018A%26A...619A.180M/abstract'}
# - {group_name: gaiadr2maw}
# - {band_name: BP}
# - {description: Bandpass for Gaia BP band for DR2 release from  from Maiz Appelaniz Weiler}
# - {airmass: 0}
# schema: astropy-2.0
wavelength response
[from data line 869]
5375.0 0.9539300000000001
5377.5 0.95456
5380.0 0.95525
5382.5 0.9559300000000001
5385.0 0.95653
5387.5 0.95705
5390.0 0.9575
5392.5 0.95783
5395.0 0.958
5397.5 0.9579899999999999
5400.0 0.9578099999999999
5402.5 0.95746
5405.0 0.9569300000000001
5407.5 0.95619
5410.0 0.95529
5412.5 0.95433
5415.0 0.95324
5417.5 0.9519299999999999
5420.0 0.9503699999999999
5422.5 0.94858
5425.0 0.94662
5427.5 0.94461
5430.0 0.94266
5432.5 0.9408
5435.0 0.9390999999999999
5437.5 0.93762
5440.0 0.93645
5442.5 0.93562
5445.0 0.9350999999999999
5447.5 0.93488
5450.0 0.9348
5452.5 0.93473
5455.0 0.93477
5457.5 0.9350400000000001
5460.0 0.9356
5462.5 0.93641
5465.0 0.9374
5467.5 0.93842
5470.0 0.9393100000000001
5472.5 0.9399000000000001
5475.0 0.94026
5477.5 0.9404899999999999
5480.0 0.9407399999999999
5482.5 0.94103
5485.0 0.94126
5487.5 0.94128
5490.0 0.94098
5492.5 0.94031
5495.0 0.93931
5497.5 0.93804
5500.0 0.93659
5502.5 0.93504
5505.0 0.9334
5507.5 0.93165
5510.0 0.9297799999999999
5512.5 0.92781
5515.0 0.92583
5517.5 0.9239700000000001
5520.0 0.92239
5522.5 0.92114
5525.0 0.9202
5527.5 0.9194800000000001
5530.0 0.9188000000000001
5532.5 0.9180400000000001
5535.0 0.91732
5537.5 0.9167799999999999
5540.0 0.91644
5542.5 0.9163
5545.0 0.9163300000000001
5547.5 0.91648
5550.0 0.91664
5552.5 0.9167099999999999
5555.0 0.91676
5557.5 0.91685
5560.0 0.9170200000000001
5562.5 0.9173
5565.0 0.9176099999999999
5567.5 0.91785
5570.0 0.9179900000000001
5572.5 0.91803
5575.0 0.9178999999999999
5577.5 0.9175300000000001
5580.0 0.91686
5582.5 0.9158799999999999
5585.0 0.91462
5587.5 0.9131400000000001
5590.0 0.91156
5592.5 0.91001
5595.0 0.90842
5597.5 0.90671
5600.0 0.9048499999999999
5602.5 0.90286
5605.0 0.90079
5607.5 0.89872
5610.0 0.8967400000000001
5612.5 0.89494
5615.0 0.89328
5617.5 0.89173
5620.0 0.8902000000000001
5622.5 0.88869
5625.0 0.88724
5627.5 0.88599
5630.0 0.88497
5632.5 0.8841800000000001
5635.0 0.8836499999999999
5637.5 0.88342
5640.0 0.88344
5642.5 0.88369
5645.0 0.88415
5647.5 0.88483
5650.0 0.8856
5652.5 0.88632
5655.0 0.88707
5657.5 0.888
5660.0 0.8892
5662.5 0.89068
5665.0 0.89231
5667.5 0.8938999999999999
5670.0 0.89517
5672.5 0.89594
5675.0 0.89635
5677.5 0.89659
5680.0 0.89687
5682.5 0.89724
5685.0 0.89769
5687.5 0.89805
5690.0 0.89822
5692.5 0.89825
5695.0 0.8981300000000001
5697.5 0.89787
5700.0 0.89754
5702.5 0.89713
5705.0 0.8966799999999999
5707.5 0.89619
5710.0 0.89566
5712.5 0.8951199999999999
5715.0 0.89459
5717.5 0.89412
5720.0 0.89381
5722.5 0.89366
5725.0 0.89366
5727.5 0.8937200000000001
5730.0 0.89371
5732.5 0.89355
5735.0 0.8933099999999999
5737.5 0.89314
5740.0 0.89313
5742.5 0.8933099999999999
5745.0 0.8936499999999999
5747.5 0.89403
5750.0 0.89436
5752.5 0.89461
5755.0 0.89479
5757.5 0.8949
5760.0 0.89493
5762.5 0.89488
5765.0 0.8947700000000001
5767.5 0.89456
5770.0 0.89433
5772.5 0.89412
5775.0 0.8938699999999999
5777.5 0.89351
5780.0 0.89302
5782.5 0.8924000000000001
5785.0 0.89167
5787.5 0.89082
5790.0 0.88988
5792.5 0.88887
5795.0 0.88781
5797.5 0.88674
5800.0 0.88573
5802.5 0.8847999999999999
5805.0 0.8839800000000001
5807.5 0.8832599999999999
5810.0 0.88255
5812.5 0.8818
5815.0 0.8811399999999999
5817.5 0.88067
5820.0 0.88049
5822.5 0.88061
5825.0 0.88102
5827.5 0.88162
5830.0 0.88231
5832.5 0.88293
5835.0 0.8836
5837.5 0.8843500000000001
5840.0 0.8851899999999999
5842.5 0.8861
5845.0 0.88706
5847.5 0.88808
5850.0 0.88907
5852.5 0.88999
5855.0 0.89088
5857.5 0.89179
5860.0 0.8927900000000001
5862.5 0.8938699999999999
5865.0 0.89499
5867.5 0.8960600000000001
5870.0 0.89699
5872.5 0.8977900000000001
5875.0 0.89841
5877.5 0.8988700000000001
5880.0 0.8991399999999999
5882.5 0.89925
5885.0 0.8991699999999999
5887.5 0.89893
5890.0 0.8986000000000001
5892.5 0.8982600000000001
5895.0 0.8978299999999999
5897.5 0.89723
5900.0 0.8964300000000001
5902.5 0.89544
5905.0 0.8942599999999999
5907.5 0.89293
5910.0 0.89145
5912.5 0.88981
5915.0 0.88808
5917.5 0.8864000000000001
5920.0 0.8849
5922.5 0.88367
5925.0 0.88268
5927.5 0.88181
5930.0 0.88096
5932.5 0.88007
5935.0 0.8792
5937.5 0.87839
5940.0 0.87758
5942.5 0.87681
5945.0 0.87607
5947.5 0.87539
5950.0 0.87488
5952.5 0.8745799999999999
5955.0 0.87441
5957.5 0.8742200000000001
5960.0 0.8739100000000001
5962.5 0.87339
5965.0 0.87273
5967.5 0.87206
5970.0 0.87156
5972.5 0.87134
5975.0 0.87131
5977.5 0.87132
5980.0 0.87132
5982.5 0.87129
5985.0 0.87125
5987.5 0.87129
5990.0 0.87144
5992.5 0.87171
5995.0 0.8722300000000001
5997.5 0.87291
6000.0 0.87349
6002.5 0.87367
6005.0 0.8733799999999999
6007.5 0.8730600000000001
6010.0 0.8726999999999999
6012.5 0.87204
6015.0 0.87122
6017.5 0.87043
6020.0 0.8697199999999999
6022.5 0.86914
6025.0 0.8687199999999999
6027.5 0.8684499999999999
6030.0 0.8683299999999999
6032.5 0.86839
6035.0 0.8686
6037.5 0.8689100000000001
6040.0 0.86917
6042.5 0.8693700000000001
6045.0 0.8695200000000001
6047.5 0.86971
6050.0 0.8700600000000001
6052.5 0.87056
6055.0 0.8712
6057.5 0.87188
6060.0 0.87253
6062.5 0.8730899999999999
6065.0 0.87359
6067.5 0.87415
6070.0 0.87488
6072.5 0.87584
6075.0 0.8769199999999999
6077.5 0.87802
6080.0 0.8790600000000001
6082.5 0.8799699999999999
6085.0 0.88076
6087.5 0.88146
6090.0 0.88207
6092.5 0.88255
6095.0 0.88294
6097.5 0.88329
6100.0 0.88375
6102.5 0.88435
6105.0 0.88502
6107.5 0.88561
6110.0 0.88596
6112.5 0.88598
6115.0 0.88576
6117.5 0.88544
6120.0 0.88516
6122.5 0.88498
6125.0 0.88485
6127.5 0.88467
6130.0 0.88429
6132.5 0.88368
6135.0 0.8829
6137.5 0.88206
6140.0 0.8813
6142.5 0.8806700000000001
6145.0 0.88012
6147.5 0.8795
6150.0 0.8786999999999999
6152.5 0.87765
6155.0 0.87641
6157.5 0.87507
6160.0 0.87366
6162.5 0.8722399999999999
6165.0 0.87081
6167.5 0.86931
6170.0 0.86774
6172.5 0.86606
6175.0 0.86434
6177.5 0.8626199999999999
6180.0 0.86095
6182.5 0.85933
6185.0 0.85779
6187.5 0.85634
6190.0 0.85497
6192.5 0.85369
6195.0 0.85253
6197.5 0.8514200000000001
6200.0 0.85027
6202.5 0.84906
6205.0 0.8478399999999999
6207.5 0.84673
6210.0 0.84588
6212.5 0.84536
6215.0 0.84508
6217.5 0.84489
6220.0 0.84465
6222.5 0.8442999999999999
6225.0 0.84384
6227.5 0.8434200000000001
6230.0 0.84304
6232.5 0.8426499999999999
6235.0 0.84232
6237.5 0.84214
6240.0 0.8422
6242.5 0.8425199999999999
6245.0 0.84306
6247.5 0.84374
6250.0 0.84441
6252.5 0.8449500000000001
6255.0 0.84546
6257.5 0.84603
6260.0 0.8466899999999999
6262.5 0.84745
6265.0 0.84828
6267.5 0.8491
6270.0 0.84982
6272.5 0.85038
6275.0 0.85081
6277.5 0.8511799999999999
6280.0 0.8515600000000001
6282.5 0.85196
6285.0 0.85237
6287.5 0.8527100000000001
6290.0 0.8528800000000001
6292.5 0.85284
6295.0 0.85265
6297.5 0.85246
6300.0 0.85237
6302.5 0.85248
6305.0 0.8527
6307.5 0.8529100000000001
6310.0 0.85297
6312.5 0.8528100000000001
6315.0 0.85247
6317.5 0.85208
6320.0 0.85171
6322.5 0.85141
6325.0 0.85114
6327.5 0.8508100000000001
6330.0 0.8503499999999999
6332.5 0.84978
6335.0 0.84907
6337.5 0.84828
6340.0 0.8473999999999999
6342.5 0.84646
6345.0 0.84546
6347.5 0.84446
6350.0 0.8435
6352.5 0.84268
6355.0 0.84193
6357.5 0.84114
6360.0 0.8402999999999999
6362.5 0.8393700000000001
6365.0 0.83834
6367.5 0.83726
6370.0 0.8361799999999999
6372.5 0.8351500000000001
6375.0 0.83411
6377.5 0.8330299999999999
6380.0 0.83186
6382.5 0.83063
6385.0 0.82934
6387.5 0.828
6390.0 0.82665
6392.5 0.82528
6395.0 0.82394
6397.5 0.8225899999999999
6400.0 0.82121
6402.5 0.81981
6405.0 0.81844
6407.5 0.81714
6410.0 0.81601
6412.5 0.81511
6415.0 0.81437
6417.5 0.8137000000000001
6420.0 0.8129500000000001
6422.5 0.81208
6425.0 0.81113
6427.5 0.81019
6430.0 0.80935
6432.5 0.80865
6435.0 0.80806
6437.5 0.80748
6440.0 0.8068299999999999
6442.5 0.8061
6445.0 0.8053199999999999
6447.5 0.80456
6450.0 0.8039200000000001
6452.5 0.80343
6455.0 0.80305
6457.5 0.80273
6460.0 0.8025100000000001
6462.5 0.80231
6465.0 0.80214
6467.5 0.80195
6470.0 0.80169
6472.5 0.80133
6475.0 0.8008700000000001
6477.5 0.80033
6480.0 0.79972
6482.5 0.79904
6485.0 0.7983199999999999
6487.5 0.79756
6490.0 0.7968200000000001
6492.5 0.79611
6495.0 0.7954300000000001
6497.5 0.7947500000000001
6500.0 0.79408
6502.5 0.79343
6505.0 0.79277
6507.5 0.79208
6510.0 0.79132
6512.5 0.79053
6515.0 0.78966
6517.5 0.78869
6520.0 0.78764
6522.5 0.7865
6525.0 0.7852699999999999
6527.5 0.7839
6530.0 0.78239
6532.5 0.78078
6535.0 0.77905
6537.5 0.77717
6540.0 0.77519
6542.5 0.77311
6545.0 0.77095
6547.5 0.7686999999999999
6550.0 0.76638
6552.5 0.76405
6555.0 0.76169
6557.5 0.75925
6560.0 0.75671
6562.5 0.7540899999999999
6565.0 0.75142
6567.5 0.74877
6570.0 0.7462500000000001
6572.5 0.74388
6575.0 0.74167
6577.5 0.73955
6580.0 0.7374400000000001
6582.5 0.7353299999999999
6585.0 0.73326
6587.5 0.73134
6590.0 0.7297100000000001
6592.5 0.72846
6595.0 0.72743
6597.5 0.72645
6600.0 0.7254700000000001
6602.5 0.72438
6605.0 0.72309
6607.5 0.72152
6610.0 0.7198
6612.5 0.71807
6615.0 0.71593
6617.5 0.7130700000000001
6620.0 0.70957
6622.5 0.70539
6625.0 0.7002999999999999
6627.5 0.6939500000000001
6630.0 0.6864899999999999
6632.5 0.67828
6635.0 0.6688
6637.5 0.65776
6640.0 0.64538
6642.5 0.6317999999999999
6645.0 0.61699
6647.5 0.60076
6650.0 0.58336
6652.5 0.56524
6655.0 0.54627
6657.5 0.5264599999999999
6660.0 0.50617
6662.5 0.48568
6665.0 0.46516
6667.5 0.44464
6670.0 0.42428
6672.5 0.4042899999999999
6675.0 0.38478
6677.5 0.36580999999999997
6680.0 0.34741000000000005
6682.5 0.3296
6685.0 0.31245
6687.5 0.29606
6690.0 0.2803
6692.5 0.26498
6695.0 0.25026999999999994
6697.5 0.23625000000000002
6700.0 0.22270000000000006
6702.5 0.20951999999999998
6705.0 0.19673000000000002
6707.5 0.1845
6710.0 0.17268999999999995
6712.5 0.16108
6715.0 0.14990000000000003
6717.5 0.13929000000000002
6720.0 0.12913999999999998
6722.5 0.11937999999999999
6725.0 0.11007
6727.5 0.10133000000000003
6730.0 0.09300000000000003
6732.5 0.08488000000000007
6735.0 0.07721
6737.5 0.07013000000000003
6740.0 0.06357000000000002
6742.5 0.05746000000000007
6745.0 0.05184
6747.5 0.04681000000000002
6750.0 0.04225000000000001
6752.5 0.037959999999999994
6755.0 0.03410000000000002
6757.5 0.03071999999999997
6760.0 0.027699999999999947
6762.5 0.024950000000000028
6765.0 0.02245000000000008
6767.5 0.02029000000000003
6770.0 0.018390000000000017
6772.5 0.016570000000000085
6775.0 0.014940000000000064
6777.5 0.013539999999999996
6780.0 0.012280000000000069
6782.5 0.011149999999999993
6785.0 0.010110000000000063
6787.5 0.009230000000000071
6790.0 0.008460000000000023
6792.5 0.00772000000000006
6795.0 0.007059999999999955
6797.5 0.00647999999999993
6800.0 0.005980000000000096
6802.5 0.005519999999999969
6805.0 0.005090000000000039
6807.5 0.0047200000000000575
6810.0 0.004390000000000005
6812.5 0.0040800000000000836
6815.0 0.003790000000000071
6817.5 0.0035399999999999876
6820.0 0.0033199999999999896
6822.5 0.003110000000000057
6825.0 0.0029200000000000337
6827.5 0.002749999999999919
6830.0 0.0025800000000000267
6832.5 0.0024500000000000632
6835.0 0.0023100000000000342
6837.5 0.0022099999999999342
6840.0 0.0021099999999999453
6842.5 0.0020100000000000673
6845.0 0.0019299999999999873
6847.5 0.0018500000000000183
6850.0 0.0017800000000000038
6852.5 0.0017199999999999438
6855.0 0.0016499999999999293
6857.5 0.0015899999999999803
6860.0 0.0015399999999999858
6862.5 0.0015000000000000013
6865.0 0.0014499999999999513
6867.5 0.0014099999999999668
6870.0 0.0013599999999999723
6872.5 0.0013400000000000079
6875.0 0.0013100000000000334
6877.5 0.0012900000000000134
6880.0 0.0012599999999999834
6882.5 0.0012399999999999634
6885.0 0.0012300000000000089
6887.5 0.0012099999999999889
6890.0 0.0012000000000000344
6892.5 0.0011700000000000044
6895.0 0.0011099999999999999
6897.5 0.0009899999999999909
6900.0 0.0
