speclite/data/filters/gaiadr2-BP.ecsv
# %ECSV 0.9
# ---
# datatype:
# - {name: wavelength, unit: Angstrom, datatype: float64}
# - {name: response, datatype: float64}
# meta: !!omap
# - {url: 'https://www.cosmos.esa.int/web/gaia/iow_20180316'}
# - {group_name: gaiadr2}
# - {band_name: BP}
# - {description: Bandpass for Gaia BP band for DR2 release}
# - {airmass: 0}
# schema: astropy-2.0
wavelength response
[from data line 1078]
5694.999999999999 0.601280148
5697.499999999999 0.6024673
5699.999999999999 0.603655139
5702.499999999999 0.603099878
5704.999999999999 0.602544367
5707.499999999999 0.601988608
5709.999999999999 0.601432601
5712.499999999999 0.601445196
5714.999999999999 0.601457791
5717.499999999999 0.601470386
5719.999999999999 0.601482981
5722.499999999999 0.601214197
5724.999999999999 0.600945328
5727.499999999999 0.600676376
5729.999999999999 0.600407341
5732.499999999999 0.600821024
5734.999999999999 0.601233021
5737.499999999999 0.601643331
5739.999999999999 0.602051956
5742.499999999999 0.600995926
5744.999999999999 0.599940822
5747.499999999999 0.598886646
5749.999999999999 0.597833396
5752.499999999999 0.597392125
5754.999999999999 0.596950864
5757.499999999999 0.596509612
5759.999999999999 0.59606837
5762.499999999999 0.595842116
5764.999999999999 0.595615482
5767.499999999999 0.595388468
5769.999999999999 0.595161075
5772.499999999999 0.596409932
5774.999999999999 0.597658315
5777.499999999999 0.598906224
5779.999999999999 0.60015366
5782.499999999999 0.599965996
5784.999999999999 0.599777693
5787.499999999999 0.599588748
5789.999999999999 0.599399164
5792.499999999999 0.599812594
5794.999999999999 0.600226134
5797.499999999999 0.600639783
5799.999999999999 0.601053542
5802.499999999999 0.60251511
5804.999999999999 0.603978347
5807.499999999999 0.605443252
5809.999999999999 0.606909827
5812.499999999999 0.606692684
5814.999999999999 0.6064739
5817.499999999999 0.606253475
5819.999999999999 0.606031409
5822.499999999999 0.607578954
5824.999999999999 0.609128168
5827.499999999999 0.610679048
5829.999999999999 0.612231597
5832.499999999999 0.612260024
5834.999999999999 0.612287387
5837.499999999999 0.612313683
5839.999999999999 0.612338914
5842.499999999999 0.612193048
5844.999999999999 0.612046021
5847.499999999999 0.611897835
5849.999999999999 0.611748489
5852.499999999999 0.611082972
5854.999999999999 0.61041577
5857.499999999999 0.609746883
5859.999999999999 0.609076311
5862.499999999999 0.611323956
5864.999999999999 0.613573781
5867.499999999999 0.615825786
5869.999999999999 0.618079971
5872.499999999999 0.618855618
5874.999999999999 0.619631743
5877.499999999999 0.620408345
5879.999999999999 0.621185425
5882.499999999999 0.622648762
5884.999999999999 0.624113323
5887.499999999999 0.625579109
5889.999999999999 0.627046118
5892.499999999999 0.628054495
5894.999999999999 0.629063622
5897.499999999999 0.630073499
5899.999999999999 0.631084127
5902.499999999999 0.629854372
5904.999999999999 0.628624246
5907.499999999999 0.627393748
5909.999999999999 0.626162878
5912.499999999999 0.62419807
5914.999999999999 0.622233408
5917.499999999999 0.620268892
5919.999999999999 0.618304521
5922.499999999999 0.61947157
5924.999999999999 0.620636364
5927.499999999999 0.621798904
5929.999999999999 0.622959189
5932.499999999999 0.622528033
5934.999999999999 0.622096492
5937.499999999999 0.621664564
5939.999999999999 0.621232249
5942.499999999999 0.620535974
5944.999999999999 0.619838683
5947.499999999999 0.619140377
5949.999999999999 0.618441056
5952.499999999999 0.619275824
5954.999999999999 0.620104715
5957.499999999999 0.620927726
5959.999999999999 0.621744859
5962.499999999999 0.618935842
5964.999999999999 0.616132978
5967.499999999999 0.613336267
5969.999999999999 0.61054571
5972.499999999999 0.609384907
5974.999999999999 0.608224303
5977.499999999999 0.607063898
5979.999999999999 0.605903693
5982.499999999999 0.604220997
5984.999999999999 0.60254064
5987.499999999999 0.60086262
5989.999999999999 0.599186938
5992.499999999999 0.598785437
5994.999999999999 0.59838354
5997.499999999999 0.597981247
5999.999999999999 0.597578558
6002.499999999999 0.599886179
6004.999999999999 0.602191886
6007.499999999999 0.60449568
6009.999999999999 0.60679756
6012.499999999999 0.60540613
6014.999999999999 0.604013406
6017.499999999999 0.602619386
6019.999999999999 0.601224071
6022.499999999999 0.601664458
6024.999999999999 0.602104533
6027.499999999999 0.602544296
6029.999999999999 0.602983747
6032.499999999999 0.604604445
6034.999999999999 0.606227312
6037.499999999999 0.607852349
6039.999999999999 0.609479556
6042.499999999999 0.609467997
6044.999999999999 0.609452703
6047.499999999999 0.609433673
6049.999999999999 0.609410907
6052.499999999999 0.610631642
6054.999999999999 0.611852596
6057.499999999999 0.613073768
6059.999999999999 0.614295159
6062.499999999999 0.614660366
6064.999999999999 0.615022587
6067.499999999999 0.615381823
6069.999999999999 0.615738073
6072.499999999999 0.6175082
6074.999999999999 0.619280805
6077.499999999999 0.621055886
6079.999999999999 0.622833445
6082.499999999999 0.623817404
6084.999999999999 0.624802075
6087.499999999999 0.62578746
6089.999999999999 0.626773557
6092.499999999999 0.62674717
6094.999999999999 0.626720068
6097.499999999999 0.626692249
6099.999999999999 0.626663714
6102.499999999999 0.627738312
6104.999999999999 0.628813425
6107.499999999999 0.629889053
6109.999999999999 0.630965197
6112.499999999999 0.629616779
6114.999999999999 0.628268664
6117.499999999999 0.626920852
6119.999999999999 0.625573344
6122.499999999999 0.625708047
6124.999999999999 0.625842575
6127.499999999999 0.625976927
6129.999999999999 0.626111103
6132.499999999999 0.625776003
6134.999999999999 0.625440989
6137.499999999999 0.625106059
6139.999999999999 0.624771214
6142.499999999999 0.624881105
6144.999999999999 0.6249905
6147.499999999999 0.625099397
6149.999999999999 0.625207797
6152.499999999999 0.624898612
6154.999999999999 0.624589441
6157.499999999999 0.624280284
6159.999999999999 0.62397114
6162.499999999999 0.622933676
6164.999999999999 0.621897044
6167.499999999999 0.620861245
6169.999999999999 0.61982628
6172.499999999999 0.617677174
6174.999999999999 0.615531012
6177.499999999999 0.613387794
6179.999999999999 0.611247521
6182.499999999999 0.611141385
6184.999999999999 0.611033542
6187.499999999999 0.610923991
6189.999999999999 0.610812732
6192.499999999999 0.610581889
6194.999999999999 0.6103488
6197.499999999999 0.610113467
6199.999999999999 0.609875887
6202.499999999999 0.608774539
6204.999999999999 0.607672927
6207.499999999999 0.606571052
6209.999999999999 0.605468913
6212.499999999999 0.605646231
6214.999999999999 0.605818461
6217.499999999999 0.605985606
6219.999999999999 0.606147664
6222.499999999999 0.603553588
6224.999999999999 0.600965029
6227.499999999999 0.598381986
6229.999999999999 0.59580446
6232.499999999999 0.593324311
6234.999999999999 0.590848919
6237.499999999999 0.588378285
6239.999999999999 0.585912409
6242.499999999999 0.585581057
6244.999999999999 0.585249165
6247.499999999999 0.584916733
6249.999999999999 0.584583759
6252.499999999999 0.584392946
6254.999999999999 0.584202138
6257.499999999999 0.584011335
6259.999999999999 0.583820537
6262.499999999999 0.584660162
6264.999999999999 0.585500364
6267.499999999999 0.586341145
6269.999999999999 0.587182502
6272.499999999999 0.587480979
6274.999999999999 0.587778234
6277.499999999999 0.588074269
6279.999999999999 0.588369083
6282.499999999999 0.589578227
6284.999999999999 0.590788208
6287.499999999999 0.591999026
6289.999999999999 0.593210681
6292.499999999999 0.593353095
6294.999999999999 0.593492333
6297.499999999999 0.593628396
6299.999999999999 0.593761284
6302.499999999999 0.595253054
6304.999999999999 0.596746261
6307.499999999999 0.598240904
6309.999999999999 0.599736984
6312.499999999999 0.601704368
6314.999999999999 0.60367494
6317.499999999999 0.605648699
6319.999999999999 0.607625646
6322.499999999999 0.607358076
6324.999999999999 0.607089206
6327.499999999999 0.606819037
6329.999999999999 0.606547568
6332.499999999999 0.606701774
6334.999999999999 0.606855645
6337.499999999999 0.607009179
6339.999999999999 0.607162378
6342.499999999999 0.606390132
6344.999999999999 0.605617577
6347.499999999999 0.604844713
6349.999999999999 0.60407154
6352.499999999999 0.605019299
6354.999999999999 0.605966858
6357.499999999999 0.606914216
6359.999999999999 0.607861371
6362.499999999999 0.607519549
6364.999999999999 0.607177801
6367.499999999999 0.606836125
6369.999999999999 0.606494516
6372.499999999999 0.607218154
6374.999999999999 0.60794118
6377.499999999999 0.608663584
6379.999999999999 0.609385355
6382.499999999999 0.608091722
6384.999999999999 0.606798152
6387.499999999999 0.605504624
6389.999999999999 0.604211111
6392.499999999999 0.603823944
6394.999999999999 0.603436599
6397.499999999999 0.603049024
6399.999999999999 0.602661156
6402.499999999999 0.602756532
6404.999999999999 0.602851383
6407.499999999999 0.602945594
6409.999999999999 0.603039027
6412.499999999999 0.60423817
6414.999999999999 0.605436894
6417.499999999999 0.606634949
6419.999999999999 0.607832036
6422.499999999999 0.608495689
6424.999999999999 0.609157182
6427.499999999999 0.60981602
6429.999999999999 0.610471619
6432.499999999999 0.610637312
6434.999999999999 0.6107977
6437.499999999999 0.61095186
6439.999999999999 0.611098714
6442.499999999999 0.610432315
6444.999999999999 0.609755902
6447.499999999999 0.609067862
6449.999999999999 0.608366349
6452.499999999999 0.608703711
6454.999999999999 0.60902336
6457.499999999999 0.609322478
6459.999999999999 0.609597877
6462.499999999999 0.611412311
6464.999999999999 0.613194735
6467.499999999999 0.61494036
6469.999999999999 0.61664383
6472.499999999999 0.615989872
6474.999999999999 0.615283579
6477.499999999999 0.6145183
6479.999999999999 0.613686751
6482.499999999999 0.611947438
6484.999999999999 0.610127119
6487.499999999999 0.608216861
6489.999999999999 0.606207077
6492.499999999999 0.606088188
6494.999999999999 0.605841315
6497.499999999999 0.605453595
6499.999999999999 0.604911394
6502.499999999999 0.603791203
6504.999999999999 0.60248945
6507.499999999999 0.600990798
6509.999999999999 0.599279367
6512.499999999999 0.597010117
6514.999999999999 0.594497923
6517.499999999999 0.591726242
6519.999999999999 0.588678431
6522.499999999999 0.585665602
6524.999999999999 0.582339417
6527.499999999999 0.578683272
6529.999999999999 0.574681053
6532.499999999999 0.569731462
6534.999999999999 0.564416388
6537.499999999999 0.558723486
6539.999999999999 0.552641718
6542.499999999999 0.545833299
6544.999999999999 0.538626701
6547.499999999999 0.531016671
6549.999999999999 0.523000001
6552.499999999999 0.515446384
6554.999999999999 0.507458039
6557.499999999999 0.499036587
6559.999999999999 0.490186215
6562.499999999999 0.480320891
6564.999999999999 0.470067862
6567.499999999999 0.459440856
6569.999999999999 0.448456277
6572.499999999999 0.438231469
6574.999999999999 0.427632142
6577.499999999999 0.416680056
6579.999999999999 0.405399542
6582.499999999999 0.392652273
6584.999999999999 0.37970716
6587.499999999999 0.366596959
6589.999999999999 0.353355855
6592.499999999999 0.34104947
6594.999999999999 0.328604339
6597.499999999999 0.316056816
6599.999999999999 0.303443961
6602.499999999999 0.290098861
6604.999999999999 0.276827434
6607.499999999999 0.263666232
6609.999999999999 0.250650904
6612.499999999999 0.237996419
6614.999999999999 0.225536206
6617.499999999999 0.213302071
6619.999999999999 0.201323959
6622.499999999999 0.189303509
6624.999999999999 0.177631992
6627.499999999999 0.166330825
6629.999999999999 0.155418743
6632.499999999999 0.145253951
6634.999999999999 0.135460594
6637.499999999999 0.126051934
6639.999999999999 0.11703855
6642.499999999999 0.108452722
6644.999999999999 0.100271676
6647.499999999999 0.0924984909
6649.999999999999 0.0851338178
6652.499999999999 0.078223177
6654.999999999999 0.071707557
6657.499999999999 0.0655818806
6659.999999999999 0.0598392087
6662.499999999999 0.0544390786
6664.999999999999 0.0494091506
6667.499999999999 0.0447373218
6669.999999999999 0.0404103896
6672.499999999999 0.0363659634
6674.999999999999 0.0326473522
6677.499999999999 0.0292379398
6679.999999999999 0.0261208225
6682.499999999999 0.0232637419
6684.999999999999 0.0206682949
6687.499999999999 0.0183171558
6689.999999999999 0.0161933203
6692.499999999999 0.0142804123
6694.999999999999 0.0125621236
6697.499999999999 0.0110229973
6699.999999999999 0.00964823243
6702.499999999999 0.00844626872
6704.999999999999 0.00737542392
6707.499999999999 0.00642409621
6709.999999999999 0.00558133915
6712.499999999999 0.004821652
6714.999999999999 0.00415483495
6717.499999999999 0.00357118209
6719.999999999999 0.00306175919
6722.499999999999 0.00263082483
6724.999999999999 0.00225482257
6727.499999999999 0.0019276838
6729.999999999999 0.00164386832
6732.499999999999 0.00139386357
6734.999999999999 0.00117896706
6737.499999999999 0.000994769148
6739.999999999999 0.000837329449
6742.499999999999 0.000702932482
6744.999999999999 0.000588742132
6747.499999999999 0.000491993671
6749.999999999999 0.000410253895
6752.499999999999 0.000341140392
6754.999999999999 0.000283121613
6757.499999999999 0.000234553579
6759.999999999999 0.000194011221
6762.499999999999 0.000160479263
6764.999999999999 0.000132607029
6767.499999999999 0.000109504665
6769.999999999999 9.04099898e-05
6772.499999999999 7.47381872e-05
6774.999999999999 6.18470725e-05
6777.499999999999 5.12735154e-05
6779.999999999999 4.26256782e-05
6782.499999999999 3.55771399e-05
6784.999999999999 2.98448953e-05
6787.499999999999 2.51966766e-05
6789.999999999999 2.14385191e-05
6792.499999999999 1.83842794e-05
6794.999999999999 1.59313005e-05
6797.499999999999 1.39668346e-05
6799.999999999999 1.23980941e-05
6802.499999999999 1.11501255e-05
6804.999999999999 1.01593151e-05
6807.499999999999 9.37499162e-06
6809.999999999999 8.75597704e-06
6812.499999999999 8.2653415e-06
6814.999999999999 7.88005124e-06
6817.499999999999 7.57831264e-06
6819.999999999999 7.34264525e-06
6822.499999999999 7.16339555e-06
6824.999999999999 7.02492716e-06
6827.499999999999 6.91844506e-06
6829.999999999999 6.83697728e-06
6832.499999999999 6.77469782e-06
6834.999999999999 6.72758681e-06
6837.499999999999 6.69223334e-06
6839.999999999999 6.66596679e-06
6842.499999999999 6.6495642e-06
6844.999999999999 6.63852719e-06
6847.499999999999 6.63160267e-06
6849.999999999999 6.62782098e-06
6852.499999999999 6.62432019e-06
6854.999999999999 6.62264238e-06
6857.499999999999 6.6223451e-06
6859.999999999999 6.62309024e-06
6862.499999999999 6.62284864e-06
6864.999999999999 6.6231971e-06
6867.499999999999 6.62398711e-06
6869.999999999999 6.62510658e-06
6872.499999999999 6.62615238e-06
6874.999999999999 6.62738005e-06
6877.499999999999 6.62874222e-06
6879.999999999999 6.63020359e-06
6882.499999999999 6.64173028e-06
6884.999999999999 6.65331001e-06
6887.499999999999 6.6649286e-06
6889.999999999999 6.67657555e-06
6892.499999999999 6.66844565e-06
6894.999999999999 6.66033096e-06
6897.499999999999 6.65222726e-06
6899.999999999999 6.64413146e-06
6902.499999999999 6.65250767e-06
6904.999999999999 6.66088789e-06
6907.499999999999 6.66927097e-06
6909.999999999999 6.67765609e-06
6912.499999999999 6.69608963e-06
6914.999999999999 6.71452419e-06
6917.499999999999 6.73295947e-06
6919.999999999999 6.75139527e-06
6922.499999999999 6.72782266e-06
6924.999999999999 6.7042503e-06
6927.499999999999 6.68067813e-06
6929.999999999999 6.65710609e-06
6932.499999999999 6.67164951e-06
6934.999999999999 6.68619299e-06
6937.499999999999 6.70073651e-06
6939.999999999999 6.71528006e-06
6942.499999999999 6.70916965e-06
6944.999999999999 6.70305925e-06
6947.499999999999 6.69694886e-06
6949.999999999999 6.69083848e-06
6952.499999999999 6.69840649e-06
6954.999999999999 6.7059745e-06
6957.499999999999 6.71354251e-06
6959.999999999999 6.72111053e-06
6962.499999999999 6.72255343e-06
6964.999999999999 6.72399633e-06
6967.499999999999 6.72543923e-06
6969.999999999999 6.72688213e-06
6972.499999999999 6.72725552e-06
6974.999999999999 6.72762891e-06
6977.499999999999 6.7280023e-06
6979.999999999999 6.72837569e-06
6982.499999999999 6.7417208e-06
6984.999999999999 6.75506591e-06
6987.499999999999 6.76841102e-06
6989.999999999999 6.78175613e-06
6992.499999999999 6.78365333e-06
6994.999999999999 6.78555052e-06
6997.499999999999 6.78744772e-06
