speclite/data/filters/gaiadr2_g.ecsv
# %ECSV 0.9
# ---
# datatype:
# - {name: wavelength, unit: Angstrom, datatype: float64}
# - {name: response, datatype: float64}
# meta: !!omap
# - {url: 'https://www.cosmos.esa.int/web/gaia/iow_20180316'}
# - {group_name: GAIADR2}
# - {band_name: G}
# - {airmass: 0}
# - {description: Bandpass for Gaia G band for DR2 release}
# schema: astropy-2.0
wavelength response
[from data line 2112]
8279.999999999998 0.427840434
8282.499999999998 0.427176158
8284.999999999998 0.426511881
8287.499999999998 0.425847605
8289.999999999998 0.425183328
8292.499999999998 0.424674763
8294.999999999998 0.424166198
8297.499999999998 0.423657633
8299.999999999998 0.423149068
8302.499999999998 0.422536856
8304.999999999998 0.421924644
8307.499999999998 0.421312432
8309.999999999998 0.420700221
8312.499999999998 0.420059219
8314.999999999998 0.419418218
8317.499999999998 0.418777217
8319.999999999998 0.418136215
8322.499999999998 0.417532614
8324.999999999998 0.416929012
8327.499999999998 0.41632541
8329.999999999998 0.415721808
8332.499999999998 0.41516679
8334.999999999998 0.414611773
8337.499999999998 0.414056755
8339.999999999998 0.413501737
8342.499999999998 0.412930075
8344.999999999998 0.412358413
8347.499999999998 0.411786751
8349.999999999998 0.411215089
8352.499999999998 0.410521869
8354.999999999998 0.409828649
8357.499999999998 0.409135428
8359.999999999998 0.408442208
8362.499999999998 0.40759189
8364.999999999998 0.406741572
8367.499999999998 0.405891255
8369.999999999998 0.405040937
8372.499999999998 0.404373707
8374.999999999998 0.403706477
8377.499999999998 0.403039248
8379.999999999998 0.402372018
8382.499999999998 0.40180653
8384.999999999998 0.401241042
8387.499999999998 0.400675554
8389.999999999998 0.400110066
8392.499999999998 0.399488352
8394.999999999998 0.398866637
8397.499999999998 0.398244923
8399.999999999998 0.397623208
8402.499999999998 0.396869468
8404.999999999998 0.396115728
8407.499999999998 0.395361988
8409.999999999998 0.394608248
8412.499999999998 0.393963323
8414.999999999998 0.393318399
8417.499999999998 0.392673474
8419.999999999998 0.39202855
8422.499999999998 0.391475511
8424.999999999998 0.390922473
8427.499999999998 0.390369434
8429.999999999998 0.389816396
8432.499999999998 0.389476241
8434.999999999998 0.389136087
8437.499999999998 0.388795932
8439.999999999998 0.388455777
8442.499999999998 0.387646586
8444.999999999998 0.386837395
8447.499999999998 0.386028204
8449.999999999998 0.385219013
8452.499999999998 0.384385917
8454.999999999998 0.383552821
8457.499999999998 0.382719725
8459.999999999998 0.381886629
8462.499999999998 0.381160349
8464.999999999998 0.380434069
8467.499999999998 0.379707789
8469.999999999998 0.378981509
8472.499999999998 0.378309929
8474.999999999998 0.37763835
8477.499999999998 0.376966771
8479.999999999998 0.376295191
8482.499999999998 0.375698851
8484.999999999998 0.37510251
8487.499999999998 0.374506169
8489.999999999998 0.373909828
8492.499999999998 0.373140694
8494.999999999998 0.372371559
8497.499999999998 0.371602425
8499.999999999998 0.37083329
8502.499999999998 0.370224675
8504.999999999998 0.369616059
8507.499999999998 0.369007444
8509.999999999998 0.368398828
8512.499999999998 0.367797183
8514.999999999998 0.367195538
8517.499999999998 0.366593893
8519.999999999998 0.365992249
8522.499999999998 0.365207618
8524.999999999998 0.364422987
8527.499999999998 0.363638356
8529.999999999998 0.362853725
8532.499999999998 0.362251773
8534.999999999998 0.361649821
8537.499999999998 0.361047868
8539.999999999998 0.360445916
8542.499999999998 0.359916402
8544.999999999998 0.359386888
8547.499999999998 0.358857374
8549.999999999998 0.35832786
8552.499999999998 0.357691164
8554.999999999998 0.357054468
8557.499999999998 0.356417771
8559.999999999998 0.355781075
8562.499999999998 0.355223244
8564.999999999998 0.354665413
8567.499999999998 0.354107581
8569.999999999998 0.35354975
8572.499999999998 0.352737631
8574.999999999998 0.351925512
8577.499999999998 0.351113393
8579.999999999998 0.350301274
8582.499999999998 0.349474575
8584.999999999998 0.348647876
8587.499999999998 0.347821178
8589.999999999998 0.346994479
8592.499999999998 0.346522345
8594.999999999998 0.346050211
8597.499999999998 0.345578076
8599.999999999998 0.345105942
8602.499999999998 0.34436156
8604.999999999998 0.343617179
8607.499999999998 0.342872797
8609.999999999998 0.342128415
8612.499999999998 0.341678986
8614.999999999998 0.341229557
8617.499999999998 0.340780128
8619.999999999998 0.340330699
8622.499999999998 0.339728509
8624.999999999998 0.33912632
8627.499999999998 0.33852413
8629.999999999998 0.33792194
8632.499999999998 0.33717455
8634.999999999998 0.33642716
8637.499999999998 0.33567977
8639.999999999998 0.33493238
8642.499999999998 0.334113275
8644.999999999998 0.33329417
8647.499999999998 0.332475065
8649.999999999998 0.33165596
8652.499999999998 0.331185833
8654.999999999998 0.330715705
8657.499999999998 0.330245578
8659.999999999998 0.32977545
8662.499999999998 0.328999655
8664.999999999998 0.32822386
8667.499999999998 0.327448064
8669.999999999998 0.326672269
8672.499999999998 0.325677779
8674.999999999998 0.324683289
8677.499999999998 0.323688798
8679.999999999998 0.322694308
8682.499999999998 0.322369727
8684.999999999998 0.322045145
8687.499999999998 0.321720564
8689.999999999998 0.321395982
8692.499999999998 0.320878562
8694.999999999998 0.320361141
8697.499999999998 0.31984372
8699.999999999998 0.3193263
8702.499999999998 0.318560753
8704.999999999998 0.317795206
8707.499999999998 0.317029659
8709.999999999998 0.316264112
8712.499999999998 0.315602053
8714.999999999998 0.314939994
8717.499999999998 0.314277934
8719.999999999998 0.313615875
8722.499999999998 0.313301457
8724.999999999998 0.312987039
8727.499999999998 0.312672622
8729.999999999998 0.312358204
8732.499999999998 0.311735972
8734.999999999998 0.31111374
8737.499999999998 0.310491508
8739.999999999998 0.309869276
8742.499999999998 0.309127103
8744.999999999998 0.30838493
8747.499999999998 0.307642757
8749.999999999998 0.306900585
8752.499999999998 0.306312747
8754.999999999998 0.30572491
8757.499999999998 0.305137073
8759.999999999998 0.304549236
8762.499999999998 0.303849535
8764.999999999998 0.303149834
8767.499999999998 0.302450133
8769.999999999998 0.301750432
8772.499999999998 0.301050174
8774.999999999998 0.300349916
8777.499999999998 0.299649658
8779.999999999998 0.2989494
8782.499999999998 0.298154435
8784.999999999998 0.29735947
8787.499999999998 0.296564505
8789.999999999998 0.29576954
8792.499999999998 0.295085922
8794.999999999998 0.294402305
8797.499999999998 0.293718687
8799.999999999998 0.293035069
8802.499999999998 0.292527261
8804.999999999998 0.292019453
8807.499999999998 0.291511645
8809.999999999998 0.291003836
8812.499999999998 0.290461591
8814.999999999998 0.289919346
8817.499999999998 0.289377101
8819.999999999998 0.288834857
8822.499999999998 0.288136768
8824.999999999998 0.287438679
8827.499999999998 0.28674059
8829.999999999998 0.286042501
8832.499999999998 0.285318233
8834.999999999998 0.284593964
8837.499999999998 0.283869695
8839.999999999998 0.283145427
8842.499999999998 0.282506904
8844.999999999998 0.281868381
8847.499999999998 0.281229859
8849.999999999998 0.280591336
8852.499999999998 0.279977071
8854.999999999998 0.279362805
8857.499999999998 0.27874854
8859.999999999998 0.278134274
8862.499999999998 0.277598592
8864.999999999998 0.277062909
8867.499999999998 0.276527227
8869.999999999998 0.275991545
8872.499999999998 0.275538527
8874.999999999998 0.275085508
8877.499999999998 0.27463249
8879.999999999998 0.274179472
8882.499999999998 0.273529003
8884.999999999998 0.272878533
8887.499999999998 0.272228064
8889.999999999998 0.271577594
8892.499999999998 0.270924727
8894.999999999998 0.270271859
8897.499999999998 0.269618991
8899.999999999998 0.268966123
8902.499999999998 0.268309522
8904.999999999998 0.26765292
8907.499999999998 0.266996319
8909.999999999998 0.266339718
8912.499999999998 0.265632735
8914.999999999998 0.264925753
8917.499999999998 0.26421877
8919.999999999998 0.263511788
8922.499999999998 0.262864008
8924.999999999998 0.262216228
8927.499999999998 0.261568449
8929.999999999998 0.260920669
8932.499999999998 0.260455211
8934.999999999998 0.259989752
8937.499999999998 0.259524294
8939.999999999998 0.259058836
8942.499999999998 0.258380009
8944.999999999998 0.257701182
8947.499999999998 0.257022355
8949.999999999998 0.256343528
8952.499999999998 0.25574283
8954.999999999998 0.255142131
8957.499999999998 0.254541433
8959.999999999998 0.253940734
8962.499999999998 0.253410427
8964.999999999998 0.25288012
8967.499999999998 0.252349812
8969.999999999998 0.251819505
8972.499999999998 0.251125764
8974.999999999998 0.250432023
8977.499999999998 0.249738282
8979.999999999998 0.249044541
8982.499999999998 0.248317519
8984.999999999998 0.247590496
8987.499999999998 0.246863473
8989.999999999998 0.24613645
8992.499999999998 0.245553123
8994.999999999998 0.244969795
8997.499999999998 0.244386467
8999.999999999998 0.24380314
9002.499999999998 0.243226326
9004.999999999998 0.242649512
9007.499999999998 0.242072698
9009.999999999998 0.241495884
9012.499999999998 0.240865014
9014.999999999998 0.240234143
9017.499999999998 0.239603273
9019.999999999998 0.238972402
9022.499999999998 0.238313199
9024.999999999998 0.237653995
9027.499999999998 0.236994792
9029.999999999998 0.236335588
9032.499999999998 0.235752446
9034.999999999998 0.235169303
9037.499999999998 0.23458616
9039.999999999998 0.234003017
9042.499999999998 0.233394595
9044.999999999998 0.232786173
9047.499999999998 0.232177751
9049.999999999998 0.231569329
9052.499999999998 0.231013399
9054.999999999998 0.230457469
9057.499999999998 0.229901538
9059.999999999998 0.229345608
9062.499999999998 0.22869436
9064.999999999998 0.228043112
9067.499999999998 0.227391864
9069.999999999998 0.226740616
9072.499999999998 0.226151026
9074.999999999998 0.225561437
9077.499999999998 0.224971847
9079.999999999998 0.224382257
9082.499999999998 0.223877307
9084.999999999998 0.223372356
9087.499999999998 0.222867406
9089.999999999998 0.222362456
9092.499999999998 0.221724607
9094.999999999998 0.221086758
9097.499999999998 0.220448909
9099.999999999998 0.21981106
9102.499999999998 0.219111141
9104.999999999998 0.218411222
9107.499999999998 0.217711302
9109.999999999998 0.217011383
9112.499999999998 0.216358305
9114.999999999998 0.215705228
9117.499999999998 0.21505215
9119.999999999998 0.214399072
9122.499999999998 0.213824456
9124.999999999998 0.213249841
9127.499999999998 0.212675225
9129.999999999998 0.212100609
9132.499999999998 0.211601428
9134.999999999998 0.211102247
9137.499999999998 0.210603066
9139.999999999998 0.210103885
9142.499999999998 0.209555661
9144.999999999998 0.209007437
9147.499999999998 0.208459214
9149.999999999998 0.20791099
9152.499999999998 0.20733433
9154.999999999998 0.20675767
9157.499999999998 0.20618101
9159.999999999998 0.20560435
9162.499999999998 0.20503316
9164.999999999998 0.204461971
9167.499999999998 0.203890781
9169.999999999998 0.203319592
9172.499999999998 0.202654185
9174.999999999998 0.201988778
9177.499999999998 0.201323372
9179.999999999998 0.200657965
9182.499999999998 0.200018013
9184.999999999998 0.199378062
9187.499999999998 0.19873811
9189.999999999998 0.198098159
9192.499999999998 0.197578568
9194.999999999998 0.197058977
9197.499999999998 0.196539387
9199.999999999998 0.196019796
9202.499999999998 0.195480367
9204.999999999998 0.194940937
9207.499999999998 0.194401508
9209.999999999998 0.193862078
9212.499999999998 0.193252139
9214.999999999998 0.1926422
9217.499999999998 0.19203226
9219.999999999998 0.191422321
9222.499999999998 0.190849209
9224.999999999998 0.190276097
9227.499999999998 0.189702985
9229.999999999998 0.189129874
9232.499999999998 0.188555989
9234.999999999998 0.187982104
9237.499999999998 0.18740822
9239.999999999998 0.186834335
9242.499999999998 0.186238174
9244.999999999998 0.185642013
9247.499999999998 0.185045852
9249.999999999998 0.184449691
9252.499999999998 0.183848141
9254.999999999998 0.183246592
9257.499999999998 0.182645042
9259.999999999998 0.182043493
9262.499999999998 0.181518718
9264.999999999998 0.180993943
9267.499999999998 0.180469167
9269.999999999998 0.179944392
9272.499999999998 0.17942697
9274.999999999998 0.178909548
9277.499999999998 0.178392126
9279.999999999998 0.177874704
9282.499999999998 0.177380356
9284.999999999998 0.176886009
9287.499999999998 0.176391661
9289.999999999998 0.175897314
9292.499999999998 0.175405597
9294.999999999998 0.174913881
9297.499999999998 0.174422165
9299.999999999998 0.173930448
9302.499999999998 0.173331647
9304.999999999998 0.172732845
9307.499999999998 0.172134044
9309.999999999998 0.171535242
9312.499999999998 0.170995375
9314.999999999998 0.170455508
9317.499999999998 0.169915641
9319.999999999998 0.169375774
9322.499999999998 0.168850245
9324.999999999998 0.168324717
9327.499999999998 0.167799189
9329.999999999998 0.167273661
9332.499999999998 0.166739168
9334.999999999998 0.166204675
9337.499999999998 0.165670182
9339.999999999998 0.165135689
9342.499999999998 0.164597886
9344.999999999998 0.164060083
9347.499999999998 0.163522279
9349.999999999998 0.162984476
9352.499999999998 0.162489463
9354.999999999998 0.161994449
9357.499999999998 0.161499436
9359.999999999998 0.161004422
9362.499999999998 0.160496984
9364.999999999998 0.159989546
9367.499999999998 0.159482108
9369.999999999998 0.15897467
9372.499999999998 0.158407996
9374.999999999998 0.157841322
9377.499999999998 0.157274648
9379.999999999998 0.156707973
9382.499999999998 0.156171195
9384.999999999998 0.155634416
9387.499999999998 0.155097637
9389.999999999998 0.154560858
9392.499999999998 0.154029579
9394.999999999998 0.1534983
9397.499999999998 0.15296702
9399.999999999998 0.152435741
9402.499999999998 0.151960322
9404.999999999998 0.151484903
9407.499999999998 0.151009484
9409.999999999998 0.150534065
9412.499999999998 0.150052175
9414.999999999998 0.149570286
9417.499999999998 0.149088396
9419.999999999998 0.148606507
9422.499999999998 0.148078835
9424.999999999998 0.147551164
9427.499999999998 0.147023493
9429.999999999998 0.146495821
9432.499999999998 0.146021147
9434.999999999998 0.145546473
9437.499999999998 0.1450718
9439.999999999998 0.144597126
9442.499999999998 0.144082931
9444.999999999998 0.143568736
9447.499999999998 0.143054542
9449.999999999998 0.142540347
9452.499999999998 0.142010913
9454.999999999998 0.141481478
9457.499999999998 0.140952043
9459.999999999998 0.140422609
9462.499999999998 0.139931123
9464.999999999998 0.139439638
9467.499999999998 0.138948153
9469.999999999998 0.138456667
9472.499999999998 0.137996089
9474.999999999998 0.13753551
9477.499999999998 0.137074932
9479.999999999998 0.136614353
9482.499999999998 0.136130033
9484.999999999998 0.135645713
9487.499999999998 0.135161394
9489.999999999998 0.134677074
9492.499999999998 0.134214057
9494.999999999998 0.133751041
9497.499999999998 0.133288024
9499.999999999998 0.132825007
9502.499999999998 0.132362867
9504.999999999998 0.131900727
9507.499999999998 0.131438586
9509.999999999998 0.130976446
9512.499999999998 0.130552319
9514.999999999998 0.130128193
9517.499999999998 0.129704066
9519.999999999998 0.129279939
9522.499999999998 0.128805947
9524.999999999998 0.128331954
9527.499999999998 0.127857961
9529.999999999998 0.127383968
9532.499999999998 0.126931003
9534.999999999998 0.126478037
9537.499999999998 0.126025072
9539.999999999998 0.125572106
9542.499999999998 0.125076325
9544.999999999998 0.124580545
9547.499999999998 0.124084764
9549.999999999998 0.123588983
9552.499999999998 0.123033318
9554.999999999998 0.122477652
9557.499999999998 0.121921986
9559.999999999998 0.12136632
9562.499999999998 0.120943534
9564.999999999998 0.120520749
9567.499999999998 0.120097964
9569.999999999998 0.119675179
9572.499999999998 0.119259763
9574.999999999998 0.118844348
9577.499999999998 0.118428933
9579.999999999998 0.118013518
9582.499999999998 0.117561454
9584.999999999998 0.11710939
9587.499999999998 0.116657325
9589.999999999998 0.116205261
9592.499999999998 0.115734651
9594.999999999998 0.115264042
9597.499999999998 0.114793432
9599.999999999998 0.114322822
9602.499999999998 0.113845958
9604.999999999998 0.113369094
9607.499999999998 0.112892229
9609.999999999998 0.112415365
9612.499999999998 0.111934912
9614.999999999998 0.111454459
