speclite/data/filters/gaiadr2maw-RP.ecsv
# %ECSV 0.9
# ---
# datatype:
# - {name: wavelength, unit: Angstrom, datatype: float64}
# - {name: response, datatype: float64}
# meta: !!omap
# - {url: 'https://ui.adsabs.harvard.edu/abs/2018A%26A...619A.180M/abstract'}
# - {group_name: gaiadr2maw}
# - {band_name: RP}
# - {airmass: 0}
# - {description: Bandpass for Gaia RP band for DR2 release from Maiz Appelaniz Weiler}
# schema: astropy-2.0
wavelength response
[from data line 1688]
10220.0 0.05561000000000001
10222.5 0.054809999999999984
10225.0 0.05406999999999999
10227.5 0.05338000000000001
10230.0 0.05275999999999999
10232.5 0.05224000000000001
10235.0 0.051799999999999985
10237.5 0.051369999999999985
10240.0 0.05094
10242.5 0.05048
10245.0 0.04998
10247.5 0.04944
10250.0 0.04882
10252.5 0.04811
10255.0 0.04731999999999999
10257.5 0.04654
10260.0 0.04583000000000001
10262.5 0.04522000000000001
10265.0 0.04469999999999999
10267.5 0.04424
10270.0 0.043800000000000006
10272.5 0.043410000000000004
10275.0 0.043039999999999995
10277.5 0.042649999999999993
10280.0 0.042190000000000005
10282.5 0.04163
10285.0 0.04100999999999999
10287.5 0.04036000000000001
10290.0 0.039730000000000015
10292.5 0.03914000000000001
10295.0 0.03857000000000002
10297.5 0.03805
10300.0 0.03758
10302.5 0.03714999999999999
10305.0 0.03678000000000001
10307.5 0.036419999999999994
10310.0 0.036059999999999995
10312.5 0.03567999999999999
10315.0 0.03527999999999999
10317.5 0.03484000000000001
10320.0 0.034369999999999984
10322.5 0.03383
10325.0 0.033259999999999984
10327.5 0.03269
10330.0 0.032159999999999994
10332.5 0.031700000000000006
10335.0 0.03130999999999999
10337.5 0.030960000000000015
10340.0 0.030619999999999994
10342.5 0.030300000000000007
10345.0 0.03
10347.5 0.029689999999999994
10350.0 0.029340000000000005
10352.5 0.02894999999999999
10355.0 0.02853
10357.5 0.028090000000000004
10360.0 0.027660000000000004
10362.5 0.027220000000000008
10365.0 0.026789999999999994
10367.5 0.026389999999999997
10370.0 0.026029999999999998
10372.5 0.025719999999999993
10375.0 0.025440000000000004
10377.5 0.025179999999999994
10380.0 0.024919999999999998
10382.5 0.02463
10385.0 0.02434
10387.5 0.024029999999999996
10390.0 0.02368999999999999
10392.5 0.023299999999999987
10395.0 0.022879999999999998
10397.5 0.022459999999999994
10400.0 0.022080000000000002
10402.5 0.021750000000000005
10405.0 0.021470000000000003
10407.5 0.021210000000000007
10410.0 0.020970000000000003
10412.5 0.020739999999999995
10415.0 0.020519999999999997
10417.5 0.020290000000000002
10420.0 0.020040000000000002
10422.5 0.019769999999999996
10425.0 0.01947
10427.5 0.019159999999999996
10430.0 0.018850000000000006
10432.5 0.018520000000000002
10435.0 0.018210000000000004
10437.5 0.017909999999999995
10440.0 0.017640000000000003
10442.5 0.017419999999999998
10445.0 0.017230000000000002
10447.5 0.01704
10450.0 0.016870000000000003
10452.5 0.01668
10455.0 0.01648
10457.5 0.01627
10460.0 0.016030000000000003
10462.5 0.01575
10465.0 0.015450000000000005
10467.5 0.01514
10470.0 0.014859999999999998
10472.5 0.014630000000000004
10475.0 0.014430000000000005
10477.5 0.014240000000000003
10480.0 0.014070000000000006
10482.5 0.013909999999999999
10485.0 0.013769999999999998
10487.5 0.01362
10490.0 0.01346
10492.5 0.013290000000000003
10495.0 0.0131
10497.5 0.012900000000000002
10500.0 0.012669999999999994
10502.5 0.01244
10505.0 0.012199999999999996
10507.5 0.011970000000000001
10510.0 0.011770000000000003
10512.5 0.0116
10515.0 0.011459999999999998
10517.5 0.011340000000000003
10520.0 0.01122
10522.5 0.011099999999999999
10525.0 0.010980000000000004
10527.5 0.010849999999999999
10530.0 0.010709999999999997
10532.5 0.01054
10535.0 0.010349999999999998
10537.5 0.010160000000000002
10540.0 0.00997
10542.5 0.00979
10545.0 0.00961
10547.5 0.009439999999999997
10550.0 0.009299999999999996
10552.5 0.009190000000000004
10555.0 0.00909
10557.5 0.009000000000000001
10560.0 0.008919999999999997
10562.5 0.008819999999999995
10565.0 0.008729999999999995
10567.5 0.00861
10570.0 0.008469999999999998
10572.5 0.008320000000000001
10575.0 0.008130000000000005
10577.5 0.007950000000000006
10580.0 0.007790000000000005
10582.5 0.007649999999999997
10585.0 0.007519999999999999
10587.5 0.0074199999999999995
10590.0 0.007330000000000003
10592.5 0.00724
10595.0 0.007180000000000002
10597.5 0.007100000000000002
10600.0 0.0070300000000000015
10602.5 0.006940000000000002
10605.0 0.006839999999999999
10607.5 0.00673
10610.0 0.006610000000000001
10612.5 0.00648
10615.0 0.0063300000000000006
10617.5 0.00618
10620.0 0.006069999999999999
10622.5 0.00596
10625.0 0.00588
10627.5 0.005809999999999999
10630.0 0.00574
10632.5 0.00569
10635.0 0.00563
10637.5 0.005569999999999999
10640.0 0.00549
10642.5 0.00542
10645.0 0.00532
10647.5 0.00523
10650.0 0.0051199999999999996
10652.5 0.0050100000000000006
10655.0 0.004900000000000001
10657.5 0.0048000000000000004
10660.0 0.004699999999999999
10662.5 0.00463
10665.0 0.004580000000000001
10667.5 0.00452
10670.0 0.00448
10672.5 0.00443
10675.0 0.00438
10677.5 0.0043300000000000005
10680.0 0.00427
10682.5 0.00419
10685.0 0.00411
10687.5 0.00401
10690.0 0.003930000000000001
10692.5 0.0038499999999999993
10695.0 0.003760000000000001
10697.5 0.003689999999999999
10700.0 0.003629999999999998
10702.5 0.00358
10705.0 0.0035299999999999984
10707.5 0.00349
10710.0 0.003449999999999998
10712.5 0.00341
10715.0 0.0033700000000000015
10717.5 0.0033299999999999996
10720.0 0.00328
10722.5 0.0032099999999999993
10725.0 0.003130000000000001
10727.5 0.0030600000000000002
10730.0 0.002980000000000001
10732.5 0.0029299999999999986
10735.0 0.002870000000000001
10737.5 0.0028199999999999996
10740.0 0.0027799999999999995
10742.5 0.002740000000000001
10745.0 0.0027100000000000006
10747.5 0.002680000000000002
10750.0 0.0026499999999999996
10752.5 0.002620000000000001
10755.0 0.002579999999999999
10757.5 0.002539999999999997
10760.0 0.0024999999999999988
10762.5 0.0024399999999999977
10765.0 0.00238
10767.5 0.0023199999999999957
10770.0 0.002270000000000001
10772.5 0.0022099999999999967
10775.0 0.0021699999999999983
10777.5 0.002149999999999999
10780.0 0.002119999999999997
10782.5 0.0020900000000000016
10785.0 0.0020700000000000024
10787.5 0.00204
10790.0 0.002020000000000001
10792.5 0.0019899999999999987
10795.0 0.0019500000000000003
10797.5 0.0019300000000000012
10800.0 0.0018900000000000028
10802.5 0.0018500000000000044
10805.0 0.0018200000000000022
10807.5 0.0017800000000000038
10810.0 0.0017500000000000016
10812.5 0.0017299999999999954
10815.0 0.0017100000000000032
10817.5 0.001690000000000011
10820.0 0.001680000000000001
10822.5 0.001680000000000001
10825.0 0.0016599999999999948
10827.5 0.0016499999999999987
10830.0 0.0016499999999999987
10832.5 0.0016300000000000064
10835.0 0.0016100000000000003
10837.5 0.0015899999999999942
10840.0 0.001570000000000002
10842.5 0.0015399999999999997
10845.0 0.0015099999999999975
10847.5 0.0014900000000000052
10850.0 0.001460000000000003
10852.5 0.001449999999999993
10855.0 0.0014400000000000107
10857.5 0.0014200000000000046
10860.0 0.0014100000000000085
10862.5 0.0014099999999999946
10865.0 0.0014099999999999946
10867.5 0.0013999999999999985
10870.0 0.0013900000000000023
10872.5 0.0013699999999999962
10875.0 0.00136
10877.5 0.001339999999999994
10880.0 0.0013200000000000017
10882.5 0.0013000000000000095
10885.0 0.0012699999999999934
10887.5 0.0012500000000000011
10890.0 0.001229999999999995
10892.5 0.0012199999999999989
10895.0 0.0012100000000000027
10897.5 0.0012000000000000066
10900.0 0.0012099999999999889
10902.5 0.0011899999999999966
10905.0 0.0011400000000000021
10907.5 0.0012399999999999911
10910.0 0.0012899999999999995
10912.5 0.0009099999999999941
10915.0 0.00039000000000000146
10917.5 3.0000000000002247e-05
10920.0 0.0
10922.5 4.000000000001225e-05
10925.0 9.999999999996123e-06
10927.5 0.0
