speclite/data/filters/gaiadr2maw-RP.ecsv
# %ECSV 0.9
# ---
# datatype:
# - {name: wavelength, unit: Angstrom, datatype: float64}
# - {name: response, datatype: float64}
# meta: !!omap
# - {url: 'https://ui.adsabs.harvard.edu/abs/2018A%26A...619A.180M/abstract'}
# - {group_name: gaiadr2maw}
# - {band_name: RP}
# - {airmass: 0}
# - {description: Bandpass for Gaia RP band for DR2 release from Maiz Appelaniz Weiler}
# schema: astropy-2.0
wavelength response
[from data line 818]
8045.0 0.81818
8047.5 0.8175300000000001
8050.0 0.81668
8052.5 0.8155
8055.0 0.8142499999999999
8057.5 0.8133199999999999
8060.0 0.81309
8062.5 0.8138000000000001
8065.0 0.81526
8067.5 0.8167
8070.0 0.81733
8072.5 0.81669
8075.0 0.8152900000000001
8077.5 0.8138099999999999
8080.0 0.8128299999999999
8082.5 0.81267
8085.0 0.81323
8087.5 0.81379
8090.0 0.81379
8092.5 0.81299
8095.0 0.81174
8097.5 0.81051
8100.0 0.8096800000000001
8102.5 0.80951
8105.0 0.80988
8107.5 0.8102699999999999
8110.0 0.81017
8112.5 0.80935
8115.0 0.80814
8117.5 0.80702
8120.0 0.8064
8122.5 0.8065
8125.0 0.80721
8127.5 0.8079500000000001
8130.0 0.80832
8132.5 0.8082
8135.0 0.8076800000000001
8137.5 0.8069299999999999
8140.0 0.80601
8142.5 0.80502
8145.0 0.80397
8147.5 0.80285
8150.0 0.80165
8152.5 0.80032
8155.0 0.79901
8157.5 0.79798
8160.0 0.79748
8162.5 0.79764
8165.0 0.79836
8167.5 0.79906
8170.0 0.7991199999999999
8172.5 0.79815
8175.0 0.7966
8177.5 0.79506
8180.0 0.79403
8182.5 0.79379
8185.0 0.79426
8187.5 0.79474
8190.0 0.79475
8192.5 0.79407
8195.0 0.79298
8197.5 0.79183
8200.0 0.79091
8202.5 0.7903699999999999
8205.0 0.79018
8207.5 0.79004
8210.0 0.7898299999999999
8212.5 0.78957
8215.0 0.78924
8217.5 0.7887700000000001
8220.0 0.78808
8222.5 0.78715
8225.0 0.78602
8227.5 0.78488
8230.0 0.7838700000000001
8232.5 0.78306
8235.0 0.78243
8237.5 0.78197
8240.0 0.78176
8242.5 0.78177
8245.0 0.78197
8247.5 0.7821199999999999
8250.0 0.78194
8252.5 0.7812699999999999
8255.0 0.78028
8257.5 0.77924
8260.0 0.77835
8262.5 0.7777499999999999
8265.0 0.7774
8267.5 0.7770600000000001
8270.0 0.7766
8272.5 0.7759699999999999
8275.0 0.7752399999999999
8277.5 0.7744599999999999
8280.0 0.7736900000000001
8282.5 0.7729499999999999
8285.0 0.77226
8287.5 0.77156
8290.0 0.77075
8292.5 0.76974
8295.0 0.7687
8297.5 0.76786
8300.0 0.76753
8302.5 0.7678499999999999
8305.0 0.76869
8307.5 0.7694500000000001
8310.0 0.7695
8312.5 0.76849
8315.0 0.7668499999999999
8317.5 0.76519
8320.0 0.76397
8322.5 0.76346
8325.0 0.76362
8327.5 0.76396
8330.0 0.7643099999999999
8332.5 0.76475
8335.0 0.7651399999999999
8337.5 0.76529
8340.0 0.76497
8342.5 0.76405
8345.0 0.7626000000000001
8347.5 0.76108
8350.0 0.75997
8352.5 0.7595799999999999
8355.0 0.7595599999999999
8357.5 0.75941
8360.0 0.75868
8362.5 0.7571100000000001
8365.0 0.75487
8367.5 0.75271
8370.0 0.75141
8372.5 0.7513700000000001
8375.0 0.75204
8377.5 0.75268
8380.0 0.75256
8382.5 0.75131
8385.0 0.74908
8387.5 0.74687
8390.0 0.7453500000000001
8392.5 0.74478
8395.0 0.74486
8397.5 0.74517
8400.0 0.7454700000000001
8402.5 0.74561
8405.0 0.74555
8407.5 0.74523
8410.0 0.74439
8412.5 0.7427900000000001
8415.0 0.74073
8417.5 0.73865
8420.0 0.73692
8422.5 0.73573
8425.0 0.7350800000000001
8427.5 0.73469
8430.0 0.73452
8432.5 0.7346900000000001
8435.0 0.735
8437.5 0.73515
8440.0 0.73483
8442.5 0.73385
8445.0 0.73227
8447.5 0.73065
8450.0 0.72947
8452.5 0.7289699999999999
8455.0 0.72883
8457.5 0.7286699999999999
8460.0 0.72813
8462.5 0.72702
8465.0 0.7254499999999999
8467.5 0.7238
8470.0 0.7222599999999999
8472.5 0.72079
8475.0 0.7194999999999999
8477.5 0.71853
8480.0 0.71806
8482.5 0.7182299999999999
8485.0 0.7189
8487.5 0.71954
8490.0 0.7196100000000001
8492.5 0.7188
8495.0 0.7174200000000001
8497.5 0.71593
8500.0 0.7147300000000001
8502.5 0.714
8505.0 0.7137100000000001
8507.5 0.71344
8510.0 0.71297
8512.5 0.71231
8515.0 0.71148
8517.5 0.71051
8520.0 0.7094100000000001
8522.5 0.70816
8525.0 0.70682
8527.5 0.7055600000000001
8530.0 0.70462
8532.5 0.7041599999999999
8535.0 0.704
8537.5 0.70379
8540.0 0.7033
8542.5 0.70233
8545.0 0.70095
8547.5 0.69956
8550.0 0.6984400000000001
8552.5 0.6976899999999999
8555.0 0.69718
8557.5 0.69677
8560.0 0.69631
8562.5 0.69578
8565.0 0.69515
8567.5 0.6944
8570.0 0.69346
8572.5 0.6922200000000001
8575.0 0.6908
8577.5 0.68938
8580.0 0.6881
8582.5 0.68706
8585.0 0.68624
8587.5 0.6854899999999999
8590.0 0.68475
8592.5 0.68405
8595.0 0.6833400000000001
8597.5 0.68255
8600.0 0.68159
8602.5 0.6804
8605.0 0.6790200000000001
8607.5 0.67768
8610.0 0.67662
8612.5 0.67593
8615.0 0.67548
8617.5 0.6750900000000001
8620.0 0.6745599999999999
8622.5 0.67382
8625.0 0.6728799999999999
8627.5 0.67188
8630.0 0.67089
8632.5 0.6699499999999999
8635.0 0.669
8637.5 0.66802
8640.0 0.66694
8642.5 0.66574
8645.0 0.6644599999999999
8647.5 0.66324
8650.0 0.6622600000000001
8652.5 0.66162
8655.0 0.66115
8657.5 0.6607000000000001
8660.0 0.6601
8662.5 0.65929
8665.0 0.65828
8667.5 0.65709
8670.0 0.65565
8672.5 0.65383
8675.0 0.65184
8677.5 0.6499699999999999
8680.0 0.64846
8682.5 0.64748
8685.0 0.64698
8687.5 0.64666
8690.0 0.64635
8692.5 0.6460600000000001
8695.0 0.64573
8697.5 0.6452899999999999
8700.0 0.64464
8702.5 0.64372
8705.0 0.64256
8707.5 0.6413300000000001
8710.0 0.64012
8712.5 0.63894
8715.0 0.6378299999999999
8717.5 0.63692
8720.0 0.63634
8722.5 0.6361600000000001
8725.0 0.6363300000000001
8727.5 0.63642
8730.0 0.63606
8732.5 0.63506
8735.0 0.6336200000000001
8737.5 0.6320300000000001
8740.0 0.63056
8742.5 0.62934
8745.0 0.62837
8747.5 0.6274599999999999
8750.0 0.62658
8752.5 0.6257900000000001
8755.0 0.62505
8757.5 0.62427
8760.0 0.62334
8762.5 0.62221
8765.0 0.62091
8767.5 0.6196499999999999
8770.0 0.61872
8772.5 0.6182200000000001
8775.0 0.61797
8777.5 0.61763
8780.0 0.61694
8782.5 0.61569
8785.0 0.6140000000000001
8787.5 0.61224
8790.0 0.6106900000000001
8792.5 0.60945
8795.0 0.60841
8797.5 0.60754
8800.0 0.60677
8802.5 0.60608
8805.0 0.60547
8807.5 0.6048600000000001
8810.0 0.60409
8812.5 0.60307
8815.0 0.6019
8817.5 0.60076
8820.0 0.59982
8822.5 0.59917
8825.0 0.59875
8827.5 0.59832
8830.0 0.59772
8832.5 0.5969
8835.0 0.59592
8837.5 0.5948100000000001
8840.0 0.59357
8842.5 0.5922200000000001
8845.0 0.5907899999999999
8847.5 0.58948
8850.0 0.58859
8852.5 0.5883
8855.0 0.58836
8857.5 0.58841
8860.0 0.5880399999999999
8862.5 0.58707
8865.0 0.58555
8867.5 0.5840299999999999
8870.0 0.5828599999999999
8872.5 0.58215
8875.0 0.5817599999999999
8877.5 0.5814999999999999
8880.0 0.58118
8882.5 0.58078
8885.0 0.5802499999999999
8887.5 0.57961
8890.0 0.57876
8892.5 0.57758
8895.0 0.57622
8897.5 0.57486
8900.0 0.57372
8902.5 0.57291
8905.0 0.5723800000000001
8907.5 0.57187
8910.0 0.57125
8912.5 0.57045
8915.0 0.56951
8917.5 0.5684600000000001
8920.0 0.56725
8922.5 0.56588
8925.0 0.5643699999999999
8927.5 0.5629900000000001
8930.0 0.56202
8932.5 0.5616300000000001
8935.0 0.56159
8937.5 0.56155
8940.0 0.5611499999999999
8942.5 0.56023
8945.0 0.5588500000000001
8947.5 0.55739
8950.0 0.55604
8952.5 0.55479
8955.0 0.55369
8957.5 0.55277
8960.0 0.55208
8962.5 0.5517
8965.0 0.55155
8967.5 0.55137
8970.0 0.5509
8972.5 0.55006
8975.0 0.54892
8977.5 0.54762
8980.0 0.54627
8982.5 0.54492
8985.0 0.54359
8987.5 0.5423
8990.0 0.5411699999999999
8992.5 0.54024
8995.0 0.53947
8997.5 0.5387099999999999
9000.0 0.5378999999999999
9002.5 0.53696
9005.0 0.53589
9007.5 0.53479
9010.0 0.53371
9012.5 0.5326
9015.0 0.53152
9017.5 0.53047
9020.0 0.52948
9022.5 0.52857
9025.0 0.52774
9027.5 0.52693
9030.0 0.52613
9032.5 0.5253099999999999
9035.0 0.5244800000000001
9037.5 0.52362
9040.0 0.52271
9042.5 0.5217499999999999
9045.0 0.52071
9047.5 0.51971
9050.0 0.5188
9052.5 0.51805
9055.0 0.51737
9057.5 0.51667
9060.0 0.5157999999999999
9062.5 0.51475
9065.0 0.51353
9067.5 0.51227
9070.0 0.511
9072.5 0.50973
9075.0 0.5085
9077.5 0.5074
9080.0 0.50654
9082.5 0.50601
9085.0 0.5057200000000001
9087.5 0.5054
9090.0 0.5047699999999999
9092.5 0.50372
9095.0 0.50238
9097.5 0.5009
9100.0 0.49948000000000004
9102.5 0.49813999999999997
9105.0 0.49691
9107.5 0.49577000000000004
9110.0 0.49482
9112.5 0.49417
9115.0 0.49366
9117.5 0.49310000000000004
9120.0 0.49221000000000004
9122.5 0.49085999999999996
9125.0 0.48912999999999995
9127.5 0.48743000000000003
9130.0 0.48605
9132.5 0.48507
9135.0 0.48441
9137.5 0.4839
9140.0 0.48341
9142.5 0.48292999999999997
9145.0 0.48241999999999996
9147.5 0.48179
9150.0 0.48082
9152.5 0.47936999999999996
9155.0 0.47763
9157.5 0.47594000000000003
9160.0 0.47465
9162.5 0.47392
9165.0 0.47367000000000004
9167.5 0.47348
9170.0 0.47312
9172.5 0.47256000000000004
9175.0 0.47178
9177.5 0.47075
9180.0 0.46939
9182.5 0.46762
9185.0 0.46552
9187.5 0.46355
9190.0 0.46215
9192.5 0.46155999999999997
9195.0 0.46149999999999997
9197.5 0.46155999999999997
9200.0 0.46137
9202.5 0.46076
9205.0 0.45975
9207.5 0.45853
9210.0 0.45711
9212.5 0.45533
9215.0 0.45341
9217.5 0.45164
9220.0 0.45035
9222.5 0.44972
9225.0 0.44967
9227.5 0.44964
9230.0 0.44923
9232.5 0.44828
9235.0 0.44694
9237.5 0.44543
9240.0 0.44394
9242.5 0.44251
9245.0 0.44117
9247.5 0.43996
9250.0 0.43906
9252.5 0.4386
9255.0 0.43841
9257.5 0.43817
9260.0 0.43760000000000004
9262.5 0.43654
9265.0 0.43504000000000004
9267.5 0.43345999999999996
9270.0 0.43193
9272.5 0.43049000000000004
9275.0 0.42918
9277.5 0.42806
9280.0 0.42719
9282.5 0.42666000000000004
9285.0 0.42642
9287.5 0.42613999999999996
9290.0 0.42557
9292.5 0.42457
9295.0 0.42328
9297.5 0.42189
9300.0 0.42058
9302.5 0.41944
9305.0 0.41845
9307.5 0.41754
9310.0 0.41669
9312.5 0.41597
9315.0 0.41530999999999996
9317.5 0.41461000000000003
9320.0 0.41382
9322.5 0.41286999999999996
9325.0 0.41177
9327.5 0.41062
9330.0 0.40951000000000004
9332.5 0.40845
9335.0 0.40743
9337.5 0.40642
9340.0 0.40542
9342.5 0.40442
9345.0 0.40342999999999996
9347.5 0.40242
9350.0 0.40139
9352.5 0.40034000000000003
9355.0 0.39925999999999995
9357.5 0.3982
9360.0 0.39719
9362.5 0.39624
9365.0 0.39537
9367.5 0.39446
9370.0 0.39345
9372.5 0.39227
9375.0 0.391
9377.5 0.38976999999999995
9380.0 0.38869
9382.5 0.38783
9385.0 0.38714
9387.5 0.38647
9390.0 0.38576
9392.5 0.38499
9395.0 0.38412999999999997
9397.5 0.38316
9400.0 0.38204000000000005
9402.5 0.38071
9405.0 0.3792
9407.5 0.37778
9410.0 0.37670000000000003
9412.5 0.3761
9415.0 0.37579
9417.5 0.37551999999999996
9420.0 0.37496999999999997
9422.5 0.37407
9425.0 0.37284
9427.5 0.37146
9430.0 0.36998000000000003
9432.5 0.36832000000000004
9435.0 0.36662
9437.5 0.3651
9440.0 0.364
9442.5 0.36346
9445.0 0.3634
9447.5 0.36336
9450.0 0.36300999999999994
9452.5 0.36226
9455.0 0.36116
9457.5 0.35985
9460.0 0.35842999999999997
9462.5 0.3569
9465.0 0.35529
9467.5 0.35380999999999996
9470.0 0.35271
9472.5 0.35213
9475.0 0.35192
9477.5 0.35175
9480.0 0.3514
9482.5 0.3507
9485.0 0.34971
9487.5 0.34854
9490.0 0.3472
9492.5 0.34561
9495.0 0.34389
9497.5 0.34227
9500.0 0.34096
9502.5 0.34008
9505.0 0.33958
9507.5 0.33919
9510.0 0.33875
9512.5 0.33823000000000003
9515.0 0.33760999999999997
9517.5 0.33685
9520.0 0.33586000000000005
9522.5 0.33459
9525.0 0.33307
9527.5 0.33159000000000005
9530.0 0.33043
9532.5 0.32968
9535.0 0.32922
9537.5 0.32884
9540.0 0.32832
9542.5 0.3276
9545.0 0.3267
9547.5 0.32566
9550.0 0.32445999999999997
9552.5 0.32306
9555.0 0.32152
9557.5 0.32001999999999997
9560.0 0.31871
9562.5 0.31767
9565.0 0.31687
9567.5 0.31613
9570.0 0.31531
9572.5 0.31438
9575.0 0.31337
9577.5 0.31231000000000003
9580.0 0.31123999999999996
9582.5 0.31015
9585.0 0.30905000000000005
9587.5 0.30794
9590.0 0.30689
9592.5 0.30591
9595.0 0.30496999999999996
9597.5 0.30401999999999996
9600.0 0.30298
9602.5 0.30182
9605.0 0.30056
9607.5 0.29933
9610.0 0.29819
9612.5 0.29717000000000005
9615.0 0.29624
9617.5 0.29534
9620.0 0.29443
9622.5 0.29351
9625.0 0.29256
9627.5 0.29153
9630.0 0.29031999999999997
9632.5 0.28888
9635.0 0.28731
9637.5 0.28578
9640.0 0.28448
9642.5 0.2835
9645.0 0.28278
9647.5 0.28212
9650.0 0.2814
9652.5 0.2806
9655.0 0.2797
9657.5 0.27867
9660.0 0.27744
9662.5 0.27595000000000003
9665.0 0.27425
9667.5 0.27258
9670.0 0.27115
9672.5 0.27003
9675.0 0.26915
9677.5 0.26839
9680.0 0.26766
9682.5 0.26692
9685.0 0.26618
9687.5 0.26528
9690.0 0.26407
9692.5 0.26245
9695.0 0.26056
9697.5 0.25867
9700.0 0.25708
9702.5 0.25587
9705.0 0.25502
9707.5 0.25428
9710.0 0.25358
9712.5 0.25292000000000003
9715.0 0.25224
9717.5 0.25139
9720.0 0.25021
9722.5 0.2486
9725.0 0.24663000000000002
9727.5 0.24466000000000002
9730.0 0.24296
9732.5 0.24159999999999998
9735.0 0.24053
9737.5 0.23968
9740.0 0.239
9742.5 0.23848
9745.0 0.23808
9747.5 0.23754
9750.0 0.23663
9752.5 0.23519
9755.0 0.2334
9757.5 0.23146999999999998
9760.0 0.22968
9762.5 0.22809000000000001
9765.0 0.22672
9767.5 0.22553
9770.0 0.22461
9772.5 0.22406
9775.0 0.22372
9777.5 0.22336
9780.0 0.2227
9782.5 0.22161
9785.0 0.22013
9787.5 0.21855
9790.0 0.21696
9792.5 0.21538
9795.0 0.21386
9797.5 0.21249
9800.0 0.21137
9802.5 0.21058
9805.0 0.21006
9807.5 0.20958000000000002
9810.0 0.20895999999999998
9812.5 0.20813
9815.0 0.20712000000000003
9817.5 0.20593
9820.0 0.20457
9822.5 0.20301
9825.0 0.20129000000000002
9827.5 0.19963999999999998
9830.0 0.19822
9832.5 0.19714
9835.0 0.19632
9837.5 0.19566
9840.0 0.19508
9842.5 0.19457
9845.0 0.19408
9847.5 0.19347
9850.0 0.19255
9852.5 0.19121000000000002
9855.0 0.18959
9857.5 0.18788
9860.0 0.18633999999999998
9862.5 0.18505
9865.0 0.18396
9867.5 0.18300999999999998
9870.0 0.18217
9872.5 0.1815
9875.0 0.18091000000000002
9877.5 0.18028
9880.0 0.17948999999999998
9882.5 0.17845
9885.0 0.17720000000000002
9887.5 0.17586000000000002
9890.0 0.17450000000000002
9892.5 0.1731
9895.0 0.17173
9897.5 0.17043
9900.0 0.16927
9902.5 0.1683
9905.0 0.16746999999999998
9907.5 0.16670000000000001
9910.0 0.16593000000000002
9912.5 0.16515000000000002
9915.0 0.16432000000000002
9917.5 0.16337
9920.0 0.16225000000000003
9922.5 0.16089
9925.0 0.15933
9927.5 0.15778999999999999
9930.0 0.15639
9932.5 0.15519999999999998
9935.0 0.15419000000000002
9937.5 0.15328
9940.0 0.15242999999999998
9942.5 0.15163
9945.0 0.15085999999999997
9947.5 0.15001
9950.0 0.14894
9952.5 0.1476
9955.0 0.14604999999999999
9957.5 0.14448000000000003
9960.0 0.14301999999999998
9962.5 0.14175
9965.0 0.14064000000000002
9967.5 0.13962000000000002
9970.0 0.13867
9972.5 0.13782
9975.0 0.13702000000000003
9977.5 0.13621
9980.0 0.13529000000000002
9982.5 0.13425
9985.0 0.13307999999999998
9987.5 0.13190999999999997
9990.0 0.1308
9992.5 0.12977
9995.0 0.12882000000000002
9997.5 0.12796
10000.0 0.12717
10002.5 0.12644
10005.0 0.12574000000000002
10007.5 0.12502999999999997
10010.0 0.12423000000000001
10012.5 0.12328999999999998
10015.0 0.12225
10017.5 0.12117000000000003
10020.0 0.12014000000000002
10022.5 0.11914999999999998
10025.0 0.11820000000000003
10027.5 0.11731
10030.0 0.11648999999999998
10032.5 0.11576999999999998
10035.0 0.11510999999999996
10037.5 0.11443999999999999
10040.0 0.11367
10042.5 0.11278000000000002
10045.0 0.11176999999999998
10047.5 0.11073
10050.0 0.10966000000000001
10052.5 0.10859000000000002
10055.0 0.10752
10057.5 0.10649999999999998
10060.0 0.1056
10062.5 0.10484000000000002
10065.0 0.10418
10067.5 0.10354999999999998
10070.0 0.10285999999999998
10072.5 0.10210999999999998
10075.0 0.10128999999999999
10077.5 0.10038999999999998
10080.0 0.09939999999999999
10082.5 0.09828
10085.0 0.09706000000000001
10087.5 0.09589
10090.0 0.09487999999999999
10092.5 0.09406
10095.0 0.09340999999999999
10097.5 0.09281999999999999
10100.0 0.09223
10102.5 0.09161999999999998
10105.0 0.09098
10107.5 0.09026
10110.0 0.08939
10112.5 0.08834
10115.0 0.08717
10117.5 0.08598
10120.0 0.08489000000000001
10122.5 0.08394
10125.0 0.08313000000000001
10127.5 0.08239
10130.0 0.08172
10132.5 0.08114999999999999
10135.0 0.08062
10137.5 0.08006999999999999
10140.0 0.07942
10142.5 0.07862000000000001
10145.0 0.07770999999999999
10147.5 0.07673999999999999
10150.0 0.07577
10152.5 0.07475
10155.0 0.07375
10157.5 0.07282000000000001
10160.0 0.07202
10162.5 0.07138000000000001
10165.0 0.07090000000000002
10167.5 0.07044000000000002
10170.0 0.06994
10172.5 0.06936
10175.0 0.06871000000000001
10177.5 0.06797
10180.0 0.06715
10182.5 0.06623000000000001
10185.0 0.06522
10187.5 0.06423
10190.0 0.06332999999999998
10192.5 0.06255000000000001
10195.0 0.06189
10197.5 0.06130000000000001
10200.0 0.060770000000000005
10202.5 0.06029000000000001
10205.0 0.059840000000000004
10207.5 0.05935999999999998
10210.0 0.058789999999999995
10212.5 0.05808000000000001
10215.0 0.05727
