speclite/data/filters/gaiadr2maw-G.ecsv
# %ECSV 0.9
# ---
# datatype:
# - {name: wavelength, unit: Angstrom, datatype: float64}
# - {name: response, datatype: float64}
# meta: !!omap
# - {url: 'https://ui.adsabs.harvard.edu/abs/2018A%26A...619A.180M/abstract'}
# - {group_name: gaiadr2maw}
# - {band_name: G}
# - {airmass: 0}
# - {description: Bandpass for Gaia G band for DR2 release from Maiz Appelaniz Weiler}
# schema: astropy-2.0
wavelength response
[from data line 1668]
7402.5 0.93184
7405.0 0.93126
7407.5 0.93067
7410.0 0.93008
7412.5 0.92952
7415.0 0.92898
7417.5 0.9284600000000001
7420.0 0.92801
7422.5 0.92764
7425.0 0.92733
7427.5 0.92701
7430.0 0.92659
7432.5 0.9260400000000001
7435.0 0.92542
7437.5 0.9248000000000001
7440.0 0.9242699999999999
7442.5 0.9238900000000001
7445.0 0.92364
7447.5 0.92337
7450.0 0.92296
7452.5 0.9223800000000001
7455.0 0.9216799999999999
7457.5 0.92098
7460.0 0.9203
7462.5 0.9197
7465.0 0.91916
7467.5 0.91869
7470.0 0.91833
7472.5 0.91809
7475.0 0.91795
7477.5 0.9178
7480.0 0.91754
7482.5 0.9171499999999999
7485.0 0.91662
7487.5 0.91605
7490.0 0.91544
7492.5 0.9148200000000001
7495.0 0.9141699999999999
7497.5 0.9135500000000001
7500.0 0.91299
7502.5 0.91252
7505.0 0.91211
7507.5 0.91174
7510.0 0.9114
7512.5 0.9110900000000001
7515.0 0.91078
7517.5 0.9104099999999999
7520.0 0.90991
7522.5 0.9092100000000001
7525.0 0.90835
7527.5 0.90748
7530.0 0.90669
7532.5 0.90599
7535.0 0.9053899999999999
7537.5 0.90486
7540.0 0.90446
7542.5 0.9041899999999999
7545.0 0.90402
7547.5 0.90385
7550.0 0.90355
7552.5 0.90308
7555.0 0.90249
7557.5 0.90187
7560.0 0.9012600000000001
7562.5 0.90073
7565.0 0.90027
7567.5 0.8998
7570.0 0.89927
7572.5 0.89866
7575.0 0.8980199999999999
7577.5 0.89739
7580.0 0.89681
7582.5 0.8963099999999999
7585.0 0.8958999999999999
7587.5 0.89545
7590.0 0.89485
7592.5 0.8940600000000001
7595.0 0.8931500000000001
7597.5 0.89224
7600.0 0.89143
7602.5 0.89078
7605.0 0.89025
7607.5 0.8898
7610.0 0.88937
7612.5 0.8889699999999999
7615.0 0.8885799999999999
7617.5 0.88819
7620.0 0.88775
7622.5 0.88724
7625.0 0.8866499999999999
7627.5 0.88605
7630.0 0.8855
7632.5 0.88501
7635.0 0.8845299999999999
7637.5 0.88406
7640.0 0.88356
7642.5 0.8830199999999999
7645.0 0.8824299999999999
7647.5 0.88181
7650.0 0.88119
7652.5 0.8805400000000001
7655.0 0.87989
7657.5 0.87917
7660.0 0.8784099999999999
7662.5 0.87753
7665.0 0.87656
7667.5 0.87564
7670.0 0.87494
7672.5 0.8745
7675.0 0.87422
7677.5 0.87393
7680.0 0.87346
7682.5 0.8726999999999999
7685.0 0.87168
7687.5 0.87063
7690.0 0.8696699999999999
7692.5 0.86882
7695.0 0.86806
7697.5 0.8673700000000001
7700.0 0.86676
7702.5 0.86624
7705.0 0.86581
7707.5 0.86537
7710.0 0.86483
7712.5 0.86414
7715.0 0.86337
7717.5 0.8625700000000001
7720.0 0.86178
7722.5 0.86102
7725.0 0.86029
7727.5 0.85961
7730.0 0.859
7732.5 0.8585200000000001
7735.0 0.85811
7737.5 0.85769
7740.0 0.8571899999999999
7742.5 0.8565499999999999
7745.0 0.8558199999999999
7747.5 0.85504
7750.0 0.85427
7752.5 0.85355
7755.0 0.85283
7757.5 0.8520599999999999
7760.0 0.85121
7762.5 0.85024
7765.0 0.84915
7767.5 0.84811
7770.0 0.84719
7772.5 0.8464700000000001
7775.0 0.84588
7777.5 0.8453700000000001
7780.0 0.84492
7782.5 0.84453
7785.0 0.84417
7787.5 0.84372
7790.0 0.84305
7792.5 0.84207
7795.0 0.8408899999999999
7797.5 0.83967
7800.0 0.83855
7802.5 0.83758
7805.0 0.83677
7807.5 0.83606
7810.0 0.83547
7812.5 0.83502
7815.0 0.83466
7817.5 0.83431
7820.0 0.83387
7822.5 0.83333
7825.0 0.83268
7827.5 0.83191
7830.0 0.83103
7832.5 0.83
7835.0 0.82887
7837.5 0.8277
7840.0 0.82661
7842.5 0.8256199999999999
7845.0 0.82472
7847.5 0.8238800000000001
7850.0 0.82307
7852.5 0.8222900000000001
7855.0 0.82154
7857.5 0.8208
7860.0 0.82005
7862.5 0.8192699999999999
7865.0 0.81844
7867.5 0.8176300000000001
7870.0 0.81684
7872.5 0.81608
7875.0 0.81534
7877.5 0.81461
7880.0 0.8139000000000001
7882.5 0.8132
7885.0 0.81254
7887.5 0.81183
7890.0 0.81106
7892.5 0.81019
7895.0 0.80927
7897.5 0.80833
7900.0 0.80743
7902.5 0.8065599999999999
7905.0 0.8057500000000001
7907.5 0.8049499999999999
7910.0 0.8042
7912.5 0.80349
7915.0 0.80279
7917.5 0.80211
7920.0 0.80141
7922.5 0.80069
7925.0 0.79995
7927.5 0.79917
7930.0 0.7983300000000001
7932.5 0.79743
7935.0 0.79646
7937.5 0.7954600000000001
7940.0 0.79444
7942.5 0.7934
7945.0 0.79235
7947.5 0.7913100000000001
7950.0 0.79032
7952.5 0.7894100000000001
7955.0 0.78855
7957.5 0.78771
7960.0 0.78687
7962.5 0.78599
7965.0 0.7851
7967.5 0.7842100000000001
7970.0 0.7833699999999999
7972.5 0.78259
7975.0 0.78181
7977.5 0.78102
7980.0 0.78016
7982.5 0.7791999999999999
7985.0 0.7781399999999999
7987.5 0.77706
7990.0 0.77599
7992.5 0.77495
7995.0 0.77393
7997.5 0.7729199999999999
8000.0 0.7719
8002.5 0.7708699999999999
8005.0 0.76982
8007.5 0.76881
8010.0 0.7678600000000001
8012.5 0.7669600000000001
8015.0 0.76612
8017.5 0.76531
8020.0 0.7645299999999999
8022.5 0.76378
8025.0 0.76303
8027.5 0.76227
8030.0 0.76144
8032.5 0.76053
8035.0 0.75956
8037.5 0.7585299999999999
8040.0 0.7574799999999999
8042.5 0.7564299999999999
8045.0 0.75536
8047.5 0.7542800000000001
8050.0 0.7531599999999999
8052.5 0.75204
8055.0 0.7509100000000001
8057.5 0.7498
8060.0 0.74877
8062.5 0.74783
8065.0 0.74699
8067.5 0.74614
8070.0 0.74522
8072.5 0.7442
8075.0 0.7431099999999999
8077.5 0.74202
8080.0 0.741
8082.5 0.7400800000000001
8085.0 0.73925
8087.5 0.7384200000000001
8090.0 0.73753
8092.5 0.73654
8095.0 0.73551
8097.5 0.73447
8100.0 0.73347
8102.5 0.73257
8105.0 0.7317400000000001
8107.5 0.73088
8110.0 0.7298800000000001
8112.5 0.72872
8115.0 0.72747
8117.5 0.72628
8120.0 0.72528
8122.5 0.72456
8125.0 0.7240800000000001
8127.5 0.7236199999999999
8130.0 0.72302
8132.5 0.72223
8135.0 0.7213
8137.5 0.72028
8140.0 0.71924
8142.5 0.7182000000000001
8145.0 0.71717
8147.5 0.71607
8150.0 0.71487
8152.5 0.71356
8155.0 0.71218
8157.5 0.7108
8160.0 0.7095
8162.5 0.7083200000000001
8165.0 0.70725
8167.5 0.70623
8170.0 0.7052499999999999
8172.5 0.70432
8175.0 0.7034199999999999
8177.5 0.70252
8180.0 0.70156
8182.5 0.7004999999999999
8185.0 0.69938
8187.5 0.69821
8190.0 0.6970299999999999
8192.5 0.69583
8195.0 0.6946100000000001
8197.5 0.69339
8200.0 0.6922
8202.5 0.69105
8205.0 0.68992
8207.5 0.6888500000000001
8210.0 0.68783
8212.5 0.68689
8215.0 0.6859999999999999
8217.5 0.68509
8220.0 0.68415
8222.5 0.68311
8225.0 0.68199
8227.5 0.68086
8230.0 0.6797799999999999
8232.5 0.6787799999999999
8235.0 0.6778000000000001
8237.5 0.6768
8240.0 0.67572
8242.5 0.6745300000000001
8245.0 0.67325
8247.5 0.67195
8250.0 0.67069
8252.5 0.6694800000000001
8255.0 0.66832
8257.5 0.6671900000000001
8260.0 0.6661
8262.5 0.6650799999999999
8265.0 0.6641
8267.5 0.6630900000000001
8270.0 0.66203
8272.5 0.66086
8275.0 0.65963
8277.5 0.6583899999999999
8280.0 0.65716
8282.5 0.6559600000000001
8285.0 0.6547900000000001
8287.5 0.65369
8290.0 0.65264
8292.5 0.65169
8295.0 0.6508100000000001
8297.5 0.64993
8300.0 0.64902
8302.5 0.64803
8305.0 0.6469699999999999
8307.5 0.64588
8310.0 0.64479
8312.5 0.64369
8315.0 0.64257
8317.5 0.64146
8320.0 0.64036
8322.5 0.63927
8325.0 0.6382
8327.5 0.6371399999999999
8330.0 0.6361100000000001
8332.5 0.6351
8335.0 0.6341
8337.5 0.6331100000000001
8340.0 0.63212
8342.5 0.63112
8345.0 0.6301100000000001
8347.5 0.6290800000000001
8350.0 0.628
8352.5 0.62686
8355.0 0.62568
8357.5 0.62443
8360.0 0.62311
8362.5 0.62169
8365.0 0.6202000000000001
8367.5 0.61871
8370.0 0.6173
8372.5 0.61599
8375.0 0.61478
8377.5 0.61362
8380.0 0.61251
8382.5 0.61143
8385.0 0.61039
8387.5 0.60936
8390.0 0.6083099999999999
8392.5 0.60722
8395.0 0.60611
8397.5 0.60494
8400.0 0.60373
8402.5 0.60243
8405.0 0.60106
8407.5 0.5996900000000001
8410.0 0.59838
8412.5 0.59712
8415.0 0.59592
8417.5 0.59477
8420.0 0.59364
8422.5 0.5925199999999999
8425.0 0.59141
8427.5 0.59037
8430.0 0.58948
8432.5 0.5887399999999999
8435.0 0.58809
8437.5 0.5874
8440.0 0.5864900000000001
8442.5 0.58531
8445.0 0.58387
8447.5 0.5823499999999999
8450.0 0.58082
8452.5 0.57933
8455.0 0.57785
8457.5 0.5763900000000001
8460.0 0.57497
8462.5 0.5736
8465.0 0.5722900000000001
8467.5 0.57101
8470.0 0.56973
8472.5 0.5684800000000001
8475.0 0.56723
8477.5 0.5660200000000001
8480.0 0.56484
8482.5 0.5637300000000001
8485.0 0.56265
8487.5 0.56154
8490.0 0.56035
8492.5 0.5590299999999999
8495.0 0.55763
8497.5 0.55623
8500.0 0.55489
8502.5 0.55366
8505.0 0.5525300000000001
8507.5 0.55143
8510.0 0.5503300000000001
8512.5 0.54924
8515.0 0.5481499999999999
8517.5 0.54703
8520.0 0.54581
8522.5 0.5444699999999999
8525.0 0.54303
8527.5 0.5416
8530.0 0.5402399999999999
8532.5 0.53901
8535.0 0.53785
8537.5 0.53677
8540.0 0.5357
8542.5 0.5346700000000001
8545.0 0.5336700000000001
8547.5 0.53264
8550.0 0.53157
8552.5 0.53044
8555.0 0.52923
8557.5 0.52802
8560.0 0.52686
8562.5 0.52579
8565.0 0.52478
8567.5 0.52371
8570.0 0.52254
8572.5 0.5212100000000001
8575.0 0.51978
8577.5 0.51829
8580.0 0.51678
8582.5 0.51525
8585.0 0.5137
8587.5 0.51224
8590.0 0.51095
8592.5 0.5098900000000001
8595.0 0.5089899999999999
8597.5 0.5081100000000001
8600.0 0.50709
8602.5 0.50585
8605.0 0.5044099999999999
8607.5 0.503
8610.0 0.50176
8612.5 0.50072
8615.0 0.49981
8617.5 0.49893999999999994
8620.0 0.498
8622.5 0.49697
8625.0 0.49583999999999995
8627.5 0.49465
8630.0 0.49341
8632.5 0.49212
8635.0 0.49077
8637.5 0.48938999999999994
8640.0 0.48795000000000005
8642.5 0.48644000000000004
8645.0 0.48489
8647.5 0.48340999999999995
8650.0 0.48210000000000003
8652.5 0.48103
8655.0 0.48011000000000004
8657.5 0.4792
8660.0 0.47816000000000003
8662.5 0.47696
8665.0 0.47558
8667.5 0.47411000000000003
8670.0 0.47250000000000003
8672.5 0.47073000000000004
8675.0 0.46888
8677.5 0.46712000000000004
8680.0 0.46565
8682.5 0.46459
8685.0 0.46387
8687.5 0.46323
8690.0 0.46248
8692.5 0.46159
8695.0 0.46058999999999994
8697.5 0.45948999999999995
8700.0 0.45827999999999997
8702.5 0.45694999999999997
8705.0 0.45553999999999994
8707.5 0.45409000000000005
8710.0 0.45265999999999995
8712.5 0.45127999999999996
8715.0 0.44995
8717.5 0.44870999999999994
8720.0 0.4476399999999999
8722.5 0.44677
8725.0 0.44608000000000003
8727.5 0.44537
8730.0 0.44454000000000005
8732.5 0.4435
8735.0 0.44233
8737.5 0.44106
8740.0 0.43975000000000003
8742.5 0.43838999999999995
8745.0 0.43699
8747.5 0.43561
8750.0 0.43429
8752.5 0.43309
8755.0 0.43196
8757.5 0.43084
8760.0 0.42967
8762.5 0.42843
8765.0 0.42711
8767.5 0.42578
8770.0 0.42447
8772.5 0.42318
8775.0 0.4219
8777.5 0.42060000000000003
8780.0 0.41925
8782.5 0.41784
8785.0 0.41638000000000003
8787.5 0.41492999999999997
8790.0 0.41353
8792.5 0.41217000000000004
8795.0 0.41086
8797.5 0.40961
8800.0 0.40843999999999997
8802.5 0.40734000000000004
8805.0 0.40631
8807.5 0.40531
8810.0 0.40431
8812.5 0.40327
8815.0 0.40221999999999997
8817.5 0.40113
8820.0 0.39997
8822.5 0.39875
8825.0 0.39745
8827.5 0.39613000000000004
8830.0 0.39478
8832.5 0.39343
8835.0 0.39208
8837.5 0.39074000000000003
8840.0 0.38943
8842.5 0.38817999999999997
8845.0 0.38694999999999996
8847.5 0.38575000000000004
8850.0 0.38455
8852.5 0.38334
8855.0 0.38215000000000005
8857.5 0.38096
8860.0 0.37981
8862.5 0.37868
8865.0 0.37757999999999997
8867.5 0.37651
8870.0 0.37549
8872.5 0.37452
8875.0 0.37358
8877.5 0.37262
8880.0 0.37158
8882.5 0.37044
8885.0 0.36919
8887.5 0.3679
8890.0 0.36663999999999997
8892.5 0.36538000000000004
8895.0 0.36414
8897.5 0.36289000000000005
8900.0 0.36165
8902.5 0.36041999999999996
8905.0 0.35918
8907.5 0.35793
8910.0 0.35666000000000003
8912.5 0.35536999999999996
8915.0 0.35403999999999997
8917.5 0.35273
8920.0 0.35142999999999996
8922.5 0.35014999999999996
8925.0 0.34887999999999997
8927.5 0.34768
8930.0 0.34656
8932.5 0.34555
8935.0 0.34460999999999997
8937.5 0.34367000000000003
8940.0 0.34265
8942.5 0.34148
8945.0 0.3402
8947.5 0.33891
8950.0 0.33765
8952.5 0.33645
8955.0 0.3353
8957.5 0.33418
8960.0 0.33308000000000004
8962.5 0.33204
8965.0 0.33103
8967.5 0.33
8970.0 0.3289
8972.5 0.32772
8975.0 0.32648
8977.5 0.32519000000000003
8980.0 0.3239
8982.5 0.32258000000000003
8985.0 0.32127
8987.5 0.31998
8990.0 0.31873999999999997
8992.5 0.31758
8995.0 0.31648
8997.5 0.31540999999999997
9000.0 0.31435
9002.5 0.31328
9005.0 0.3122
9007.5 0.31111999999999995
9010.0 0.31003
9012.5 0.30891
9015.0 0.30776
9017.5 0.30660000000000004
9020.0 0.30544000000000004
9022.5 0.30425
9025.0 0.30304
9027.5 0.30186999999999997
9030.0 0.30071000000000003
9032.5 0.2996
9035.0 0.29852
9037.5 0.29746
9040.0 0.29636999999999997
9042.5 0.29527000000000003
9045.0 0.29414
9047.5 0.29302
9050.0 0.29194000000000003
9052.5 0.2909
9055.0 0.28987
9057.5 0.28885000000000005
9060.0 0.28777
9062.5 0.28664
9065.0 0.28547
9067.5 0.2843
9070.0 0.28314
9072.5 0.28203
9075.0 0.28093999999999997
9077.5 0.27987
9080.0 0.27884
9082.5 0.27786
9085.0 0.27692
9087.5 0.27597
9090.0 0.27497
9092.5 0.27391
9095.0 0.27279
9097.5 0.27163
9100.0 0.27045
9102.5 0.26926000000000005
9105.0 0.26805
9107.5 0.26684
9110.0 0.26563000000000003
9112.5 0.26446
9115.0 0.26331
9117.5 0.26217
9120.0 0.26108
9122.5 0.25999999999999995
9125.0 0.25894
9127.5 0.25791
9130.0 0.25693
9132.5 0.25597
9135.0 0.25504
9137.5 0.25411
9140.0 0.25317
9142.5 0.25220000000000004
9145.0 0.25121
9147.5 0.2502
9150.0 0.24919999999999998
9152.5 0.24816999999999997
9155.0 0.24715
9157.5 0.24612
9160.0 0.2451
9162.5 0.24408
9165.0 0.24309
9167.5 0.24208
9170.0 0.24102
9172.5 0.23993
9175.0 0.23879999999999998
9177.5 0.23766
9180.0 0.23653000000000002
9182.5 0.23541
9185.0 0.2343
9187.5 0.23321999999999998
9190.0 0.23218
9192.5 0.2312
9195.0 0.23026
9197.5 0.22935
9200.0 0.22841999999999998
9202.5 0.22749999999999998
9205.0 0.22655
9207.5 0.22558
9210.0 0.2246
9212.5 0.22358
9215.0 0.22254
9217.5 0.22149
9220.0 0.22045
9222.5 0.21944
9225.0 0.21845
9227.5 0.21747
9230.0 0.2165
9232.5 0.21551
9235.0 0.21453
9237.5 0.21355
9240.0 0.21256
9242.5 0.21156
9245.0 0.21055
9247.5 0.20955000000000001
9250.0 0.20853
9252.5 0.20751999999999998
9255.0 0.20648999999999998
9257.5 0.20549
9260.0 0.20451
9262.5 0.20357
9265.0 0.20266
9267.5 0.20174999999999998
9270.0 0.20086
9272.5 0.19995
9275.0 0.19904999999999998
9277.5 0.19815
9280.0 0.19727
9282.5 0.19638999999999998
9285.0 0.19552000000000003
9287.5 0.19466000000000003
9290.0 0.19380000000000003
9292.5 0.19296000000000002
9295.0 0.19211999999999999
9297.5 0.19124999999999998
9300.0 0.19036
9302.5 0.18941000000000002
9305.0 0.18842000000000003
9307.5 0.18742000000000003
9310.0 0.18645
9312.5 0.18551999999999996
9315.0 0.18461
9317.5 0.18372000000000002
9320.0 0.18283
9322.5 0.18195
9325.0 0.18106
9327.5 0.18018
9330.0 0.17930000000000001
9332.5 0.17841
9335.0 0.17753
9337.5 0.17663999999999996
9340.0 0.17575000000000002
9342.5 0.17484999999999998
9345.0 0.17396999999999996
9347.5 0.17308
9350.0 0.1722
9352.5 0.17135999999999998
9355.0 0.17053000000000001
9357.5 0.16969999999999996
9360.0 0.16888
9362.5 0.16805000000000003
9365.0 0.16722
9367.5 0.16637
9370.0 0.16551
9372.5 0.16463
9375.0 0.16371999999999998
9377.5 0.16282000000000002
9380.0 0.16192
9382.5 0.16104
9385.0 0.16019
9387.5 0.15933
9390.0 0.15848
9392.5 0.15761000000000003
9395.0 0.15675999999999998
9397.5 0.15591
9400.0 0.15508
9402.5 0.15427999999999997
9405.0 0.15350999999999998
9407.5 0.15272999999999998
9410.0 0.15197
9412.5 0.15119
9415.0 0.15041000000000002
9417.5 0.14963
9420.0 0.14884
9422.5 0.14801999999999998
9425.0 0.14719
9427.5 0.14635
9430.0 0.14554
9432.5 0.14477
9435.0 0.14401000000000003
9437.5 0.14326
9440.0 0.1425
9442.5 0.14171999999999998
9445.0 0.14092
9447.5 0.14011
9450.0 0.13931
9452.5 0.1385
9455.0 0.13768
9457.5 0.13687
9460.0 0.13607999999999998
9462.5 0.1353
9465.0 0.13454
9467.5 0.13379
9470.0 0.13304
9472.5 0.13230999999999998
9475.0 0.1316
9477.5 0.13088
9480.0 0.13016
9482.5 0.12943
9485.0 0.12868000000000002
9487.5 0.12794
9490.0 0.12721
9492.5 0.12649
9495.0 0.12578
9497.5 0.12507000000000001
9500.0 0.12437
9502.5 0.12366999999999999
9505.0 0.12295
9507.5 0.12225999999999998
9510.0 0.12158
9512.5 0.12090999999999999
9515.0 0.12026999999999999
9517.5 0.11961000000000002
9520.0 0.11896000000000001
9522.5 0.11825999999999999
9525.0 0.11756
9527.5 0.11685
9530.0 0.11617
9532.5 0.11549000000000001
9535.0 0.11481999999999999
9537.5 0.11415999999999998
9540.0 0.11349000000000001
9542.5 0.11279
9545.0 0.1121
9547.5 0.11139
9550.0 0.11066
9552.5 0.10991000000000001
9555.0 0.10913
9557.5 0.10837
9560.0 0.10764
9562.5 0.10697999999999999
9565.0 0.10636000000000001
9567.5 0.10576999999999999
9570.0 0.10516999999999999
