speclite/data/filters/gaiadr2maw-G.ecsv
# %ECSV 0.9
# ---
# datatype:
# - {name: wavelength, unit: Angstrom, datatype: float64}
# - {name: response, datatype: float64}
# meta: !!omap
# - {url: 'https://ui.adsabs.harvard.edu/abs/2018A%26A...619A.180M/abstract'}
# - {group_name: gaiadr2maw}
# - {band_name: G}
# - {airmass: 0}
# - {description: Bandpass for Gaia G band for DR2 release from Maiz Appelaniz Weiler}
# schema: astropy-2.0
wavelength response
[from data line 2537]
9575.0 0.10397999999999999
9577.5 0.10338
9580.0 0.10276999999999999
9582.5 0.10215000000000002
9585.0 0.10152
9587.5 0.10088
9590.0 0.10024
9592.5 0.0996
9595.0 0.09896000000000002
9597.5 0.09832
9600.0 0.09768
9602.5 0.09703
9605.0 0.09638000000000001
9607.5 0.09575
9610.0 0.09509999999999999
9612.5 0.09446
9615.0 0.09381
9617.5 0.09318000000000001
9620.0 0.09255
9622.5 0.09192
9625.0 0.09132
9627.5 0.09071
9630.0 0.09011000000000001
9632.5 0.08951
9635.0 0.08891999999999999
9637.5 0.08832999999999999
9640.0 0.08775999999999999
9642.5 0.08718
9645.0 0.08663
9647.5 0.08608
9650.0 0.08553
9652.5 0.08499000000000001
9655.0 0.08444000000000002
9657.5 0.0839
9660.0 0.08336
9662.5 0.08281000000000001
9665.0 0.08227
9667.5 0.08171999999999999
9670.0 0.08116999999999999
9672.5 0.08060999999999999
9675.0 0.08005
9677.5 0.07948
9680.0 0.07891
9682.5 0.07834
9685.0 0.07776999999999998
9687.5 0.07719999999999999
9690.0 0.07665000000000001
9692.5 0.0761
9695.0 0.07555
9697.5 0.07502
9700.0 0.07447999999999999
9702.5 0.07393
9705.0 0.07339000000000001
9707.5 0.07285000000000001
9710.0 0.07230999999999999
9712.5 0.07178
9715.0 0.07125999999999999
9717.5 0.07075000000000001
9720.0 0.07024999999999999
9722.5 0.06976
9725.0 0.06927
9727.5 0.06879
9730.0 0.06833000000000002
9732.5 0.06786999999999999
9735.0 0.06741
9737.5 0.06695
9740.0 0.06649
9742.5 0.06604
9745.0 0.06557999999999999
9747.5 0.06511
9750.0 0.06464000000000002
9752.5 0.06416
9755.0 0.06367
9757.5 0.06319
9760.0 0.0627
9762.5 0.062209999999999994
9765.0 0.06173
9767.5 0.06124
9770.0 0.060759999999999995
9772.5 0.06027999999999999
9775.0 0.05981
9777.5 0.05933
9780.0 0.05887
9782.5 0.0584
9785.0 0.057949999999999995
9787.5 0.05749
9790.0 0.05704
9792.5 0.05659
9795.0 0.056139999999999995
9797.5 0.055700000000000006
9800.0 0.05527
9802.5 0.05483999999999999
9805.0 0.05442
9807.5 0.054
9810.0 0.053590000000000006
9812.5 0.053180000000000005
9815.0 0.05277
9817.5 0.05237
9820.0 0.05196
9822.5 0.051559999999999995
9825.0 0.051140000000000005
9827.5 0.05073
9830.0 0.05034
9832.5 0.049929999999999995
9835.0 0.04953
9837.5 0.04913000000000001
9840.0 0.04874
9842.5 0.04835
9845.0 0.04796
9847.5 0.04757
9850.0 0.04717
9852.5 0.04676
9855.0 0.04635000000000001
9857.5 0.04595
9860.0 0.045540000000000004
9862.5 0.04516
9865.0 0.044770000000000004
9867.5 0.0444
9870.0 0.04401
9872.5 0.043640000000000005
9875.0 0.04325
9877.5 0.042870000000000005
9880.0 0.04251
9882.5 0.042159999999999996
9885.0 0.041800000000000004
9887.5 0.04145
9890.0 0.04111000000000001
9892.5 0.04076999999999999
9895.0 0.040419999999999984
9897.5 0.04009
9900.0 0.03974
9902.5 0.03939999999999999
9905.0 0.039059999999999984
9907.5 0.038720000000000004
9910.0 0.03838
9912.5 0.03804000000000002
9915.0 0.037699999999999984
9917.5 0.037370000000000014
9920.0 0.03703000000000001
9922.5 0.03669999999999998
9925.0 0.03636
9927.5 0.036020000000000024
9930.0 0.03568000000000002
9932.5 0.03534999999999999
9935.0 0.035
9937.5 0.034670000000000006
9940.0 0.03434000000000001
9942.5 0.034019999999999995
9945.0 0.03369999999999998
9947.5 0.03337000000000001
9950.0 0.033060000000000006
9952.5 0.03272999999999998
9955.0 0.032409999999999994
9957.5 0.03208999999999998
9960.0 0.03178
9962.5 0.031470000000000026
9965.0 0.031180000000000013
9967.5 0.030889999999999973
9970.0 0.03059999999999999
9972.5 0.030310000000000004
9975.0 0.03003
9977.5 0.02976000000000001
9980.0 0.02947999999999998
9982.5 0.029219999999999996
9985.0 0.028950000000000004
9987.5 0.02869000000000002
9990.0 0.02841000000000002
9992.5 0.02814999999999998
9995.0 0.027869999999999978
9997.5 0.027590000000000003
10000.0 0.027319999999999997
10002.5 0.02704000000000001
10005.0 0.026759999999999992
10007.5 0.026490000000000014
10010.0 0.026219999999999993
10012.5 0.02595
10015.0 0.025679999999999994
10017.5 0.025419999999999998
10020.0 0.025150000000000006
10022.5 0.024889999999999995
10025.0 0.02463
10027.5 0.02436999999999999
10030.0 0.024120000000000003
10032.5 0.023859999999999992
10035.0 0.023609999999999992
10037.5 0.023370000000000002
10040.0 0.023129999999999998
10042.5 0.022879999999999998
10045.0 0.022639999999999993
10047.5 0.022400000000000003
10050.0 0.022169999999999995
10052.5 0.02194
10055.0 0.021710000000000007
10057.5 0.02148
10060.0 0.02126
10062.5 0.02103999999999999
10065.0 0.02081999999999999
10067.5 0.020610000000000003
10070.0 0.020390000000000005
10072.5 0.020170000000000007
10075.0 0.019960000000000006
10077.5 0.01974999999999999
10080.0 0.019529999999999992
10082.5 0.019320000000000004
10085.0 0.019110000000000002
10087.5 0.018890000000000004
10090.0 0.01869
10092.5 0.018479999999999996
10095.0 0.01826
10097.5 0.018059999999999993
10100.0 0.01786
10102.5 0.01765
10105.0 0.017460000000000003
10107.5 0.017249999999999995
10110.0 0.017050000000000003
10112.5 0.016860000000000007
10115.0 0.016670000000000004
10117.5 0.016470000000000005
10120.0 0.016280000000000003
10122.5 0.016099999999999996
10125.0 0.015909999999999994
10127.5 0.015729999999999994
10130.0 0.015549999999999994
10132.5 0.015370000000000009
10135.0 0.015189999999999995
10137.5 0.015030000000000002
10140.0 0.014850000000000002
10142.5 0.014680000000000012
10145.0 0.014510000000000009
10147.5 0.014350000000000002
10150.0 0.014189999999999994
10152.5 0.01403
10155.0 0.013860000000000011
10157.5 0.013700000000000004
10160.0 0.013550000000000006
10162.5 0.013389999999999999
10165.0 0.013229999999999992
10167.5 0.013090000000000004
10170.0 0.012929999999999997
10172.5 0.01278
10175.0 0.012630000000000002
10177.5 0.012470000000000009
10180.0 0.012319999999999998
10182.5 0.01217
10185.0 0.012020000000000003
10187.5 0.011870000000000006
10190.0 0.01172999999999999
10192.5 0.011579999999999993
10195.0 0.01143000000000001
10197.5 0.011289999999999994
10200.0 0.011150000000000007
10202.5 0.011010000000000006
10205.0 0.010870000000000005
10207.5 0.01074
10210.0 0.010610000000000008
10212.5 0.010480000000000003
10215.0 0.010349999999999998
10217.5 0.010230000000000003
10220.0 0.010099999999999998
10222.5 0.009980000000000003
10225.0 0.009860000000000008
10227.5 0.009739999999999999
10230.0 0.00963
10232.5 0.009510000000000005
10235.0 0.009389999999999996
10237.5 0.009279999999999997
10240.0 0.009169999999999998
10242.5 0.009059999999999999
10245.0 0.00895
10247.5 0.008849999999999997
10250.0 0.008730000000000002
10252.5 0.008629999999999999
10255.0 0.008510000000000004
10257.5 0.00841
10260.0 0.008300000000000002
10262.5 0.008180000000000007
10265.0 0.008080000000000004
10267.5 0.007980000000000001
10270.0 0.007870000000000002
10272.5 0.007769999999999999
10275.0 0.007669999999999996
10277.5 0.007570000000000007
10280.0 0.007470000000000004
10282.5 0.007369999999999995
10285.0 0.007269999999999999
10287.5 0.007170000000000003
10290.0 0.007080000000000003
10292.5 0.006989999999999996
10295.0 0.006890000000000007
10297.5 0.0068000000000000005
10300.0 0.006710000000000001
10302.5 0.006620000000000001
10305.0 0.006530000000000001
10307.5 0.006449999999999997
10310.0 0.006359999999999998
10312.5 0.006280000000000001
10315.0 0.006199999999999997
10317.5 0.0061200000000000004
10320.0 0.006029999999999994
10322.5 0.00596
10325.0 0.005880000000000003
10327.5 0.0058
10330.0 0.005729999999999999
10332.5 0.005639999999999999
10335.0 0.0055699999999999986
10337.5 0.005490000000000002
10340.0 0.005420000000000001
10342.5 0.005350000000000001
10345.0 0.005270000000000004
10347.5 0.005200000000000003
10350.0 0.005129999999999996
10352.5 0.005059999999999995
10355.0 0.004990000000000001
10357.5 0.004920000000000001
10360.0 0.00485
10362.5 0.0047799999999999995
10365.0 0.004709999999999999
10367.5 0.004640000000000002
10370.0 0.004580000000000001
10372.5 0.00451
10375.0 0.004449999999999999
10377.5 0.0043900000000000015
10380.0 0.004320000000000001
10382.5 0.00426
10385.0 0.004199999999999999
10387.5 0.004140000000000001
10390.0 0.00408
10392.5 0.004020000000000003
10395.0 0.003969999999999998
10397.5 0.00391
10400.0 0.0038499999999999993
10402.5 0.0038000000000000013
10405.0 0.003740000000000002
10407.5 0.003680000000000001
10410.0 0.0036299999999999995
10412.5 0.0035700000000000003
10415.0 0.0035200000000000006
10417.5 0.0034599999999999995
10420.0 0.0034100000000000007
10422.5 0.00336
10425.0 0.00332
10427.5 0.00327
10430.0 0.00321
10432.5 0.00317
10435.0 0.0031200000000000004
10437.5 0.00307
10440.0 0.003020000000000001
10442.5 0.0029699999999999987
10445.0 0.0029300000000000003
10447.5 0.0028800000000000006
10450.0 0.002830000000000001
10452.5 0.0027800000000000012
10455.0 0.0027399999999999994
10457.5 0.0026900000000000014
10460.0 0.0026500000000000013
10462.5 0.0026099999999999995
10465.0 0.0025600000000000015
10467.5 0.0025199999999999997
10470.0 0.0024800000000000004
10472.5 0.00243
10475.0 0.0023900000000000015
10477.5 0.0023499999999999997
10480.0 0.0023099999999999996
10482.5 0.002279999999999999
10485.0 0.002230000000000001
10487.5 0.0022000000000000006
10490.0 0.0021600000000000005
10492.5 0.0021200000000000004
10495.0 0.00209
10497.5 0.0020599999999999993
10500.0 0.002020000000000001
10502.5 0.001979999999999999
10505.0 0.0019400000000000008
10507.5 0.0019199999999999998
10510.0 0.0018799999999999997
10512.5 0.0018499999999999992
10515.0 0.0018200000000000004
10517.5 0.00179
10520.0 0.0017500000000000016
10522.5 0.001720000000000001
10525.0 0.0017000000000000019
10527.5 0.00166
10530.0 0.0016299999999999995
10532.5 0.0016000000000000007
10535.0 0.0015699999999999985
10537.5 0.0015499999999999993
10540.0 0.001510000000000001
10542.5 0.0014900000000000017
10545.0 0.0014599999999999995
10547.5 0.0014300000000000007
10550.0 0.0013999999999999985
10552.5 0.0013699999999999997
10555.0 0.0013500000000000005
10557.5 0.0013200000000000017
10560.0 0.001299999999999999
10562.5 0.0012700000000000003
10565.0 0.0012500000000000011
10567.5 0.0012199999999999989
10570.0 0.0011999999999999997
10572.5 0.0011800000000000005
10575.0 0.0011600000000000013
10577.5 0.001129999999999999
10580.0 0.0011099999999999999
10582.5 0.0010900000000000007
10585.0 0.0010700000000000015
10587.5 0.0010500000000000023
10590.0 0.0010300000000000031
10592.5 0.001010000000000004
10595.0 0.0009899999999999978
10597.5 0.0009700000000000056
10600.0 0.0009499999999999995
10602.5 0.0009400000000000033
10605.0 0.0009200000000000041
10607.5 0.000899999999999998
10610.0 0.0008900000000000019
10612.5 0.0008599999999999997
10615.0 0.0008500000000000035
10617.5 0.0008200000000000013
10620.0 0.0008099999999999982
10622.5 0.0008000000000000021
10625.0 0.0007800000000000029
10627.5 0.0007699999999999999
10630.0 0.0007500000000000007
10632.5 0.0007300000000000015
10635.0 0.0007199999999999984
10637.5 0.0006999999999999992
10640.0 0.0006900000000000031
10642.5 0.00068
10645.0 0.0006700000000000039
10647.5 0.0006499999999999978
10650.0 0.0006400000000000017
10652.5 0.0006299999999999986
10655.0 0.0006200000000000025
10657.5 0.0006099999999999994
10660.0 0.0005900000000000002
10662.5 0.0005799999999999972
10665.0 0.0005700000000000011
10667.5 0.0005600000000000049
10670.0 0.0005399999999999988
10672.5 0.0005399999999999988
10675.0 0.0005300000000000027
10677.5 0.0005199999999999996
10680.0 0.0005000000000000004
10682.5 0.0004899999999999974
10685.0 0.0004900000000000043
10687.5 0.0004800000000000082
10690.0 0.0004699999999999982
10692.5 0.0004600000000000021
10695.0 0.0004499999999999921
10697.5 0.00043999999999999595
10700.0 0.00043999999999999595
10702.5 0.0004299999999999998
10705.0 0.0004099999999999937
10707.5 0.0004099999999999937
10710.0 0.0003999999999999976
10712.5 0.00039000000000000146
10715.0 0.00037999999999999146
10717.5 0.00039000000000000146
10720.0 0.00038000000000000533
10722.5 0.00036999999999999533
10725.0 0.0003599999999999992
10727.5 0.0003500000000000031
10730.0 0.0003500000000000031
10732.5 0.0003399999999999931
10735.0 0.00034000000000000696
10737.5 0.00032000000000000084
10740.0 0.00032000000000000084
10742.5 0.00032000000000000084
10745.0 0.0003100000000000047
10747.5 0.0002999999999999947
10750.0 0.0003000000000000086
10752.5 0.0002899999999999986
10755.0 0.00028000000000000247
10757.5 0.00028000000000000247
10760.0 0.00027000000000000635
10762.5 0.00027000000000000635
10765.0 0.00025999999999999635
10767.5 0.00025999999999999635
10770.0 0.0002500000000000002
10772.5 0.0002500000000000002
10775.0 0.0002400000000000041
10777.5 0.0002299999999999941
10780.0 0.00023000000000000798
10782.5 0.0002299999999999941
10785.0 0.0002299999999999941
10787.5 0.00021999999999999797
10790.0 0.00021000000000000185
10792.5 0.00020999999999998797
10795.0 0.00021000000000000185
10797.5 0.00019999999999999185
10800.0 0.00019999999999999185
10802.5 0.00018999999999999573
10805.0 0.00018999999999999573
10807.5 0.0001799999999999996
10810.0 0.0001799999999999996
10812.5 0.00017000000000000348
10815.0 0.00017000000000000348
10817.5 0.0001699999999999896
10820.0 0.00015999999999999348
10822.5 0.00015999999999999348
10825.0 0.00014999999999999736
10827.5 0.00015000000000001124
10830.0 0.00014999999999999736
10832.5 0.00014999999999999736
10835.0 0.00014000000000000123
10837.5 0.00014000000000000123
10840.0 0.00014000000000000123
10842.5 0.0001300000000000051
10845.0 0.00012000000000000899
10847.5 0.00011999999999999511
10850.0 0.00011999999999999511
10852.5 0.00011999999999998123
10855.0 0.00010999999999999899
10857.5 0.00010999999999999899
10860.0 0.00010999999999999899
10862.5 0.00010999999999999899
10865.0 0.00010000000000001674
10867.5 0.00010999999999999899
10870.0 0.00010000000000001674
10872.5 0.00010000000000001674
10875.0 9.000000000000674e-05
10877.5 9.000000000000674e-05
10880.0 9.000000000000674e-05
10882.5 7.999999999999674e-05
10885.0 9.000000000000674e-05
10887.5 7.999999999999674e-05
10890.0 7.999999999999674e-05
10892.5 7.00000000000145e-05
10895.0 6.999999999998674e-05
10897.5 6.999999999998674e-05
10900.0 7.00000000000145e-05
10902.5 6.0000000000004494e-05
10905.0 6.999999999998674e-05
10907.5 7.00000000000145e-05
10910.0 6.0000000000004494e-05
10912.5 6.0000000000004494e-05
10915.0 6.0000000000004494e-05
10917.5 4.999999999999449e-05
10920.0 4.999999999999449e-05
10922.5 4.999999999999449e-05
10925.0 4.999999999999449e-05
10927.5 3.0000000000002247e-05
10930.0 0.0
