speclite/data/filters/gaiadr2_g.ecsv
# %ECSV 0.9
# ---
# datatype:
# - {name: wavelength, unit: Angstrom, datatype: float64}
# - {name: response, datatype: float64}
# meta: !!omap
# - {url: 'https://www.cosmos.esa.int/web/gaia/iow_20180316'}
# - {group_name: GAIADR2}
# - {band_name: G}
# - {airmass: 0}
# - {description: Bandpass for Gaia G band for DR2 release}
# schema: astropy-2.0
wavelength response
[from data line 1042]
5604.999999999999 0.708278662
5607.499999999999 0.708263863
5609.999999999999 0.708249064
5612.499999999999 0.708435848
5614.999999999999 0.708622633
5617.499999999999 0.708809418
5619.999999999999 0.708996202
5622.499999999999 0.709018134
5624.999999999999 0.709040066
5627.499999999999 0.709061998
5629.999999999999 0.70908393
5632.499999999999 0.709200792
5634.999999999999 0.709317654
5637.499999999999 0.709434515
5639.999999999999 0.709551377
5642.499999999999 0.709604414
5644.999999999999 0.709657451
5647.499999999999 0.709710488
5649.999999999999 0.709763525
5652.499999999999 0.709772679
5654.999999999999 0.709781833
5657.499999999999 0.709790988
5659.999999999999 0.709800142
5662.499999999999 0.709973812
5664.999999999999 0.710147481
5667.499999999999 0.710321151
5669.999999999999 0.71049482
5672.499999999999 0.710545848
5674.999999999999 0.710596876
5677.499999999999 0.710647904
5679.999999999999 0.710698932
5682.499999999999 0.710545654
5684.999999999999 0.710392377
5687.499999999999 0.7102391
5689.999999999999 0.710085823
5692.499999999999 0.710238093
5694.999999999999 0.710390363
5697.499999999999 0.710542634
5699.999999999999 0.710694904
5702.499999999999 0.710624871
5704.999999999999 0.710554837
5707.499999999999 0.710484804
5709.999999999999 0.710414771
5712.499999999999 0.710433761
5714.999999999999 0.710452751
5717.499999999999 0.710471741
5719.999999999999 0.710490731
5722.499999999999 0.710520239
5724.999999999999 0.710549748
5727.499999999999 0.710579257
5729.999999999999 0.710608766
5732.499999999999 0.710753393
5734.999999999999 0.710898021
5737.499999999999 0.711042648
5739.999999999999 0.711187275
5742.499999999999 0.711135758
5744.999999999999 0.711084241
5747.499999999999 0.711032723
5749.999999999999 0.710981206
5752.499999999999 0.710999972
5754.999999999999 0.711018738
5757.499999999999 0.711037504
5759.999999999999 0.71105627
5762.499999999999 0.711104577
5764.999999999999 0.711152883
5767.499999999999 0.71120119
5769.999999999999 0.711249497
5772.499999999999 0.711451748
5774.999999999999 0.711654
5777.499999999999 0.711856252
5779.999999999999 0.712058503
5782.499999999999 0.712000603
5784.999999999999 0.711942702
5787.499999999999 0.711884802
5789.999999999999 0.711826901
5792.499999999999 0.711854798
5794.999999999999 0.711882695
5797.499999999999 0.711910592
5799.999999999999 0.711938489
5802.499999999999 0.712072857
5804.999999999999 0.712207225
5807.499999999999 0.712341594
5809.999999999999 0.712475962
5812.499999999999 0.7123741
5814.999999999999 0.712272239
5817.499999999999 0.712170377
5819.999999999999 0.712068516
5822.499999999999 0.712221392
5824.999999999999 0.712374268
5827.499999999999 0.712527143
5829.999999999999 0.712680019
5832.499999999999 0.712611121
5834.999999999999 0.712542223
5837.499999999999 0.712473325
5839.999999999999 0.712404427
5842.499999999999 0.712319041
5844.999999999999 0.712233655
5847.499999999999 0.712148269
5849.999999999999 0.712062884
5852.499999999999 0.711914494
5854.999999999999 0.711766105
5857.499999999999 0.711617716
5859.999999999999 0.711469326
5862.499999999999 0.711727013
5864.999999999999 0.7119847
5867.499999999999 0.712242386
5869.999999999999 0.712500073
5872.499999999999 0.71254751
5874.999999999999 0.712594946
5877.499999999999 0.712642383
5879.999999999999 0.71268982
5882.499999999999 0.712844091
5884.999999999999 0.712998362
5887.499999999999 0.713152634
5889.999999999999 0.713306905
5892.499999999999 0.71339498
5894.999999999999 0.713483056
5897.499999999999 0.713571131
5899.999999999999 0.713659206
5902.499999999999 0.71348297
5904.999999999999 0.713306733
5907.499999999999 0.713130497
5909.999999999999 0.712954261
5912.499999999999 0.712688146
5914.999999999999 0.712422032
5917.499999999999 0.712155917
5919.999999999999 0.711889802
5922.499999999999 0.712094719
5924.999999999999 0.712299636
5927.499999999999 0.712504553
5929.999999999999 0.71270947
5932.499999999999 0.712719548
5934.999999999999 0.712729627
5937.499999999999 0.712739706
5939.999999999999 0.712749784
5942.499999999999 0.712774178
5944.999999999999 0.712798571
5947.499999999999 0.712822965
5949.999999999999 0.712847358
5952.499999999999 0.713074919
5954.999999999999 0.713302479
5957.499999999999 0.71353004
5959.999999999999 0.7137576
5962.499999999999 0.713506035
5964.999999999999 0.71325447
5967.499999999999 0.713002904
5969.999999999999 0.712751339
5972.499999999999 0.712714758
5974.999999999999 0.712678177
5977.499999999999 0.712641596
5979.999999999999 0.712605015
5982.499999999999 0.712454785
5984.999999999999 0.712304555
5987.499999999999 0.712154325
5989.999999999999 0.712004095
5992.499999999999 0.711998092
5994.999999999999 0.711992088
5997.499999999999 0.711986084
5999.999999999999 0.71198008
6002.499999999999 0.712304842
6004.999999999999 0.712629604
6007.499999999999 0.712954366
6009.999999999999 0.713279128
6012.499999999999 0.713016622
6014.999999999999 0.712754115
6017.499999999999 0.712491608
6019.999999999999 0.712229102
6022.499999999999 0.71217796
6024.999999999999 0.712126819
6027.499999999999 0.712075677
6029.999999999999 0.712024536
6032.499999999999 0.712104382
6034.999999999999 0.712184227
6037.499999999999 0.712264073
6039.999999999999 0.712343919
6042.499999999999 0.712167694
6044.999999999999 0.711991468
6047.499999999999 0.711815243
6049.999999999999 0.711639018
6052.499999999999 0.71162434
6054.999999999999 0.711609662
6057.499999999999 0.711594984
6059.999999999999 0.711580306
6062.499999999999 0.711450664
6064.999999999999 0.711321022
6067.499999999999 0.71119138
6069.999999999999 0.711061737
6072.499999999999 0.711142079
6074.999999999999 0.71122242
6077.499999999999 0.711302762
6079.999999999999 0.711383104
6082.499999999999 0.711413059
6084.999999999999 0.711443015
6087.499999999999 0.711472971
6089.999999999999 0.711502927
6092.499999999999 0.711421009
6094.999999999999 0.711339092
6097.499999999999 0.711257175
6099.999999999999 0.711175258
6102.499999999999 0.711279201
6104.999999999999 0.711383145
6107.499999999999 0.711487088
6109.999999999999 0.711591031
6112.499999999999 0.711395941
6114.999999999999 0.711200851
6117.499999999999 0.711005761
6119.999999999999 0.710810672
6122.499999999999 0.710825576
6124.999999999999 0.71084048
6127.499999999999 0.710855384
6129.999999999999 0.710870288
6132.499999999999 0.710814297
6134.999999999999 0.710758306
6137.499999999999 0.710702315
6139.999999999999 0.710646325
6142.499999999999 0.710671448
6144.999999999999 0.710696571
6147.499999999999 0.710721694
6149.999999999999 0.710746818
6152.499999999999 0.710705604
6154.999999999999 0.71066439
6157.499999999999 0.710623175
6159.999999999999 0.710581961
6162.499999999999 0.710450374
6164.999999999999 0.710318787
6167.499999999999 0.7101872
6169.999999999999 0.710055613
6172.499999999999 0.70978294
6174.999999999999 0.709510268
6177.499999999999 0.709237595
6179.999999999999 0.708964922
6182.499999999999 0.708992377
6184.999999999999 0.709019832
6187.499999999999 0.709047288
6189.999999999999 0.709074743
6192.499999999999 0.709101791
6194.999999999999 0.709128838
6197.499999999999 0.709155886
6199.999999999999 0.709182934
6202.499999999999 0.709114489
6204.999999999999 0.709046045
6207.499999999999 0.7089776
6209.999999999999 0.708909156
6212.499999999999 0.709019815
6214.999999999999 0.709130474
6217.499999999999 0.709241132
6219.999999999999 0.709351791
6222.499999999999 0.709072613
6224.999999999999 0.708793435
6227.499999999999 0.708514257
6229.999999999999 0.708235079
6232.499999999999 0.707931535
6234.999999999999 0.70762799
6237.499999999999 0.707324446
6239.999999999999 0.707020901
6242.499999999999 0.706982112
6244.999999999999 0.706943324
6247.499999999999 0.706904535
6249.999999999999 0.706865746
6252.499999999999 0.706791348
6254.999999999999 0.706716949
6257.499999999999 0.706642551
6259.999999999999 0.706568152
6262.499999999999 0.706571076
6264.999999999999 0.706573999
6267.499999999999 0.706576922
6269.999999999999 0.706579845
6272.499999999999 0.706446429
6274.999999999999 0.706313014
6277.499999999999 0.706179598
6279.999999999999 0.706046182
6282.499999999999 0.70601912
6284.999999999999 0.705992059
6287.499999999999 0.705964997
6289.999999999999 0.705937935
6292.499999999999 0.705748665
6294.999999999999 0.705559396
6297.499999999999 0.705370126
6299.999999999999 0.705180856
6302.499999999999 0.705173329
6304.999999999999 0.705165802
6307.499999999999 0.705158275
6309.999999999999 0.705150748
6312.499999999999 0.705237994
6314.999999999999 0.705325239
6317.499999999999 0.705412485
6319.999999999999 0.705499731
6322.499999999999 0.70531903
6324.999999999999 0.70513833
6327.499999999999 0.704957629
6329.999999999999 0.704776929
6332.499999999999 0.704661308
6334.999999999999 0.704545688
6337.499999999999 0.704430068
6339.999999999999 0.704314447
6342.499999999999 0.704107292
6344.999999999999 0.703900136
6347.499999999999 0.70369298
6349.999999999999 0.703485825
6352.499999999999 0.703535281
6354.999999999999 0.703584737
6357.499999999999 0.703634193
6359.999999999999 0.703683649
6362.499999999999 0.703571655
6364.999999999999 0.703459661
6367.499999999999 0.703347667
6369.999999999999 0.703235673
6372.499999999999 0.703259379
6374.999999999999 0.703283084
6377.499999999999 0.70330679
6379.999999999999 0.703330495
6382.499999999999 0.703043416
6384.999999999999 0.702756338
6387.499999999999 0.702469259
6389.999999999999 0.702182181
6392.499999999999 0.702010925
6394.999999999999 0.701839669
6397.499999999999 0.701668413
6399.999999999999 0.701497157
6402.499999999999 0.701365371
6404.999999999999 0.701233586
6407.499999999999 0.7011018
6409.999999999999 0.700970014
6412.499999999999 0.70098017
6414.999999999999 0.700990325
6417.499999999999 0.70100048
6419.999999999999 0.701010635
6422.499999999999 0.700948729
6424.999999999999 0.700886823
6427.499999999999 0.700824917
6429.999999999999 0.700763011
6432.499999999999 0.700595865
6434.999999999999 0.70042872
6437.499999999999 0.700261575
6439.999999999999 0.700094429
6442.499999999999 0.699844316
6444.999999999999 0.699594203
6447.499999999999 0.69934409
6449.999999999999 0.699093977
6452.499999999999 0.698985079
6454.999999999999 0.698876181
6457.499999999999 0.698767283
6459.999999999999 0.698658385
6462.499999999999 0.698787909
6464.999999999999 0.698917433
6467.499999999999 0.699046957
6469.999999999999 0.699176481
6472.499999999999 0.699000563
6474.999999999999 0.698824645
6477.499999999999 0.698648727
6479.999999999999 0.698472808
6482.499999999999 0.698173714
6484.999999999999 0.69787462
6487.499999999999 0.697575525
6489.999999999999 0.697276431
6492.499999999999 0.697258145
6494.999999999999 0.697239859
6497.499999999999 0.697221573
6499.999999999999 0.697203287
6502.499999999999 0.697125513
6504.999999999999 0.69704774
6507.499999999999 0.696969966
6509.999999999999 0.696892192
6512.499999999999 0.696760116
6514.999999999999 0.69662804
6517.499999999999 0.696495964
6519.999999999999 0.696363888
6522.499999999999 0.696275865
6524.999999999999 0.696187842
6527.499999999999 0.69609982
6529.999999999999 0.696011797
6532.499999999999 0.695832163
6534.999999999999 0.695652528
6537.499999999999 0.695472893
6539.999999999999 0.695293259
6542.499999999999 0.695055968
6544.999999999999 0.694818677
6547.499999999999 0.694581387
6549.999999999999 0.694344096
6552.499999999999 0.694249698
6554.999999999999 0.694155299
6557.499999999999 0.694060901
6559.999999999999 0.693966502
6562.499999999999 0.693763816
6564.999999999999 0.693561129
6567.499999999999 0.693358442
6569.999999999999 0.693155756
6572.499999999999 0.693163371
6574.999999999999 0.693170986
6577.499999999999 0.693178601
6579.999999999999 0.693186216
6582.499999999999 0.692932777
6584.999999999999 0.692679337
6587.499999999999 0.692425897
6589.999999999999 0.692172458
6592.499999999999 0.692177256
6594.999999999999 0.692182055
6597.499999999999 0.692186854
6599.999999999999 0.692191652
6602.499999999999 0.691977942
6604.999999999999 0.691764232
6607.499999999999 0.691550522
6609.999999999999 0.691336812
6612.499999999999 0.691192684
6614.999999999999 0.691048557
6617.499999999999 0.69090443
6619.999999999999 0.690760303
6622.499999999999 0.690461575
6624.999999999999 0.690162847
6627.499999999999 0.68986412
6629.999999999999 0.689565392
6632.499999999999 0.689471949
6634.999999999999 0.689378506
6637.499999999999 0.689285064
6639.999999999999 0.689191621
6642.499999999999 0.689117715
6644.999999999999 0.689043808
6647.499999999999 0.688969902
6649.999999999999 0.688895996
6652.499999999999 0.688874969
6654.999999999999 0.688853943
6657.499999999999 0.688832917
6659.999999999999 0.68881189
6662.499999999999 0.688737214
6664.999999999999 0.688662538
6667.499999999999 0.688587862
6669.999999999999 0.688513186
6672.499999999999 0.688317076
6674.999999999999 0.688120966
6677.499999999999 0.687924856
6679.999999999999 0.687728747
6682.499999999999 0.687473365
6684.999999999999 0.687217983
6687.499999999999 0.686962601
6689.999999999999 0.686707219
6692.499999999999 0.686450904
6694.999999999999 0.68619459
6697.499999999999 0.685938275
6699.999999999999 0.685681961
6702.499999999999 0.685660607
6704.999999999999 0.685639253
6707.499999999999 0.685617899
6709.999999999999 0.685596545
6712.499999999999 0.685284826
6714.999999999999 0.684973108
6717.499999999999 0.684661389
6719.999999999999 0.68434967
6722.499999999999 0.68445515
6724.999999999999 0.68456063
6727.499999999999 0.68466611
6729.999999999999 0.68477159
6732.499999999999 0.684580455
6734.999999999999 0.684389321
6737.499999999999 0.684198186
6739.999999999999 0.684007052
6742.499999999999 0.683787236
6744.999999999999 0.683567421
6747.499999999999 0.683347605
6749.999999999999 0.68312779
6752.499999999999 0.682834433
6754.999999999999 0.682541075
6757.499999999999 0.682247718
6759.999999999999 0.681954361
6762.499999999999 0.681776374
6764.999999999999 0.681598386
6767.499999999999 0.681420399
6769.999999999999 0.681242412
6772.499999999999 0.681137345
6774.999999999999 0.681032278
6777.499999999999 0.680927212
6779.999999999999 0.680822145
6782.499999999999 0.680721807
6784.999999999999 0.680621469
6787.499999999999 0.680521131
6789.999999999999 0.680420792
6792.499999999999 0.680190841
6794.999999999999 0.679960889
6797.499999999999 0.679730938
6799.999999999999 0.679500987
6802.499999999999 0.679279407
6804.999999999999 0.679057828
6807.499999999999 0.678836248
6809.999999999999 0.678614669
6812.499999999999 0.678355374
6814.999999999999 0.678096079
6817.499999999999 0.677836784
6819.999999999999 0.677577489
6822.499999999999 0.677374919
6824.999999999999 0.677172349
6827.499999999999 0.676969779
6829.999999999999 0.676767209
6832.499999999999 0.676564339
6834.999999999999 0.676361468
6837.499999999999 0.676158597
6839.999999999999 0.675955726
6842.499999999999 0.675792041
6844.999999999999 0.675628355
6847.499999999999 0.67546467
6849.999999999999 0.675300984
6852.499999999999 0.675111379
6854.999999999999 0.674921773
6857.499999999999 0.674732168
6859.999999999999 0.674542563
6862.499999999999 0.67433042
6864.999999999999 0.674118276
6867.499999999999 0.673906133
6869.999999999999 0.67369399
6872.499999999999 0.673481095
6874.999999999999 0.6732682
6877.499999999999 0.673055304
6879.999999999999 0.672842409
6882.499999999999 0.672770377
6884.999999999999 0.672698345
6887.499999999999 0.672626312
6889.999999999999 0.67255428
6892.499999999999 0.672208801
6894.999999999999 0.671863322
6897.499999999999 0.671517843
6899.999999999999 0.671172365
6902.499999999999 0.671057485
6904.999999999999 0.670942605
6907.499999999999 0.670827725
6909.999999999999 0.670712846
6912.499999999999 0.670735829
6914.999999999999 0.670758812
6917.499999999999 0.670781795
6919.999999999999 0.670804778
6922.499999999999 0.670228411
6924.999999999999 0.669652045
6927.499999999999 0.669075678
6929.999999999999 0.668499312
6932.499999999999 0.668458402
6934.999999999999 0.668417492
6937.499999999999 0.668376582
