speclite/data/filters/gaiadr2maw-RP.ecsv
# %ECSV 0.9
# ---
# datatype:
# - {name: wavelength, unit: Angstrom, datatype: float64}
# - {name: response, datatype: float64}
# meta: !!omap
# - {url: 'https://ui.adsabs.harvard.edu/abs/2018A%26A...619A.180M/abstract'}
# - {group_name: gaiadr2maw}
# - {band_name: RP}
# - {airmass: 0}
# - {description: Bandpass for Gaia RP band for DR2 release from Maiz Appelaniz Weiler}
# schema: astropy-2.0
wavelength response
6000.0 0.0
6002.5 0.000130000000000019
6005.0 0.00014000000000000123
6007.5 0.00012999999999999123
6010.0 0.00011999999999998123
6012.5 0.00012999999999999123
6015.0 0.000130000000000019
6017.5 0.00014000000000000123
6020.0 0.00015000000000001124
6022.5 0.00017000000000000348
6025.0 0.00018999999999999573
6027.5 0.00020999999999998797
6030.0 0.00021999999999999797
6032.5 0.00023999999999999022
6035.0 0.0002500000000000002
6037.5 0.0002600000000000102
6040.0 0.00028000000000000247
6042.5 0.0002999999999999947
6045.0 0.00031999999999998696
6047.5 0.00034000000000000696
6050.0 0.0003700000000000092
6052.5 0.00039000000000000146
6055.0 0.00040999999999996595
6057.5 0.00042999999999998595
6060.0 0.00045000000000000595
6062.5 0.00046000000000001595
6065.0 0.00048000000000003595
6067.5 0.0005000000000000004
6070.0 0.0005099999999999549
6072.5 0.0005399999999999849
6075.0 0.0005700000000000149
6077.5 0.0005999999999999894
6080.0 0.0006299999999999639
6082.5 0.0006799999999999584
6085.0 0.0007099999999999884
6087.5 0.0007599999999999829
6090.0 0.0008000000000000229
6092.5 0.0008400000000000074
6095.0 0.0008799999999999919
6097.5 0.0009300000000000419
6100.0 0.0009800000000000364
6102.5 0.0010300000000000309
6105.0 0.0010799999999999699
6107.5 0.0011500000000000399
6110.0 0.0011999999999999789
6112.5 0.0012800000000000034
6115.0 0.0013599999999999723
6117.5 0.0014399999999999968
6120.0 0.0015299999999999758
6122.5 0.0016200000000000103
6125.0 0.0017099999999999893
6127.5 0.0018099999999999783
6130.0 0.0019200000000000328
6132.5 0.0020399999999999863
6135.0 0.0021700000000000053
6137.5 0.0023099999999999787
6140.0 0.0024700000000000277
6142.5 0.002640000000000031
6145.0 0.002840000000000009
6147.5 0.0030400000000000427
6150.0 0.0032600000000000406
6152.5 0.0034600000000000186
6155.0 0.003679999999999961
6157.5 0.003929999999999989
6160.0 0.0041899999999999715
6162.5 0.0044700000000000295
6165.0 0.0047699999999999965
6167.5 0.005110000000000003
6170.0 0.005479999999999985
6172.5 0.005879999999999996
6175.0 0.006319999999999992
6177.5 0.006799999999999973
6180.0 0.007310000000000039
6182.5 0.007840000000000014
6185.0 0.008399999999999963
6187.5 0.009019999999999972
6190.0 0.009700000000000042
6192.5 0.01040000000000002
6195.0 0.011189999999999978
6197.5 0.01206999999999997
6200.0 0.013000000000000012
6202.5 0.013979999999999992
6205.0 0.015050000000000008
6207.5 0.016280000000000017
6210.0 0.01765
6212.5 0.01911999999999997
6215.0 0.02077000000000001
6217.5 0.022639999999999993
6220.0 0.024629999999999985
6222.5 0.026760000000000006
6225.0 0.02906000000000003
6227.5 0.031659999999999966
6230.0 0.034489999999999965
6232.5 0.03739999999999999
6235.0 0.04065000000000002
6237.5 0.04437000000000002
6240.0 0.04848999999999998
6242.5 0.05301
6245.0 0.05804999999999999
6247.5 0.06380999999999998
6250.0 0.07008000000000003
6252.5 0.07654
6255.0 0.08369000000000004
6257.5 0.09181
6260.0 0.10065999999999997
6262.5 0.11021000000000003
6265.0 0.12071000000000004
6267.5 0.13265
6270.0 0.14576
6272.5 0.15951000000000004
6275.0 0.17463
6277.5 0.19163999999999998
6280.0 0.21028999999999998
6282.5 0.23052
6285.0 0.25243000000000004
6287.5 0.27638
6290.0 0.30159
6292.5 0.32694
6295.0 0.35347
6297.5 0.38228
6300.0 0.41378000000000004
6302.5 0.44791
6305.0 0.48422000000000004
6307.5 0.52174
6310.0 0.5594
6312.5 0.59629
6315.0 0.6324
6317.5 0.6678200000000001
6320.0 0.70242
6322.5 0.73596
6325.0 0.7680100000000001
6327.5 0.79792
6330.0 0.82587
6332.5 0.85233
6335.0 0.87648
6337.5 0.8977999999999999
6340.0 0.9166
6342.5 0.93306
6345.0 0.94717
6347.5 0.95865
6350.0 0.96839
6352.5 0.9775499999999999
6355.0 0.98533
6357.5 0.99102
6360.0 0.99478
6362.5 0.99685
6365.0 0.99753
6367.5 0.99718
6370.0 0.9968999999999999
6372.5 0.99787
6375.0 0.99922
6377.5 1.0
6380.0 0.9998799999999999
6382.5 0.99874
6385.0 0.9967299999999999
6387.5 0.99434
6390.0 0.9921599999999999
6392.5 0.9906
6395.0 0.9893399999999999
6397.5 0.98803
6400.0 0.98659
6402.5 0.9849600000000001
6405.0 0.98316
6407.5 0.9813399999999999
6410.0 0.9795699999999999
6412.5 0.97785
6415.0 0.97619
6417.5 0.97463
6420.0 0.97325
6422.5 0.97208
6425.0 0.97105
6427.5 0.9700500000000001
6430.0 0.96896
6432.5 0.96773
6435.0 0.96638
6437.5 0.96492
6440.0 0.9632700000000001
6442.5 0.96157
6445.0 0.95981
6447.5 0.95747
6450.0 0.95616
6452.5 0.9579599999999999
6455.0 0.9604599999999999
6457.5 0.96199
6460.0 0.96326
6462.5 0.9643200000000001
6465.0 0.9650099999999999
6467.5 0.96548
6470.0 0.96583
6472.5 0.9661
6475.0 0.96624
6477.5 0.9661599999999999
6480.0 0.96577
6482.5 0.96505
6485.0 0.9640500000000001
6487.5 0.96289
6490.0 0.96166
6492.5 0.96041
6495.0 0.9591500000000001
6497.5 0.95793
6500.0 0.9568
6502.5 0.95579
6505.0 0.95489
6507.5 0.9540500000000001
6510.0 0.95322
6512.5 0.9523699999999999
6515.0 0.9515199999999999
6517.5 0.9506600000000001
6520.0 0.94968
6522.5 0.94859
6525.0 0.94745
6527.5 0.94635
6530.0 0.94544
6532.5 0.94483
6535.0 0.9444199999999999
6537.5 0.94404
6540.0 0.94356
6542.5 0.94296
6545.0 0.94223
6547.5 0.9414699999999999
6550.0 0.9408099999999999
6552.5 0.9402699999999999
6555.0 0.9398200000000001
6557.5 0.93938
6560.0 0.9388500000000001
6562.5 0.9382300000000001
6565.0 0.93757
6567.5 0.9369999999999999
6570.0 0.9367599999999999
6572.5 0.93702
6575.0 0.9375500000000001
6577.5 0.9380900000000001
6580.0 0.9383599999999999
6582.5 0.9382500000000001
6585.0 0.93784
6587.5 0.9373600000000001
6590.0 0.9371
6592.5 0.9372
6595.0 0.9374899999999999
6597.5 0.9378
6600.0 0.93801
6602.5 0.93811
6605.0 0.93806
6607.5 0.93797
6610.0 0.93789
6612.5 0.9378500000000001
6615.0 0.93782
6617.5 0.9378099999999999
6620.0 0.9378299999999999
6622.5 0.93787
6625.0 0.93796
6627.5 0.9380900000000001
6630.0 0.93831
6632.5 0.93868
6635.0 0.93911
6637.5 0.93951
6640.0 0.93972
6642.5 0.93971
6645.0 0.9395100000000001
6647.5 0.93933
6650.0 0.9393100000000001
6652.5 0.93959
6655.0 0.94004
6657.5 0.94053
6660.0 0.94101
6662.5 0.94145
6665.0 0.94179
6667.5 0.94205
6670.0 0.9421999999999999
6672.5 0.94219
6675.0 0.94207
6677.5 0.9419
6680.0 0.94173
6682.5 0.9416
6685.0 0.94152
6687.5 0.94152
6690.0 0.94158
6692.5 0.9417500000000001
6695.0 0.9419900000000001
6697.5 0.9423
6700.0 0.9426599999999999
6702.5 0.94303
6705.0 0.94339
6707.5 0.94375
6710.0 0.94401
6712.5 0.94411
6715.0 0.94412
6717.5 0.9441700000000001
6720.0 0.9443499999999999
6722.5 0.9447
6725.0 0.94521
6727.5 0.94572
6730.0 0.94618
6732.5 0.9465100000000001
6735.0 0.9467300000000001
6737.5 0.9469000000000001
6740.0 0.94699
6742.5 0.9470099999999999
6745.0 0.94698
6747.5 0.94691
6750.0 0.94682
6752.5 0.94673
6755.0 0.94665
6757.5 0.9465899999999999
6760.0 0.94656
6762.5 0.94657
6765.0 0.94665
6767.5 0.94681
6770.0 0.94711
6772.5 0.94761
6775.0 0.94822
6777.5 0.9488
6780.0 0.94925
6782.5 0.9495199999999999
6785.0 0.9496
6787.5 0.9495800000000001
6790.0 0.9495
6792.5 0.94933
6795.0 0.9491200000000001
6797.5 0.94893
6800.0 0.94889
6802.5 0.94904
6805.0 0.94934
6807.5 0.94961
6810.0 0.94971
6812.5 0.9495199999999999
6815.0 0.94915
6817.5 0.9487300000000001
6820.0 0.9483600000000001
6822.5 0.94809
6825.0 0.94791
6827.5 0.9477599999999999
6830.0 0.9476
6832.5 0.94745
6835.0 0.9473100000000001
6837.5 0.9471700000000001
6840.0 0.9470000000000001
6842.5 0.9468000000000001
6845.0 0.94658
6847.5 0.9463699999999999
6850.0 0.94623
6852.5 0.9462400000000001
6855.0 0.94633
6857.5 0.94634
6860.0 0.94615
6862.5 0.9457099999999999
6865.0 0.94509
6867.5 0.94445
6870.0 0.94401
6872.5 0.9439
6875.0 0.9439900000000001
6877.5 0.9441
6880.0 0.94408
6882.5 0.9438799999999999
6885.0 0.94353
6887.5 0.94318
6890.0 0.9429799999999999
6892.5 0.94303
6895.0 0.94322
6897.5 0.94341
6900.0 0.9434899999999999
6902.5 0.9434
6905.0 0.94319
6907.5 0.94298
6910.0 0.94293
6912.5 0.94317
6915.0 0.94355
6917.5 0.94386
6920.0 0.9439299999999999
6922.5 0.94372
6925.0 0.94322
6927.5 0.94268
6930.0 0.94223
6932.5 0.94194
6935.0 0.9417800000000001
6937.5 0.9416899999999999
6940.0 0.9416800000000001
6942.5 0.94173
6945.0 0.94186
6947.5 0.94203
6950.0 0.9422499999999999
6952.5 0.94251
6955.0 0.9428
6957.5 0.94303
6960.0 0.9431200000000001
6962.5 0.9430499999999999
6965.0 0.9428399999999999
6967.5 0.9426
6970.0 0.94246
6972.5 0.94246
6975.0 0.94257
6977.5 0.94274
6980.0 0.94297
6982.5 0.94323
6985.0 0.94353
6987.5 0.94381
6990.0 0.94406
6992.5 0.9442200000000001
6995.0 0.9442999999999999
6997.5 0.94438
7000.0 0.9445399999999999
7002.5 0.94477
7005.0 0.94507
7007.5 0.9453
7010.0 0.94523
7012.5 0.94472
7015.0 0.9439799999999999
7017.5 0.94334
7020.0 0.94308
7022.5 0.94333
7025.0 0.94402
7027.5 0.9447800000000001
7030.0 0.9453100000000001
7032.5 0.94543
7035.0 0.94531
7037.5 0.94508
7040.0 0.94484
7042.5 0.94462
7045.0 0.94444
7047.5 0.94427
7050.0 0.94411
7052.5 0.94398
7055.0 0.94387
7057.5 0.9438200000000001
7060.0 0.9439000000000001
7062.5 0.94412
7065.0 0.9444199999999999
7067.5 0.9446199999999999
7070.0 0.94451
7072.5 0.94384
7075.0 0.94288
7077.5 0.94193
7080.0 0.94134
7082.5 0.9412
7085.0 0.94145
7087.5 0.9417599999999999
7090.0 0.94176
7092.5 0.9412100000000001
7095.0 0.9403900000000001
7097.5 0.93961
7100.0 0.93909
7102.5 0.93896
7105.0 0.93915
7107.5 0.9394100000000001
7110.0 0.93951
7112.5 0.93935
7115.0 0.93903
7117.5 0.93866
7120.0 0.93828
7122.5 0.9379399999999999
7125.0 0.93762
7127.5 0.9372899999999998
7130.0 0.9369599999999999
7132.5 0.93662
7135.0 0.9362900000000001
7137.5 0.9359200000000001
7140.0 0.93548
7142.5 0.9349599999999999
7145.0 0.93439
7147.5 0.9338499999999998
7150.0 0.9334299999999999
7152.5 0.9332600000000001
7155.0 0.93321
7157.5 0.93316
7160.0 0.9329600000000001
7162.5 0.9325599999999998
7165.0 0.93199
7167.5 0.93143
7170.0 0.9310099999999999
7172.5 0.93083
7175.0 0.93079
7177.5 0.93077
7180.0 0.93072
7182.5 0.93056
7185.0 0.93031
7187.5 0.9300499999999999
7190.0 0.92985
7192.5 0.92971
7195.0 0.9296
7197.5 0.92949
7200.0 0.9293399999999999
7202.5 0.9291499999999999
7205.0 0.92891
7207.5 0.9286599999999999
7210.0 0.92837
7212.5 0.92803
7215.0 0.9276800000000001
7217.5 0.9273800000000001
7220.0 0.9271699999999999
7222.5 0.92708
7225.0 0.92711
7227.5 0.9272400000000001
7230.0 0.9275
7232.5 0.9279200000000001
7235.0 0.92844
7237.5 0.9289499999999999
7240.0 0.92936
7242.5 0.92949
7245.0 0.92931
7247.5 0.9290700000000001
7250.0 0.9289299999999999
7252.5 0.92897
7255.0 0.9290999999999999
7257.5 0.92926
7260.0 0.92946
7262.5 0.92969
7265.0 0.9298799999999999
7267.5 0.92998
7270.0 0.92982
7272.5 0.92923
7275.0 0.92843
7277.5 0.92765
7280.0 0.92711
7282.5 0.92691
7285.0 0.92704
7287.5 0.92728
7290.0 0.92752
7292.5 0.92771
7295.0 0.92787
7297.5 0.92803
7300.0 0.92819
7302.5 0.9282999999999999
7305.0 0.9284
7307.5 0.92845
7310.0 0.92848
7312.5 0.9284800000000001
7315.0 0.92845
7317.5 0.9283899999999999
7320.0 0.92827
7322.5 0.9281
7325.0 0.9279
7327.5 0.9277500000000001
7330.0 0.92778
7332.5 0.9280700000000001
7335.0 0.9285300000000001
7337.5 0.92896
7340.0 0.92927
7342.5 0.9294
7345.0 0.9293199999999999
7347.5 0.92916
7350.0 0.92899
7352.5 0.92883
7355.0 0.92867
7357.5 0.92845
7360.0 0.92816
7362.5 0.92781
7365.0 0.9274100000000001
7367.5 0.92703
7370.0 0.92677
7372.5 0.9267
7375.0 0.92672
7377.5 0.92675
7380.0 0.9267099999999999
7382.5 0.9265399999999999
7385.0 0.9262600000000001
7387.5 0.92593
7390.0 0.9255800000000001
7392.5 0.92522
7395.0 0.92484
7397.5 0.92445
7400.0 0.92411
7402.5 0.92382
7405.0 0.9235800000000001
7407.5 0.92327
7410.0 0.9227500000000001
7412.5 0.9219
7415.0 0.92086
7417.5 0.91992
7420.0 0.9192899999999999
7422.5 0.9190699999999999
7425.0 0.91923
7427.5 0.91942
7430.0 0.91934
7432.5 0.91879
7435.0 0.9179700000000001
7437.5 0.91717
7440.0 0.91662
7442.5 0.91642
7445.0 0.91652
7447.5 0.91658
7450.0 0.9162699999999999
7452.5 0.9153600000000001
7455.0 0.91414
7457.5 0.91295
7460.0 0.9121
7462.5 0.9117299999999999
7465.0 0.91179
7467.5 0.91188
7470.0 0.91173
7472.5 0.91119
7475.0 0.91041
7477.5 0.90953
7480.0 0.9086
7482.5 0.90771
7485.0 0.90685
7487.5 0.90604
7490.0 0.90534
7492.5 0.90482
7495.0 0.90442
7497.5 0.90407
7500.0 0.90371
7502.5 0.9033199999999999
7505.0 0.90287
7507.5 0.90239
7510.0 0.9018499999999999
7512.5 0.9012100000000001
7515.0 0.90053
7517.5 0.89985
7520.0 0.89922
7522.5 0.8986700000000001
7525.0 0.89818
7527.5 0.8977700000000001
7530.0 0.89743
7532.5 0.89722
7535.0 0.8970799999999999
7537.5 0.8969
7540.0 0.8965700000000001
7542.5 0.8960300000000001
7545.0 0.89533
7547.5 0.8946
7550.0 0.89399
7552.5 0.89355
7555.0 0.8932199999999999
7557.5 0.89291
7560.0 0.89261
7562.5 0.89229
7565.0 0.89195
7567.5 0.89154
7570.0 0.89096
7572.5 0.89011
7575.0 0.88914
7577.5 0.88822
7580.0 0.88752
7582.5 0.8870899999999999
7585.0 0.88694
7587.5 0.88684
7590.0 0.8865999999999999
7592.5 0.88615
7595.0 0.88558
7597.5 0.885
7600.0 0.88442
7602.5 0.88388
7605.0 0.88342
7607.5 0.8830100000000001
7610.0 0.88275
7612.5 0.8827
7615.0 0.8827699999999999
7617.5 0.8828499999999999
7620.0 0.8828
7622.5 0.88256
7625.0 0.88217
7627.5 0.8817699999999999
7630.0 0.8815700000000001
7632.5 0.88168
7635.0 0.88193
7637.5 0.88212
7640.0 0.88205
7642.5 0.8816400000000001
7645.0 0.88091
7647.5 0.8801399999999999
7650.0 0.8794599999999999
7652.5 0.87894
7655.0 0.8785400000000001
7657.5 0.87824
7660.0 0.87809
7662.5 0.8780800000000001
7665.0 0.87817
7667.5 0.8781800000000001
7670.0 0.8779100000000001
7672.5 0.87717
7675.0 0.87617
7677.5 0.8751099999999999
7680.0 0.8741699999999999
7682.5 0.8734599999999999
7685.0 0.873
7687.5 0.87261
7690.0 0.87218
7692.5 0.87165
7695.0 0.8711099999999999
7697.5 0.8707099999999999
7700.0 0.87062
7702.5 0.8708800000000001
7705.0 0.87138
7707.5 0.8718000000000001
7710.0 0.87174
7712.5 0.8709600000000001
7715.0 0.8697199999999999
7717.5 0.86841
7720.0 0.86721
7722.5 0.8662799999999999
7725.0 0.8656800000000001
7727.5 0.86527
7730.0 0.8651899999999999
7732.5 0.86561
7735.0 0.86631
7737.5 0.86694
7740.0 0.86719
7742.5 0.8668799999999999
7745.0 0.8660400000000001
7747.5 0.8651199999999999
7750.0 0.86449
7752.5 0.8643900000000001
7755.0 0.8645400000000001
7757.5 0.8645799999999999
7760.0 0.8642000000000001
7762.5 0.8632799999999999
7765.0 0.8619
7767.5 0.8605
7770.0 0.85939
7772.5 0.8586799999999999
7775.0 0.85827
7777.5 0.85811
7780.0 0.8583099999999999
7782.5 0.85886
7785.0 0.85962
7787.5 0.8602399999999999
7790.0 0.8602200000000001
7792.5 0.8592099999999999
7795.0 0.85761
7797.5 0.8559
7800.0 0.8544200000000001
7802.5 0.8534
7805.0 0.85286
7807.5 0.85252
7810.0 0.8523299999999999
7812.5 0.85239
7815.0 0.85259
7817.5 0.8527500000000001
7820.0 0.8527199999999999
7822.5 0.8524
7825.0 0.85179
7827.5 0.85105
7830.0 0.85028
7832.5 0.84949
7835.0 0.84868
7837.5 0.8478500000000001
7840.0 0.8470200000000001
7842.5 0.8462000000000001
7845.0 0.8454099999999999
7847.5 0.8446600000000001
7850.0 0.84395
7852.5 0.84332
7855.0 0.84275
7857.5 0.84224
7860.0 0.84173
7862.5 0.84124
7865.0 0.84074
7867.5 0.84032
7870.0 0.8400399999999999
7872.5 0.83997
7875.0 0.83999
7877.5 0.84001
7880.0 0.83992
7882.5 0.83967
7885.0 0.83927
7887.5 0.83876
7890.0 0.83819
7892.5 0.83755
7895.0 0.83687
7897.5 0.83616
7900.0 0.8353999999999999
7902.5 0.83463
7905.0 0.83387
7907.5 0.83323
7910.0 0.83277
7912.5 0.83256
7915.0 0.8325400000000001
7917.5 0.83262
7920.0 0.83272
7922.5 0.83281
7925.0 0.83284
7927.5 0.83279
7930.0 0.8325899999999999
7932.5 0.83217
7935.0 0.83159
7937.5 0.8309
7940.0 0.83012
7942.5 0.82926
7945.0 0.82839
7947.5 0.82763
7950.0 0.82711
7952.5 0.82696
7955.0 0.8270500000000001
7957.5 0.82723
7960.0 0.8274199999999999
7962.5 0.82753
7965.0 0.82753
7967.5 0.82743
7970.0 0.82709
7972.5 0.82638
7975.0 0.82546
7977.5 0.82455
7980.0 0.82387
7982.5 0.82351
7985.0 0.82345
7987.5 0.8234600000000001
7990.0 0.82337
7992.5 0.8231299999999999
7995.0 0.82279
7997.5 0.82247
8000.0 0.82221
8002.5 0.82206
8005.0 0.82199
8007.5 0.82195
8010.0 0.82185
8012.5 0.82165
8015.0 0.8214100000000001
8017.5 0.8212
8020.0 0.82113
8022.5 0.8212400000000001
8025.0 0.82148
8027.5 0.82166
8030.0 0.8216300000000001
8032.5 0.8213199999999999
8035.0 0.82079
8037.5 0.82013
8040.0 0.81945
