speclite/data/filters/gaiadr2-BP.ecsv
# %ECSV 0.9
# ---
# datatype:
# - {name: wavelength, unit: Angstrom, datatype: float64}
# - {name: response, datatype: float64}
# meta: !!omap
# - {url: 'https://www.cosmos.esa.int/web/gaia/iow_20180316'}
# - {group_name: gaiadr2}
# - {band_name: BP}
# - {description: Bandpass for Gaia BP band for DR2 release}
# - {airmass: 0}
# schema: astropy-2.0
wavelength response
2999.9999999999995 99.99
3002.4999999999995 99.99
3004.9999999999995 99.99
3007.4999999999995 99.99
3009.9999999999995 99.99
3012.4999999999995 99.99
3014.9999999999995 99.99
3017.4999999999995 99.99
3019.9999999999995 99.99
3022.4999999999995 99.99
3024.9999999999995 99.99
3027.4999999999995 99.99
3029.9999999999995 99.99
3032.4999999999995 99.99
3034.9999999999995 99.99
3037.4999999999995 99.99
3039.9999999999995 99.99
3042.4999999999995 99.99
3044.9999999999995 99.99
3047.4999999999995 99.99
3049.9999999999995 99.99
3052.4999999999995 99.99
3054.9999999999995 99.99
3057.4999999999995 99.99
3059.9999999999995 99.99
3062.4999999999995 99.99
3064.9999999999995 99.99
3067.4999999999995 99.99
3069.9999999999995 99.99
3072.4999999999995 99.99
3074.9999999999995 99.99
3077.4999999999995 99.99
3079.9999999999995 99.99
3082.4999999999995 99.99
3084.9999999999995 99.99
3087.4999999999995 99.99
3089.9999999999995 99.99
3092.4999999999995 99.99
3094.9999999999995 99.99
3097.4999999999995 99.99
3099.9999999999995 99.99
3102.4999999999995 99.99
3104.9999999999995 99.99
3107.4999999999995 99.99
3109.9999999999995 99.99
3112.4999999999995 99.99
3114.9999999999995 99.99
3117.4999999999995 99.99
3119.9999999999995 99.99
3122.4999999999995 99.99
3124.9999999999995 99.99
3127.4999999999995 99.99
3129.9999999999995 99.99
3132.4999999999995 99.99
3134.9999999999995 99.99
3137.4999999999995 99.99
3139.9999999999995 99.99
3142.4999999999995 99.99
3144.9999999999995 99.99
3147.4999999999995 99.99
3149.9999999999995 99.99
3152.4999999999995 99.99
3154.9999999999995 99.99
3157.4999999999995 99.99
3159.9999999999995 99.99
3162.4999999999995 99.99
3164.9999999999995 99.99
3167.4999999999995 99.99
3169.9999999999995 99.99
3172.4999999999995 99.99
3174.9999999999995 99.99
3177.4999999999995 99.99
3179.9999999999995 99.99
3182.4999999999995 99.99
3184.9999999999995 99.99
3187.4999999999995 99.99
3189.9999999999995 99.99
3192.4999999999995 99.99
3194.9999999999995 99.99
3197.4999999999995 99.99
3199.9999999999995 99.99
3202.4999999999995 99.99
3204.9999999999995 99.99
3207.4999999999995 99.99
3209.9999999999995 99.99
3212.4999999999995 99.99
3214.9999999999995 99.99
3217.4999999999995 99.99
3219.9999999999995 99.99
3222.4999999999995 99.99
3224.9999999999995 99.99
3227.4999999999995 99.99
3229.9999999999995 99.99
3232.4999999999995 99.99
3234.9999999999995 99.99
3237.4999999999995 99.99
3239.9999999999995 99.99
3242.4999999999995 99.99
3244.9999999999995 99.99
3247.4999999999995 99.99
3249.9999999999995 0.000217232803
3252.4999999999995 0.000391718612
3254.9999999999995 0.000584019534
3257.4999999999995 0.000794135567
3259.9999999999995 0.00102206671
3262.4999999999995 0.00171216252
3264.9999999999995 0.00251774126
3267.4999999999995 0.00343880293
3269.9999999999995 0.00447534754
3272.4999999999995 0.00628201718
3274.9999999999995 0.00828136936
3277.4999999999995 0.0104734041
3279.9999999999995 0.0128581213
3282.4999999999995 0.0160358712
3284.9999999999995 0.0193653123
3287.4999999999995 0.0228464448
3289.9999999999995 0.0264792687
3292.4999999999995 0.0310486782
3294.9999999999995 0.0355997434
3297.4999999999995 0.0401324643
3299.9999999999995 0.044646841
3302.4999999999995 0.0508848885
3304.9999999999995 0.0571191773
3307.4999999999995 0.0633497072
3309.9999999999995 0.0695764784
3312.4999999999995 0.077513322
3314.9999999999995 0.0854655343
3317.4999999999995 0.0934331153
3319.9999999999995 0.101416065
3322.4999999999995 0.111240242
3324.9999999999995 0.121269635
3327.4999999999995 0.131504246
3329.9999999999995 0.141944073
3332.4999999999995 0.152564782
3334.9999999999995 0.163377432
3337.4999999999995 0.174382024
3339.9999999999995 0.185578557
3342.4999999999995 0.19608025
3344.9999999999995 0.206716438
3347.4999999999995 0.21748712
3349.9999999999995 0.228392298
3352.4999999999995 0.237482922
3354.9999999999995 0.246569055
3357.4999999999995 0.255650698
3359.9999999999995 0.26472785
3362.4999999999995 0.270962784
3364.9999999999995 0.277000288
3367.4999999999995 0.282840361
3369.9999999999995 0.288483003
3372.4999999999995 0.292673803
3374.9999999999995 0.296740193
3377.4999999999995 0.300682174
3379.9999999999995 0.304499746
3382.4999999999995 0.313297475
3384.9999999999995 0.322197569
3387.4999999999995 0.331200025
3389.9999999999995 0.340304845
3392.4999999999995 0.346142417
3394.9999999999995 0.351960967
3397.4999999999995 0.357760497
3399.9999999999995 0.363541005
3402.4999999999995 0.363042788
3404.9999999999995 0.362284043
3407.4999999999995 0.361264771
3409.9999999999995 0.359984972
3412.4999999999995 0.351761369
3414.9999999999995 0.34317842
3417.4999999999995 0.334236127
3419.9999999999995 0.324934488
3422.4999999999995 0.314672348
3424.9999999999995 0.304156915
3427.4999999999995 0.293388189
3429.9999999999995 0.28236617
3432.4999999999995 0.284289286
3434.9999999999995 0.286207037
3437.4999999999995 0.288119422
3439.9999999999995 0.29002644
3442.4999999999995 0.303957438
3444.9999999999995 0.318060086
3447.4999999999995 0.332334385
3449.9999999999995 0.346780336
3452.4999999999995 0.36366595
3454.9999999999995 0.380659643
3457.4999999999995 0.397761416
3459.9999999999995 0.414971269
3462.4999999999995 0.429824592
3464.9999999999995 0.444743927
3467.4999999999995 0.459729272
3469.9999999999995 0.474780629
3472.4999999999995 0.481438022
3474.9999999999995 0.488114683
3477.4999999999995 0.494810611
3479.9999999999995 0.501525806
3482.4999999999995 0.501860661
3484.9999999999995 0.502195584
3487.4999999999995 0.502530574
3489.9999999999995 0.502865632
3492.4999999999995 0.501197765
3494.9999999999995 0.499532141
3497.4999999999995 0.49786876
3499.9999999999995 0.496207623
3502.4999999999995 0.4954937
3504.9999999999995 0.494777084
3507.4999999999995 0.494057776
3509.9999999999995 0.493335774
3512.4999999999995 0.49397785
3514.9999999999995 0.494597219
3517.4999999999995 0.495193882
3519.9999999999995 0.49576784
3522.4999999999995 0.495525423
3524.9999999999995 0.495257191
3527.4999999999995 0.494963146
3529.9999999999995 0.494643286
3532.4999999999995 0.492229152
3534.9999999999995 0.489816379
3537.4999999999995 0.487404966
3539.9999999999995 0.484994914
3542.4999999999995 0.480546233
3544.9999999999995 0.476114404
3547.4999999999995 0.471699426
3549.9999999999995 0.467301299
3552.4999999999995 0.463585386
3554.9999999999995 0.459874845
3557.4999999999995 0.456169677
3559.9999999999995 0.452469882
3562.4999999999995 0.449078738
3564.9999999999995 0.445674269
3567.4999999999995 0.442256475
3569.9999999999995 0.438825356
3572.4999999999995 0.436759316
3574.9999999999995 0.434671139
3577.4999999999995 0.432560823
3579.9999999999995 0.43042837
3582.4999999999995 0.427471647
3584.9999999999995 0.424480117
3587.4999999999995 0.421453779
3589.9999999999995 0.418392635
3592.4999999999995 0.414966935
3594.9999999999995 0.411524567
3597.4999999999995 0.408065533
3599.9999999999995 0.404589831
3602.4999999999995 0.400818335
3604.9999999999995 0.397045114
3607.4999999999995 0.393270168
3609.9999999999995 0.389493496
3612.4999999999995 0.384352394
3614.9999999999995 0.379208699
3617.4999999999995 0.374062412
3619.9999999999995 0.368913533
3622.4999999999995 0.365105607
3624.9999999999995 0.36129642
3627.4999999999995 0.357485972
3629.9999999999995 0.353674263
3632.4999999999995 0.349042472
3634.9999999999995 0.344409878
3637.4999999999995 0.339776483
3639.9999999999995 0.335142287
3642.4999999999995 0.331220814
3644.9999999999995 0.327293633
3647.4999999999995 0.323360744
3649.9999999999995 0.319422146
3652.4999999999995 0.315151518
3654.9999999999995 0.310875456
3657.4999999999995 0.306593961
3659.9999999999995 0.302307033
3662.4999999999995 0.297181642
3664.9999999999995 0.292051848
3667.4999999999995 0.28691765
3669.9999999999995 0.281779048
3672.4999999999995 0.277055547
3674.9999999999995 0.272339921
3677.4999999999995 0.26763217
3679.9999999999995 0.262932295
3682.4999999999995 0.258550299
3684.9999999999995 0.254173242
3687.4999999999995 0.249801124
3689.9999999999995 0.245433944
3692.4999999999995 0.240406061
3694.9999999999995 0.235386598
3697.4999999999995 0.230375553
3699.9999999999995 0.225372928
3702.4999999999995 0.221737192
3704.9999999999995 0.218107591
3707.4999999999995 0.214484124
3709.9999999999995 0.210866792
3712.4999999999995 0.206233415
3714.9999999999995 0.201609914
3717.4999999999995 0.196996289
3719.9999999999995 0.192392541
3722.4999999999995 0.187841465
3724.9999999999995 0.183304088
3727.4999999999995 0.17878041
3729.9999999999995 0.174270432
3732.4999999999995 0.170095917
3734.9999999999995 0.165938087
3737.4999999999995 0.161796942
3739.9999999999995 0.15767248
3742.4999999999995 0.154250041
3744.9999999999995 0.150839542
3747.4999999999995 0.147440982
3749.9999999999995 0.144054362
3752.4999999999995 0.141787713
3754.9999999999995 0.139521109
3757.4999999999995 0.137254551
3759.9999999999995 0.134988037
3762.4999999999995 0.132448829
3764.9999999999995 0.129905044
3767.4999999999995 0.127356683
3769.9999999999995 0.124803744
3772.4999999999995 0.12183002
3774.9999999999995 0.118855314
3777.4999999999995 0.115879625
3779.9999999999995 0.112902954
3782.4999999999995 0.111153824
3784.9999999999995 0.109408816
3787.4999999999995 0.10766793
3789.9999999999995 0.105931166
3792.4999999999995 0.104955311
3794.9999999999995 0.103981503
3797.4999999999995 0.103009743
3799.9999999999995 0.10204003
3802.4999999999995 0.10193325
3804.9999999999995 0.101826108
3807.4999999999995 0.101718603
3809.9999999999995 0.101610737
3812.4999999999995 0.102733803
3814.9999999999995 0.103861479
3817.4999999999995 0.104993767
3819.9999999999995 0.106130665
3822.4999999999995 0.107276895
3824.9999999999995 0.108427498
3827.4999999999995 0.109582472
3829.9999999999995 0.110741818
3832.4999999999995 0.112503267
3834.9999999999995 0.114267092
3837.4999999999995 0.116033294
3839.999999999999 0.117801872
3842.499999999999 0.119711157
3844.999999999999 0.121611066
3847.499999999999 0.1235016
3849.999999999999 0.12538276
3852.499999999999 0.128467342
3854.999999999999 0.13153364
3857.499999999999 0.134581654
3859.999999999999 0.137611385
3862.499999999999 0.140969952
3864.999999999999 0.144326117
3867.499999999999 0.14767988
3869.999999999999 0.151031241
3872.499999999999 0.154771405
3874.999999999999 0.158526187
3877.499999999999 0.162295586
3879.999999999999 0.166079603
3882.499999999999 0.17059061
3884.999999999999 0.175120344
3887.499999999999 0.179668805
3889.999999999999 0.184235995
3892.499999999999 0.188875664
3894.999999999999 0.193517095
3897.499999999999 0.198160287
3899.999999999999 0.20280524
3902.499999999999 0.20776598
3904.999999999999 0.212729355
3907.499999999999 0.217695365
3909.999999999999 0.222664009
3912.499999999999 0.228267692
3914.999999999999 0.233886797
3917.499999999999 0.239521324
3919.999999999999 0.245171273
3922.499999999999 0.250334784
3924.999999999999 0.255519716
3927.499999999999 0.26072607
3929.999999999999 0.265953845
3932.499999999999 0.271853304
3934.999999999999 0.277767732
3937.499999999999 0.28369713
3939.999999999999 0.289641499
3942.499999999999 0.293578398
3944.999999999999 0.297500384
3947.499999999999 0.301407459
3949.999999999999 0.305299621
3952.499999999999 0.308549312
3954.999999999999 0.311765032
3957.499999999999 0.314946779
3959.999999999999 0.318094554
3962.499999999999 0.320368297
3964.999999999999 0.322612244
3967.499999999999 0.324826397
3969.999999999999 0.327010756
3972.499999999999 0.329072499
3974.999999999999 0.331113589
3977.499999999999 0.333134025
3979.999999999999 0.335133808
3982.499999999999 0.339466823
3984.999999999999 0.343797818
3987.499999999999 0.348126792
3989.999999999999 0.352453745
3992.499999999999 0.357109186
3994.999999999999 0.361783605
3997.499999999999 0.366477003
3999.999999999999 0.371189379
4002.499999999999 0.375142212
4004.999999999999 0.379114973
4007.499999999999 0.383107662
4009.999999999999 0.387120278
4012.499999999999 0.391946949
4014.999999999999 0.396801589
4017.499999999999 0.401684198
4019.999999999999 0.406594775
4022.499999999999 0.411687355
4024.999999999999 0.416798649
4027.499999999999 0.421928657
4029.999999999999 0.42707738
4032.499999999999 0.429085225
4034.999999999999 0.431093611
4037.499999999999 0.433102539
4039.999999999999 0.435112009
4042.499999999999 0.435954324
4044.999999999999 0.43679111
4047.499999999999 0.437622367
4049.999999999999 0.438448094
4052.499999999999 0.439501224
4054.999999999999 0.440541017
4057.499999999999 0.441567471
4059.999999999999 0.442580588
4062.499999999999 0.442114665
4064.999999999999 0.44164198
4067.499999999999 0.441162532
4069.999999999999 0.440676323
4072.499999999999 0.440783532
4074.999999999999 0.440884962
4077.499999999999 0.440980614
4079.999999999999 0.441070487
4082.499999999999 0.442637825
4084.999999999999 0.444203906
4087.499999999999 0.44576873
4089.999999999999 0.447332297
4092.499999999999 0.449769495
4094.999999999999 0.452211795
4097.499999999999 0.454659199
4099.999999999999 0.457111705
4102.499999999999 0.46131588
4104.999999999999 0.465534942
4107.499999999999 0.469768891
4109.999999999999 0.474017727
4112.499999999999 0.47777154
4114.999999999999 0.481536517
4117.499999999999 0.485312657
4119.999999999999 0.489099961
4122.499999999999 0.490981284
4124.999999999999 0.492865833
4127.499999999999 0.494753608
4129.999999999999 0.496644608
4132.499999999999 0.497589665
4134.999999999999 0.498535575
4137.499999999999 0.499482336
4139.999999999999 0.50042995
4142.499999999999 0.502511623
4144.999999999999 0.504596834
4147.499999999999 0.506685582
4149.999999999999 0.508777867
4152.499999999999 0.510417545
4154.999999999999 0.512058889
4157.499999999999 0.513701898
4159.999999999999 0.515346573
4162.499999999999 0.51657535
4164.999999999999 0.517804475
4167.499999999999 0.519033946
4169.999999999999 0.520263763
4172.499999999999 0.521034776
4174.999999999999 0.521801631
4177.499999999999 0.522564326
4179.999999999999 0.523322862
4182.499999999999 0.523284037
4184.999999999999 0.523242564
4187.499999999999 0.523198442
4189.999999999999 0.523151671
4192.499999999999 0.523660937
4194.999999999999 0.524168324
4197.499999999999 0.524673833
4199.999999999999 0.525177464
4202.499999999999 0.52665269
4204.999999999999 0.528128631
4207.499999999999 0.529605288
4209.999999999999 0.53108266
4212.499999999999 0.532406063
4214.999999999999 0.533731109
4217.499999999999 0.5350578
4219.999999999999 0.536386134
4222.499999999999 0.539033748
4224.999999999999 0.541686203
4227.499999999999 0.544343499
4229.999999999999 0.547005636
4232.499999999999 0.547943968
4234.999999999999 0.548883042
4237.499999999999 0.54982286
4239.999999999999 0.550763422
4242.499999999999 0.550249293
4244.999999999999 0.549735392
4247.499999999999 0.549221717
4249.999999999999 0.548708269
4252.499999999999 0.549699739
4254.999999999999 0.550690925
4257.499999999999 0.551681827
4259.999999999999 0.552672445
4262.499999999999 0.554068752
4264.999999999999 0.555462517
4267.499999999999 0.556853739
4269.999999999999 0.558242419
4272.499999999999 0.558874037
4274.999999999999 0.559504164
4277.499999999999 0.560132799
4279.999999999999 0.560759943
4282.499999999999 0.561004748
4284.999999999999 0.561249263
4287.499999999999 0.561493488
4289.999999999999 0.561737422
4292.499999999999 0.562611495
4294.999999999999 0.563485311
4297.499999999999 0.564358869
4299.999999999999 0.565232169
4302.499999999999 0.566052326
4304.999999999999 0.566873045
4307.499999999999 0.567694326
4309.999999999999 0.568516169
4312.499999999999 0.569748529
4314.999999999999 0.570982175
4317.499999999999 0.572217108
4319.999999999999 0.573453328
4322.499999999999 0.575585167
4324.999999999999 0.577720639
4327.499999999999 0.579859746
4329.999999999999 0.582002486
4332.499999999999 0.583697646
4334.999999999999 0.585394436
4337.499999999999 0.587092858
4339.999999999999 0.588792909
4342.499999999999 0.589885093
4344.999999999999 0.590974453
4347.499999999999 0.592060989
4349.999999999999 0.593144701
4352.499999999999 0.592845934
