speclite/data/filters/gaiadr2-RP.ecsv
# %ECSV 0.9
# ---
# datatype:
# - {name: wavelength, unit: Angstrom, datatype: float64}
# - {name: response, datatype: float64}
# meta: !!omap
# - {url: 'https://www.cosmos.esa.int/web/gaia/iow_20180316'}
# - {group_name: gaiadr2}
# - {band_name: RP}
# - {airmass: 0}
# - {description: Bandpass for Gaia RP band for DR2 release}
# schema: astropy-2.0
wavelength response
[from data line 1064]
8657.499999999998 0.535600563
8659.999999999998 0.53466959
8662.499999999998 0.534057358
8664.999999999998 0.533444848
8667.499999999998 0.532832059
8669.999999999998 0.53221899
8672.499999999998 0.5318781
8674.999999999998 0.531537257
8677.499999999998 0.531196462
8679.999999999998 0.530855714
8682.499999999998 0.529819665
8684.999999999998 0.528783285
8687.499999999998 0.527746573
8689.999999999998 0.526709531
8692.499999999998 0.525572058
8694.999999999998 0.524434406
8697.499999999998 0.523296574
8699.999999999998 0.522158562
8702.499999999998 0.521486916
8704.999999999998 0.520815458
8707.499999999998 0.52014419
8709.999999999998 0.519473111
8712.499999999998 0.518578819
8714.999999999998 0.517684731
8717.499999999998 0.516790849
8719.999999999998 0.515897172
8722.499999999998 0.514493712
8724.999999999998 0.513090195
8727.499999999998 0.511686622
8729.999999999998 0.510282991
8732.499999999998 0.509633182
8734.999999999998 0.508983517
8737.499999999998 0.508333997
8739.999999999998 0.507684622
8742.499999999998 0.506767995
8744.999999999998 0.505851406
8747.499999999998 0.504934853
8749.999999999998 0.504018337
8752.499999999998 0.503049131
8754.999999999998 0.502080083
8757.499999999998 0.501111193
8759.999999999998 0.500142459
8762.499999999998 0.499389013
8764.999999999998 0.498635818
8767.499999999998 0.497882876
8769.999999999998 0.497130187
8772.499999999998 0.495960379
8774.999999999998 0.494790493
8777.499999999998 0.493620528
8779.999999999998 0.492450484
8782.499999999998 0.491947644
8784.999999999998 0.491444924
8787.499999999998 0.490942324
8789.999999999998 0.490439844
8792.499999999998 0.489471879
8794.999999999998 0.48850426
8797.499999999998 0.487536988
8799.999999999998 0.486570061
8802.499999999998 0.485366433
8804.999999999998 0.484162772
8807.499999999998 0.48295908
8809.999999999998 0.481755355
8812.499999999998 0.481075177
8814.999999999998 0.480395028
8817.499999999998 0.479714909
8819.999999999998 0.47903482
8822.499999999998 0.477937322
8824.999999999998 0.476839654
8827.499999999998 0.475741817
8829.999999999998 0.474643811
8832.499999999998 0.473830599
8834.999999999998 0.473017735
8837.499999999998 0.47220522
8839.999999999998 0.471393053
8842.499999999998 0.470756167
8844.999999999998 0.47011911
8847.499999999998 0.469481883
8849.999999999998 0.468844486
8852.499999999998 0.467726274
8854.999999999998 0.466607727
8857.499999999998 0.465488843
8859.999999999998 0.464369624
8862.499999999998 0.463718481
8864.999999999998 0.463067501
8867.499999999998 0.462416683
8869.999999999998 0.461766028
8872.499999999998 0.46076218
8874.999999999998 0.459758085
8877.499999999998 0.458753741
8879.999999999998 0.45774915
8882.499999999998 0.456871657
8884.999999999998 0.455993951
8887.499999999998 0.455116029
8889.999999999998 0.454237892
8892.499999999998 0.453753919
8894.999999999998 0.453269956
8897.499999999998 0.452786004
8899.999999999998 0.452302063
8902.499999999998 0.451338699
8904.999999999998 0.450375238
8907.499999999998 0.449411679
8909.999999999998 0.448448022
8912.499999999998 0.447870672
8914.999999999998 0.447293177
8917.499999999998 0.446715539
8919.999999999998 0.446137758
8922.499999999998 0.445622165
8924.999999999998 0.445106463
8927.499999999998 0.444590654
8929.999999999998 0.444074736
8932.499999999998 0.442897836
8934.999999999998 0.441720918
8937.499999999998 0.440543982
8939.999999999998 0.439367028
8942.499999999998 0.438928004
8944.999999999998 0.438488737
8947.499999999998 0.438049227
8949.999999999998 0.437609475
8952.499999999998 0.436807979
8954.999999999998 0.4360064
8957.499999999998 0.435204736
8959.999999999998 0.434402988
8962.499999999998 0.433313253
8964.999999999998 0.432223234
8967.499999999998 0.431132931
8969.999999999998 0.430042345
8972.499999999998 0.429454267
8974.999999999998 0.428866034
8977.499999999998 0.428277648
8979.999999999998 0.427689107
8982.499999999998 0.427047394
8984.999999999998 0.426405615
8987.499999999998 0.42576377
8989.999999999998 0.42512186
8992.499999999998 0.42424844
8994.999999999998 0.423374912
8997.499999999998 0.422501276
8999.999999999998 0.421627532
9002.499999999998 0.420927299
9004.999999999998 0.420226792
9007.499999999998 0.419526012
9009.999999999998 0.418824958
9012.499999999998 0.418123141
9014.999999999998 0.417421241
9017.499999999998 0.416719256
9019.999999999998 0.416017188
9022.499999999998 0.415220307
9024.999999999998 0.414423247
9027.499999999998 0.413626009
9029.999999999998 0.412828592
9032.499999999998 0.41201953
9034.999999999998 0.411210292
9037.499999999998 0.410400877
9039.999999999998 0.409591286
9042.499999999998 0.408908451
9044.999999999998 0.408225574
9047.499999999998 0.407542655
9049.999999999998 0.406859693
9052.499999999998 0.405900867
9054.999999999998 0.404942053
9057.499999999998 0.40398325
9059.999999999998 0.403024458
9062.499999999998 0.402502871
9064.999999999998 0.401981256
9067.499999999998 0.401459612
9069.999999999998 0.400937939
9072.499999999998 0.400401221
9074.999999999998 0.399864441
9077.499999999998 0.399327599
9079.999999999998 0.398790695
9082.499999999998 0.397762201
9084.999999999998 0.396733448
9087.499999999998 0.395704436
9089.999999999998 0.394675165
9092.499999999998 0.394118983
9094.999999999998 0.393562954
9097.499999999998 0.393007079
9099.999999999998 0.392451357
9102.499999999998 0.391939639
9104.999999999998 0.39142783
9107.499999999998 0.39091593
9109.999999999998 0.39040394
9112.499999999998 0.389501141
9114.999999999998 0.388598469
9117.499999999998 0.387695924
9119.999999999998 0.386793505
9122.499999999998 0.386440357
9124.999999999998 0.386087196
9127.499999999998 0.385734022
9129.999999999998 0.385380835
9132.499999999998 0.38449127
9134.999999999998 0.38360171
9137.499999999998 0.382712155
9139.999999999998 0.381822605
9142.499999999998 0.380901927
9144.999999999998 0.379981321
9147.499999999998 0.379060787
9149.999999999998 0.378140325
9152.499999999998 0.37778947
9154.999999999998 0.377438696
9157.499999999998 0.377088002
9159.999999999998 0.376737389
9162.499999999998 0.375666352
9164.999999999998 0.374595296
9167.499999999998 0.373524221
9169.999999999998 0.372453127
9172.499999999998 0.371706344
9174.999999999998 0.370959693
9177.499999999998 0.370213173
9179.999999999998 0.369466785
9182.499999999998 0.36921188
9184.999999999998 0.368956989
9187.499999999998 0.368702112
9189.999999999998 0.368447248
9192.499999999998 0.36726577
9194.999999999998 0.366084295
9197.499999999998 0.364902825
9199.999999999998 0.363721358
9202.499999999998 0.363061908
9204.999999999998 0.362402611
9207.499999999998 0.361743468
9209.999999999998 0.361084477
9212.499999999998 0.360764177
9214.999999999998 0.360443881
9217.499999999998 0.360123589
9219.999999999998 0.359803302
9222.499999999998 0.358628862
9224.999999999998 0.35745469
9227.499999999998 0.356280786
9229.999999999998 0.35510715
9232.499999999998 0.354567613
9234.999999999998 0.354028178
9237.499999999998 0.353488843
9239.999999999998 0.35294961
9242.499999999998 0.35240233
9244.999999999998 0.351855012
9247.499999999998 0.351307656
9249.999999999998 0.350760261
9252.499999999998 0.349738814
9254.999999999998 0.348717409
9257.499999999998 0.347696047
9259.999999999998 0.346674726
9262.499999999998 0.346252907
9264.999999999998 0.345831113
9267.499999999998 0.345409344
9269.999999999998 0.3449876
9272.499999999998 0.344362633
9274.999999999998 0.343737637
9277.499999999998 0.343112611
9279.999999999998 0.342487557
9282.499999999998 0.341508815
9284.999999999998 0.340530119
9287.499999999998 0.339551467
9289.999999999998 0.33857286
9292.499999999998 0.338050076
9294.999999999998 0.337527306
9297.499999999998 0.337004552
9299.999999999998 0.336481813
9302.499999999998 0.33581181
9304.999999999998 0.335141817
9307.499999999998 0.334471834
9309.999999999998 0.333801863
9312.499999999998 0.332915407
9314.999999999998 0.332028931
9317.499999999998 0.331142434
9319.999999999998 0.330255916
9322.499999999998 0.329639139
9324.999999999998 0.329022317
9327.499999999998 0.328405452
9329.999999999998 0.327788543
9332.499999999998 0.327062763
9334.999999999998 0.326336972
9337.499999999998 0.325611169
9339.999999999998 0.324885355
9342.499999999998 0.324202973
9344.999999999998 0.323520647
9347.499999999998 0.322838378
9349.999999999998 0.322156166
9352.499999999998 0.321413298
9354.999999999998 0.320670339
9357.499999999998 0.319927288
9359.999999999998 0.319184146
9362.499999999998 0.318395191
9364.999999999998 0.317606343
9367.499999999998 0.316817602
9369.999999999998 0.316028967
9372.499999999998 0.315391025
9374.999999999998 0.314753141
9377.499999999998 0.314115315
9379.999999999998 0.313477547
9382.499999999998 0.312466599
9384.999999999998 0.311455743
9387.499999999998 0.310444977
9389.999999999998 0.309434303
9392.499999999998 0.30869387
9394.999999999998 0.307953388
9397.499999999998 0.307212859
9399.999999999998 0.306472281
9402.499999999998 0.305819926
9404.999999999998 0.305167686
9407.499999999998 0.304515562
9409.999999999998 0.303863555
9412.499999999998 0.302737515
9414.999999999998 0.30161139
9417.499999999998 0.30048518
9419.999999999998 0.299358885
9422.499999999998 0.298745853
9424.999999999998 0.298132835
9427.499999999998 0.297519831
9429.999999999998 0.296906841
9432.499999999998 0.296449865
9434.999999999998 0.295992724
9437.499999999998 0.295535419
9439.999999999998 0.295077951
9442.499999999998 0.293862605
9444.999999999998 0.292647056
9447.499999999998 0.291431306
9449.999999999998 0.290215354
9452.499999999998 0.289531289
9454.999999999998 0.288847003
9457.499999999998 0.288162497
9459.999999999998 0.287477771
9462.499999999998 0.286987342
9464.999999999998 0.286496766
9467.499999999998 0.286006042
9469.999999999998 0.285515171
9472.499999999998 0.284288748
9474.999999999998 0.283062021
9477.499999999998 0.281834989
9479.999999999998 0.280607653
9482.499999999998 0.2798772
9484.999999999998 0.279146534
9487.499999999998 0.278415654
9489.999999999998 0.277684561
9492.499999999998 0.277221164
9494.999999999998 0.276757589
9497.499999999998 0.276293837
9499.999999999998 0.275829908
9502.499999999998 0.274766994
9504.999999999998 0.273703816
9507.499999999998 0.272640374
9509.999999999998 0.271576668
9512.499999999998 0.27060659
9514.999999999998 0.269636296
9517.499999999998 0.268665785
9519.999999999998 0.267695057
9522.499999999998 0.267012973
9524.999999999998 0.266330667
9527.499999999998 0.265648141
9529.999999999998 0.264965393
9532.499999999998 0.263817775
9534.999999999998 0.26267
9537.499999999998 0.261522067
9539.999999999998 0.260373978
9542.499999999998 0.25945339
9544.999999999998 0.258532547
9547.499999999998 0.25761145
9549.999999999998 0.256690098
9552.499999999998 0.256038462
9554.999999999998 0.255386773
9557.499999999998 0.254735031
9559.999999999998 0.254083235
9562.499999999998 0.253029325
9564.999999999998 0.251975248
9567.499999999998 0.250921005
9569.999999999998 0.249866595
9572.499999999998 0.248914839
9574.999999999998 0.247962926
9577.499999999998 0.247010856
9579.999999999998 0.246058629
9582.499999999998 0.245129271
9584.999999999998 0.244199824
9587.499999999998 0.24327029
9589.999999999998 0.242340668
9592.499999999998 0.241314374
9594.999999999998 0.240288043
9597.499999999998 0.239261675
9599.999999999998 0.238235271
9602.499999999998 0.237333324
9604.999999999998 0.236431382
9607.499999999998 0.235529445
9609.999999999998 0.234627513
9612.499999999998 0.233539955
9614.999999999998 0.232452401
9617.499999999998 0.231364851
9619.999999999998 0.230277306
9622.499999999998 0.229212271
9624.999999999998 0.228147216
9627.499999999998 0.227082141
9629.999999999998 0.226017045
9632.499999999998 0.225207917
9634.999999999998 0.224398804
9637.499999999998 0.223589704
9639.999999999998 0.222780617
9642.499999999998 0.221571177
9644.999999999998 0.220361847
9647.499999999998 0.21915263
9649.999999999998 0.217943524
9652.499999999998 0.216864249
9654.999999999998 0.21578487
9657.499999999998 0.214705388
9659.999999999998 0.213625802
9662.499999999998 0.212871179
9664.999999999998 0.212116617
9667.499999999998 0.211362117
9669.999999999998 0.210607679
9672.499999999998 0.209381062
9674.999999999998 0.208154501
9677.499999999998 0.206927996
9679.999999999998 0.205701548
9682.499999999998 0.204565845
9684.999999999998 0.203430279
9687.499999999998 0.202294849
9689.999999999998 0.201159555
9692.499999999998 0.200444752
9694.999999999998 0.199729962
9697.499999999998 0.199015185
9699.999999999998 0.198300422
9702.499999999998 0.197119898
9704.999999999998 0.195939514
9707.499999999998 0.194759269
9709.999999999998 0.193579165
9712.499999999998 0.192397831
9714.999999999998 0.19121646
9717.499999999998 0.190035052
9719.999999999998 0.188853606
9722.499999999998 0.188178525
9724.999999999998 0.187503464
9727.499999999998 0.186828424
9729.999999999998 0.186153404
9732.499999999998 0.185055817
9734.999999999998 0.183958244
9737.499999999998 0.182860685
9739.999999999998 0.18176314
9742.499999999998 0.180445096
9744.999999999998 0.179127221
9747.499999999998 0.177809512
9749.999999999998 0.176491972
9752.499999999998 0.175796952
9754.999999999998 0.175101928
9757.499999999998 0.174406899
9759.999999999998 0.173711865
9762.499999999998 0.172773898
9764.999999999998 0.171835913
9767.499999999998 0.170897909
9769.999999999998 0.169959887
9772.499999999998 0.168611032
9774.999999999998 0.167262197
9777.499999999998 0.165913381
9779.999999999998 0.164564585
9782.499999999998 0.163743073
9784.999999999998 0.162921577
9787.499999999998 0.162100098
9789.999999999998 0.161278636
9792.499999999998 0.160488001
9794.999999999998 0.159697379
9797.499999999998 0.158906769
9799.999999999998 0.158116173
9802.499999999998 0.156858963
9804.999999999998 0.155601664
9807.499999999998 0.154344276
9809.999999999998 0.153086798
9812.499999999998 0.152126025
9814.999999999998 0.151165188
9817.499999999998 0.150204288
9819.999999999998 0.149243326
9822.499999999998 0.148582068
9824.999999999998 0.147920828
9827.499999999998 0.147259606
9829.999999999998 0.146598402
9832.499999999998 0.145489757
9834.999999999998 0.14438103
9837.499999999998 0.143272221
9839.999999999998 0.14216333
9842.499999999998 0.140971961
9844.999999999998 0.139780622
9847.499999999998 0.138589313
9849.999999999998 0.137398034
9852.499999999998 0.136768398
9854.999999999998 0.136138737
9857.499999999998 0.135509051
9859.999999999998 0.13487934
9862.499999999998 0.133953875
9864.999999999998 0.133028345
9867.499999999998 0.13210275
9869.999999999998 0.131177089
9872.499999999998 0.130049653
9874.999999999998 0.128922142
9877.499999999998 0.127794555
9879.999999999998 0.126666891
9882.499999999998 0.12590329
9884.999999999998 0.125139657
9887.499999999998 0.124375995
9889.999999999998 0.123612302
9892.499999999998 0.122883121
9894.999999999998 0.122153819
9897.499999999998 0.121424396
9899.999999999998 0.120694851
9902.499999999998 0.119676263
9904.999999999998 0.118657618
9907.499999999998 0.117638916
9909.999999999998 0.116620156
9912.499999999998 0.115693994
9914.999999999998 0.11476777
9917.499999999998 0.113841484
9919.999999999998 0.112915135
9922.499999999998 0.112284381
9924.999999999998 0.111653572
9927.499999999998 0.111022708
9929.999999999998 0.11039179
9932.499999999998 0.109488698
9934.999999999998 0.108585533
9937.499999999998 0.107682297
9939.999999999998 0.106778987
9942.499999999998 0.105852274
9944.999999999998 0.104925462
9947.499999999998 0.103998549
9949.999999999998 0.103071537
9952.499999999998 0.102488238
9954.999999999998 0.101904929
9957.499999999998 0.101321609
9959.999999999998 0.100738278
9962.499999999998 0.0999568252
9964.999999999998 0.0991753287
9967.499999999998 0.0983937882
9969.999999999998 0.0976122037
9972.499999999998 0.0967559357
9974.999999999998 0.0958996517
9977.499999999998 0.0950433517
9979.999999999998 0.0941870357
9982.499999999998 0.0935427795
9984.999999999998 0.0928984899
9987.499999999998 0.0922541668
9989.999999999998 0.0916098103
