speclite/data/filters/gaiadr2_g.ecsv
# %ECSV 0.9
# ---
# datatype:
# - {name: wavelength, unit: Angstrom, datatype: float64}
# - {name: response, datatype: float64}
# meta: !!omap
# - {url: 'https://www.cosmos.esa.int/web/gaia/iow_20180316'}
# - {group_name: GAIADR2}
# - {band_name: G}
# - {airmass: 0}
# - {description: Bandpass for Gaia G band for DR2 release}
# schema: astropy-2.0
wavelength response
2999.9999999999995 2.4915882e-07
3002.4999999999995 2.45007987e-07
3004.9999999999995 2.40857154e-07
3007.4999999999995 2.36706321e-07
3009.9999999999995 2.32555488e-07
3012.4999999999995 2.27818778e-07
3014.9999999999995 2.23082068e-07
3017.4999999999995 2.18345358e-07
3019.9999999999995 2.13608647e-07
3022.4999999999995 2.08248812e-07
3024.9999999999995 2.02888976e-07
3027.4999999999995 1.97529141e-07
3029.9999999999995 1.92169306e-07
3032.4999999999995 1.86646852e-07
3034.9999999999995 1.81124399e-07
3037.4999999999995 1.75601946e-07
3039.9999999999995 1.70079493e-07
3042.4999999999995 1.64233313e-07
3044.9999999999995 1.58387133e-07
3047.4999999999995 1.52540954e-07
3049.9999999999995 1.46694774e-07
3052.4999999999995 1.40638541e-07
3054.9999999999995 1.34582309e-07
3057.4999999999995 1.28526076e-07
3059.9999999999995 1.22469844e-07
3062.4999999999995 1.17098158e-07
3064.9999999999995 1.11726472e-07
3067.4999999999995 1.06354787e-07
3069.9999999999995 1.00983101e-07
3072.4999999999995 9.60586144e-08
3074.9999999999995 9.11341277e-08
3077.4999999999995 8.62096409e-08
3079.9999999999995 8.12851542e-08
3082.4999999999995 7.69992882e-08
3084.9999999999995 7.27134221e-08
3087.4999999999995 6.84275561e-08
3089.9999999999995 6.414169e-08
3092.4999999999995 6.10127641e-08
3094.9999999999995 5.78838381e-08
3097.4999999999995 5.47549122e-08
3099.9999999999995 5.16259862e-08
3102.4999999999995 4.92620778e-08
3104.9999999999995 4.68981694e-08
3107.4999999999995 4.45342609e-08
3109.9999999999995 4.21703525e-08
3112.4999999999995 4.04603234e-08
3114.9999999999995 3.87502943e-08
3117.4999999999995 3.70402652e-08
3119.9999999999995 3.53302361e-08
3122.4999999999995 3.39726393e-08
3124.9999999999995 3.26150426e-08
3127.4999999999995 3.12574459e-08
3129.9999999999995 2.98998492e-08
3132.4999999999995 2.87598976e-08
3134.9999999999995 2.7619946e-08
3137.4999999999995 2.64799945e-08
3139.9999999999995 2.53400429e-08
3142.4999999999995 2.44178185e-08
3144.9999999999995 2.3495594e-08
3147.4999999999995 2.25733696e-08
3149.9999999999995 2.16511452e-08
3152.4999999999995 2.07392133e-08
3154.9999999999995 1.98272814e-08
3157.4999999999995 1.89153495e-08
3159.9999999999995 1.80034176e-08
3162.4999999999995 1.74790714e-08
3164.9999999999995 1.69547252e-08
3167.4999999999995 1.64303791e-08
3169.9999999999995 1.59060329e-08
3172.4999999999995 1.59312348e-08
3174.9999999999995 1.59564367e-08
3177.4999999999995 1.59816386e-08
3179.9999999999995 1.60068405e-08
3182.4999999999995 1.63048056e-08
3184.9999999999995 1.66027706e-08
3187.4999999999995 1.69007357e-08
3189.9999999999995 1.71987007e-08
3192.4999999999995 1.94129035e-08
3194.9999999999995 2.16271062e-08
3197.4999999999995 2.3841309e-08
3199.9999999999995 2.60555117e-08
3202.4999999999995 4.30017199e-08
3204.9999999999995 5.99479281e-08
3207.4999999999995 7.68941363e-08
3209.9999999999995 9.38403445e-08
3212.4999999999995 1.84296772e-07
3214.9999999999995 2.74753199e-07
3217.4999999999995 3.65209627e-07
3219.9999999999995 4.55666054e-07
3222.4999999999995 8.99252005e-07
3224.9999999999995 1.34283796e-06
3227.4999999999995 1.78642391e-06
3229.9999999999995 2.23000986e-06
3232.4999999999995 4.38797823e-06
3234.9999999999995 6.54594659e-06
3237.4999999999995 8.70391496e-06
3239.9999999999995 1.08618833e-05
3242.4999999999995 2.00867002e-05
3244.9999999999995 2.93115171e-05
3247.4999999999995 3.8536334e-05
3249.9999999999995 4.77611509e-05
3252.4999999999995 8.06289515e-05
3254.9999999999995 0.000113496752
3257.4999999999995 0.000146364553
3259.9999999999995 0.000179232353
3262.4999999999995 0.000272001977
3264.9999999999995 0.0003647716
3267.4999999999995 0.000457541224
3269.9999999999995 0.000550310847
3272.4999999999995 0.000760122416
3274.9999999999995 0.000969933984
3277.4999999999995 0.00117974555
3279.9999999999995 0.00138955712
3282.4999999999995 0.00178310053
3284.9999999999995 0.00217664394
3287.4999999999995 0.00257018734
3289.9999999999995 0.00296373075
3292.4999999999995 0.00359142863
3294.9999999999995 0.00421912651
3297.4999999999995 0.00484682439
3299.9999999999995 0.00547452227
3302.4999999999995 0.00635132491
3304.9999999999995 0.00722812755
3307.4999999999995 0.00810493018
3309.9999999999995 0.00898173282
3312.4999999999995 0.0100799913
3314.9999999999995 0.0111782497
3317.4999999999995 0.0122765082
3319.9999999999995 0.0133747666
3322.4999999999995 0.0146330349
3324.9999999999995 0.0158913032
3327.4999999999995 0.0171495716
3329.9999999999995 0.0184078399
3332.4999999999995 0.019791437
3334.9999999999995 0.0211750341
3337.4999999999995 0.0225586312
3339.9999999999995 0.0239422284
3342.4999999999995 0.0253752696
3344.9999999999995 0.0268083107
3347.4999999999995 0.0282413519
3349.9999999999995 0.0296743931
3352.4999999999995 0.0310892771
3354.9999999999995 0.0325041612
3357.4999999999995 0.0339190453
3359.9999999999995 0.0353339293
3362.4999999999995 0.0367314954
3364.9999999999995 0.0381290614
3367.4999999999995 0.0395266274
3369.9999999999995 0.0409241935
3372.4999999999995 0.0422619394
3374.9999999999995 0.0435996853
3377.4999999999995 0.0449374312
3379.9999999999995 0.0462751771
3382.4999999999995 0.0475748131
3384.9999999999995 0.0488744492
3387.4999999999995 0.0501740853
3389.9999999999995 0.0514737213
3392.4999999999995 0.0527112583
3394.9999999999995 0.0539487952
3397.4999999999995 0.0551863322
3399.9999999999995 0.0564238691
3402.4999999999995 0.0576256341
3404.9999999999995 0.0588273992
3407.4999999999995 0.0600291642
3409.9999999999995 0.0612309292
3412.4999999999995 0.0623544255
3414.9999999999995 0.0634779218
3417.4999999999995 0.064601418
3419.9999999999995 0.0657249143
3422.4999999999995 0.0667464817
3424.9999999999995 0.0677680491
3427.4999999999995 0.0687896166
3429.9999999999995 0.069811184
3432.4999999999995 0.0707501351
3434.9999999999995 0.0716890861
3437.4999999999995 0.0726280372
3439.9999999999995 0.0735669882
3442.4999999999995 0.0744373209
3444.9999999999995 0.0753076535
3447.4999999999995 0.0761779862
3449.9999999999995 0.0770483188
3452.4999999999995 0.0777958945
3454.9999999999995 0.0785434702
3457.4999999999995 0.0792910459
3459.9999999999995 0.0800386215
3462.4999999999995 0.0807012048
3464.9999999999995 0.081363788
3467.4999999999995 0.0820263712
3469.9999999999995 0.0826889544
3472.4999999999995 0.0832618651
3474.9999999999995 0.0838347758
3477.4999999999995 0.0844076865
3479.9999999999995 0.0849805972
3482.4999999999995 0.0854731001
3484.9999999999995 0.0859656031
3487.4999999999995 0.086458106
3489.9999999999995 0.0869506089
3492.4999999999995 0.0873735765
3494.9999999999995 0.087796544
3497.4999999999995 0.0882195116
3499.9999999999995 0.0886424791
3502.4999999999995 0.08898818
3504.9999999999995 0.0893338809
3507.4999999999995 0.0896795818
3509.9999999999995 0.0900252827
3512.4999999999995 0.0902899762
3514.9999999999995 0.0905546698
3517.4999999999995 0.0908193634
3519.9999999999995 0.0910840569
3522.4999999999995 0.0912839534
3524.9999999999995 0.0914838499
3527.4999999999995 0.0916837464
3529.9999999999995 0.0918836428
3532.4999999999995 0.0920651481
3534.9999999999995 0.0922466533
3537.4999999999995 0.0924281585
3539.9999999999995 0.0926096637
3542.4999999999995 0.0927199934
3544.9999999999995 0.0928303231
3547.4999999999995 0.0929406529
3549.9999999999995 0.0930509826
3552.4999999999995 0.0931149818
3554.9999999999995 0.093178981
3557.4999999999995 0.0932429802
3559.9999999999995 0.0933069794
3562.4999999999995 0.0933088882
3564.9999999999995 0.093310797
3567.4999999999995 0.0933127058
3569.9999999999995 0.0933146145
3572.4999999999995 0.0933194001
3574.9999999999995 0.0933241857
3577.4999999999995 0.0933289713
3579.9999999999995 0.0933337569
3582.4999999999995 0.093271638
3584.9999999999995 0.0932095191
3587.4999999999995 0.0931474001
3589.9999999999995 0.0930852812
3592.4999999999995 0.0930156894
3594.9999999999995 0.0929460975
3597.4999999999995 0.0928765057
3599.9999999999995 0.0928069139
3602.4999999999995 0.0927449499
3604.9999999999995 0.0926829859
3607.4999999999995 0.0926210219
3609.9999999999995 0.0925590579
3612.4999999999995 0.092448777
3614.9999999999995 0.0923384961
3617.4999999999995 0.0922282152
3619.9999999999995 0.0921179344
3622.4999999999995 0.0920711752
3624.9999999999995 0.0920244161
3627.4999999999995 0.091977657
3629.9999999999995 0.0919308978
3632.4999999999995 0.0918640293
3634.9999999999995 0.0917971608
3637.4999999999995 0.0917302922
3639.9999999999995 0.0916634237
3642.4999999999995 0.0916482627
3644.9999999999995 0.0916331017
3647.4999999999995 0.0916179407
3649.9999999999995 0.0916027797
3652.4999999999995 0.0916235054
3654.9999999999995 0.091644231
3657.4999999999995 0.0916649566
3659.9999999999995 0.0916856822
3662.4999999999995 0.0917280427
3664.9999999999995 0.0917704032
3667.4999999999995 0.0918127637
3669.9999999999995 0.0918551243
3672.4999999999995 0.091987362
3674.9999999999995 0.0921195998
3677.4999999999995 0.0922518375
3679.9999999999995 0.0923840753
3682.4999999999995 0.0925773598
3684.9999999999995 0.0927706443
3687.4999999999995 0.0929639288
3689.9999999999995 0.0931572133
3692.4999999999995 0.0933674219
3694.9999999999995 0.0935776306
3697.4999999999995 0.0937878393
3699.9999999999995 0.093998048
3702.4999999999995 0.0943135053
3704.9999999999995 0.0946289626
3707.4999999999995 0.0949444199
3709.9999999999995 0.0952598771
3712.4999999999995 0.0955820125
3714.9999999999995 0.0959041478
3717.4999999999995 0.0962262831
3719.9999999999995 0.0965484184
3722.4999999999995 0.0969230386
3724.9999999999995 0.0972976587
3727.4999999999995 0.0976722789
3729.9999999999995 0.098046899
3732.4999999999995 0.0984856757
3734.9999999999995 0.0989244524
3737.4999999999995 0.099363229
3739.9999999999995 0.0998020057
3742.4999999999995 0.100319342
3744.9999999999995 0.100836679
3747.4999999999995 0.101354016
3749.9999999999995 0.101871353
3752.4999999999995 0.10248015
3754.9999999999995 0.103088947
3757.4999999999995 0.103697745
3759.9999999999995 0.104306542
3762.4999999999995 0.104972156
3764.9999999999995 0.105637771
3767.4999999999995 0.106303385
3769.9999999999995 0.106968999
3772.4999999999995 0.10771934
3774.9999999999995 0.10846968
3777.4999999999995 0.109220021
3779.9999999999995 0.109970361
3782.4999999999995 0.110903182
3784.9999999999995 0.111836003
3787.4999999999995 0.112768823
3789.9999999999995 0.113701644
3792.4999999999995 0.114791814
3794.9999999999995 0.115881984
3797.4999999999995 0.116972154
3799.9999999999995 0.118062324
3802.4999999999995 0.119335695
3804.9999999999995 0.120609067
3807.4999999999995 0.121882438
3809.9999999999995 0.123155809
3812.4999999999995 0.12466931
3814.9999999999995 0.126182811
3817.4999999999995 0.127696311
3819.9999999999995 0.129209812
3822.4999999999995 0.130919734
3824.9999999999995 0.132629655
3827.4999999999995 0.134339576
3829.9999999999995 0.136049497
3832.4999999999995 0.138014276
3834.9999999999995 0.139979055
3837.4999999999995 0.141943834
3839.999999999999 0.143908613
3842.499999999999 0.146114608
3844.999999999999 0.148320603
3847.499999999999 0.150526597
3849.999999999999 0.152732592
3852.499999999999 0.155234325
3854.999999999999 0.157736058
3857.499999999999 0.160237791
3859.999999999999 0.162739524
3862.499999999999 0.165462968
3864.999999999999 0.168186412
3867.499999999999 0.170909856
3869.999999999999 0.1736333
3872.499999999999 0.176588299
3874.999999999999 0.179543299
3877.499999999999 0.182498299
3879.999999999999 0.185453298
3882.499999999999 0.188623173
3884.999999999999 0.191793048
3887.499999999999 0.194962923
3889.999999999999 0.198132797
3892.499999999999 0.201424013
3894.999999999999 0.204715229
3897.499999999999 0.208006445
3899.999999999999 0.211297661
3902.499999999999 0.214683237
3904.999999999999 0.218068812
3907.499999999999 0.221454387
3909.999999999999 0.224839962
3912.499999999999 0.228318033
3914.999999999999 0.231796103
3917.499999999999 0.235274174
3919.999999999999 0.238752245
3922.499999999999 0.242180815
3924.999999999999 0.245609386
3927.499999999999 0.249037956
3929.999999999999 0.252466527
3932.499999999999 0.255905768
3934.999999999999 0.25934501
3937.499999999999 0.262784251
3939.999999999999 0.266223492
3942.499999999999 0.269508355
3944.999999999999 0.272793217
3947.499999999999 0.27607808
3949.999999999999 0.279362943
3952.499999999999 0.282572718
3954.999999999999 0.285782493
3957.499999999999 0.288992268
3959.999999999999 0.292202043
3962.499999999999 0.295242751
3964.999999999999 0.298283459
3967.499999999999 0.301324167
3969.999999999999 0.304364875
3972.499999999999 0.307246002
3974.999999999999 0.31012713
3977.499999999999 0.313008257
3979.999999999999 0.315889385
3982.499999999999 0.318734967
3984.999999999999 0.321580549
3987.499999999999 0.324426131
3989.999999999999 0.327271713
3992.499999999999 0.329922487
3994.999999999999 0.33257326
3997.499999999999 0.335224034
3999.999999999999 0.337874807
4002.499999999999 0.340303713
4004.999999999999 0.342732619
4007.499999999999 0.345161524
4009.999999999999 0.34759043
4012.499999999999 0.349992928
4014.999999999999 0.352395427
4017.499999999999 0.354797925
4019.999999999999 0.357200424
4022.499999999999 0.359607327
4024.999999999999 0.36201423
4027.499999999999 0.364421132
4029.999999999999 0.366828035
4032.499999999999 0.368986256
4034.999999999999 0.371144477
4037.499999999999 0.373302698
4039.999999999999 0.375460918
4042.499999999999 0.377513973
4044.999999999999 0.379567027
4047.499999999999 0.381620082
4049.999999999999 0.383673136
4052.499999999999 0.385706997
4054.999999999999 0.387740859
4057.499999999999 0.38977472
4059.999999999999 0.391808581
4062.499999999999 0.393654092
4064.999999999999 0.395499604
4067.499999999999 0.397345115
4069.999999999999 0.399190627
4072.499999999999 0.400971958
4074.999999999999 0.40275329
4077.499999999999 0.404534621
4079.999999999999 0.406315952
4082.499999999999 0.408051601
4084.999999999999 0.409787249
4087.499999999999 0.411522897
4089.999999999999 0.413258546
4092.499999999999 0.414908836
4094.999999999999 0.416559127
4097.499999999999 0.418209417
4099.999999999999 0.419859708
4102.499999999999 0.421557061
4104.999999999999 0.423254414
4107.499999999999 0.424951766
4109.999999999999 0.426649119
4112.499999999999 0.428278356
4114.999999999999 0.429907593
4117.499999999999 0.43153683
4119.999999999999 0.433166067
4122.499999999999 0.434624282
4124.999999999999 0.436082497
4127.499999999999 0.437540712
4129.999999999999 0.438998927
4132.499999999999 0.44036207
4134.999999999999 0.441725213
4137.499999999999 0.443088356
4139.999999999999 0.444451499
4142.499999999999 0.445847421
4144.999999999999 0.447243343
4147.499999999999 0.448639266
4149.999999999999 0.450035188
4152.499999999999 0.451373824
4154.999999999999 0.45271246
4157.499999999999 0.454051096
4159.999999999999 0.455389732
4162.499999999999 0.456672356
4164.999999999999 0.457954981
4167.499999999999 0.459237605
4169.999999999999 0.460520229
4172.499999999999 0.461788771
4174.999999999999 0.463057313
4177.499999999999 0.464325855
4179.999999999999 0.465594397
4182.499999999999 0.466760942
4184.999999999999 0.467927488
4187.499999999999 0.469094034
4189.999999999999 0.470260579
4192.499999999999 0.471397671
4194.999999999999 0.472534763
4197.499999999999 0.473671855
4199.999999999999 0.474808947
4202.499999999999 0.475940145
4204.999999999999 0.477071343
4207.499999999999 0.478202542
4209.999999999999 0.47933374
4212.499999999999 0.480382465
4214.999999999999 0.481431191
4217.499999999999 0.482479916
4219.999999999999 0.483528642
4222.499999999999 0.484663031
4224.999999999999 0.485797421
4227.499999999999 0.48693181
4229.999999999999 0.488066199
4232.499999999999 0.489055618
4234.999999999999 0.490045038
4237.499999999999 0.491034457
4239.999999999999 0.492023876
4242.499999999999 0.492903722
4244.999999999999 0.493783568
4247.499999999999 0.494663413
4249.999999999999 0.495543259
4252.499999999999 0.496517563
4254.999999999999 0.497491868
4257.499999999999 0.498466172
4259.999999999999 0.499440476
