speclite/data/filters/gaiadr2_g.ecsv
# %ECSV 0.9
# ---
# datatype:
# - {name: wavelength, unit: Angstrom, datatype: float64}
# - {name: response, datatype: float64}
# meta: !!omap
# - {url: 'https://www.cosmos.esa.int/web/gaia/iow_20180316'}
# - {group_name: GAIADR2}
# - {band_name: G}
# - {airmass: 0}
# - {description: Bandpass for Gaia G band for DR2 release}
# schema: astropy-2.0
wavelength response
[from data line 1577]
6942.499999999999 0.668001724
6944.999999999999 0.667667775
6947.499999999999 0.667333826
6949.999999999999 0.666999878
6952.499999999999 0.666852487
6954.999999999999 0.666705096
6957.499999999999 0.666557705
6959.999999999999 0.666410315
6962.499999999999 0.666178185
6964.999999999999 0.665946055
6967.499999999999 0.665713925
6969.999999999999 0.665481794
6972.499999999999 0.665226992
6974.999999999999 0.664972189
6977.499999999999 0.664717387
6979.999999999999 0.664462584
6982.499999999999 0.664385688
6984.999999999999 0.664308792
6987.499999999999 0.664231896
6989.999999999999 0.664155
6992.499999999999 0.663909104
6994.999999999999 0.663663207
6997.499999999999 0.663417311
6999.999999999999 0.663171415
7002.499999999999 0.662953845
7004.999999999999 0.662736275
7007.499999999999 0.662518706
7009.999999999999 0.662301136
7012.499999999999 0.661731024
7014.999999999999 0.661160912
7017.499999999999 0.6605908
7019.999999999999 0.660020688
7022.499999999999 0.65974362
7024.999999999999 0.659466552
7027.499999999999 0.659189483
7029.999999999999 0.658912415
7032.499999999999 0.658886149
7034.999999999999 0.658859884
7037.499999999999 0.658833618
7039.999999999999 0.658807352
7042.499999999999 0.658603164
7044.999999999999 0.658398975
7047.499999999999 0.658194787
7049.999999999999 0.657990598
7052.499999999999 0.657797886
7054.999999999999 0.657605174
7057.499999999999 0.657412462
7059.999999999999 0.657219749
7062.499999999999 0.65682703
7064.999999999999 0.656434311
7067.499999999999 0.656041592
7069.999999999999 0.655648873
7072.499999999999 0.655267298
7074.999999999999 0.654885723
7077.499999999999 0.654504147
7079.999999999999 0.654122572
7082.499999999999 0.653814961
7084.999999999999 0.653507351
7087.499999999999 0.65319974
7089.999999999999 0.652892129
7092.499999999999 0.652710272
7094.999999999999 0.652528414
7097.499999999999 0.652346556
7099.999999999999 0.652164699
7102.499999999999 0.651948891
7104.999999999999 0.651733084
7107.499999999999 0.651517276
7109.999999999999 0.651301469
7112.499999999999 0.651049554
7114.999999999999 0.650797639
7117.499999999999 0.650545724
7119.999999999999 0.650293809
7122.499999999999 0.650015033
7124.999999999999 0.649736256
7127.499999999999 0.64945748
7129.999999999999 0.649178703
7132.499999999999 0.64895355
7134.999999999999 0.648728396
7137.499999999999 0.648503242
7139.999999999999 0.648278089
7142.499999999999 0.647855032
7144.999999999999 0.647431975
7147.499999999999 0.647008919
7149.999999999999 0.646585862
7152.499999999999 0.646345361
7154.999999999999 0.646104861
7157.499999999999 0.64586436
7159.999999999999 0.64562386
7162.499999999999 0.645377509
7164.999999999999 0.645131157
7167.499999999999 0.644884806
7169.999999999999 0.644638454
7172.499999999999 0.644211228
7174.999999999999 0.643784002
7177.499999999999 0.643356777
7179.999999999999 0.642929551
7182.499999999999 0.642597649
7184.999999999999 0.642265747
7187.499999999999 0.641933846
7189.999999999999 0.641601944
7192.499999999999 0.641566029
7194.999999999999 0.641530115
7197.499999999999 0.6414942
7199.999999999999 0.641458286
7202.499999999999 0.640890973
7204.999999999999 0.640323661
7207.499999999999 0.639756348
7209.999999999999 0.639189036
7212.499999999999 0.638823569
7214.999999999999 0.638458101
7217.499999999999 0.638092634
7219.999999999999 0.637727167
7222.499999999999 0.637317796
7224.999999999999 0.636908426
7227.499999999999 0.636499055
7229.999999999999 0.636089685
7232.499999999999 0.636028189
7234.999999999999 0.635966694
7237.499999999999 0.635905198
7239.999999999999 0.635843703
7242.499999999999 0.635360961
7244.999999999999 0.634878219
7247.499999999999 0.634395477
7249.999999999999 0.633912735
7252.499999999999 0.63388545
7254.999999999999 0.633858165
7257.499999999999 0.63383088
7259.999999999999 0.633803595
7262.499999999999 0.633351771
7264.999999999999 0.632899946
7267.499999999999 0.632448121
7269.999999999999 0.631996296
7272.499999999999 0.631453103
7274.999999999999 0.630909909
7277.499999999999 0.630366715
7279.999999999999 0.629823522
7282.499999999999 0.629478449
7284.999999999999 0.629133377
7287.499999999999 0.628788305
7289.999999999999 0.628443233
7292.499999999999 0.628001488
7294.999999999999 0.627559744
7297.499999999999 0.627117999
7299.999999999999 0.626676254
7302.499999999999 0.626519958
7304.999999999999 0.626363662
7307.499999999999 0.626207366
7309.999999999999 0.626051069
7312.499999999999 0.625650123
7314.999999999999 0.625249177
7317.499999999999 0.624848231
7319.999999999999 0.624447284
7322.499999999999 0.624167851
7324.999999999999 0.623888418
7327.499999999999 0.623608985
7329.999999999999 0.623329552
7332.499999999999 0.622989269
7334.999999999999 0.622648985
7337.499999999999 0.622308701
7339.999999999999 0.621968418
7342.499999999999 0.621602296
7344.999999999999 0.621236174
7347.499999999999 0.620870052
7349.999999999999 0.62050393
7352.499999999999 0.619969429
7354.999999999999 0.619434927
7357.499999999999 0.618900426
7359.999999999999 0.618365924
7362.499999999999 0.617935951
7364.999999999999 0.617505979
7367.499999999999 0.617076006
7369.999999999999 0.616646033
7372.499999999999 0.616419821
7374.999999999999 0.616193608
7377.499999999999 0.615967396
7379.999999999999 0.615741183
7382.499999999999 0.615484259
7384.999999999999 0.615227334
7387.499999999999 0.61497041
7389.999999999999 0.614713486
7392.499999999999 0.614324422
7394.999999999999 0.613935359
7397.499999999999 0.613546296
7399.999999999999 0.613157233
7402.499999999999 0.612675735
7404.999999999999 0.612194237
7407.499999999999 0.611712738
7409.999999999999 0.61123124
7412.499999999999 0.61079103
7414.999999999999 0.61035082
7417.499999999999 0.609910609
7419.999999999999 0.609470399
7422.499999999999 0.609146507
7424.999999999999 0.608822614
7427.499999999999 0.608498721
7429.999999999999 0.608174829
7432.499999999999 0.607685998
7434.999999999999 0.607197167
7437.499999999999 0.606708337
7439.999999999999 0.606219506
7442.499999999999 0.605918155
7444.999999999999 0.605616804
7447.499999999999 0.605315453
7449.999999999999 0.605014102
7452.499999999999 0.604469117
7454.999999999999 0.603924133
7457.499999999999 0.603379148
7459.999999999999 0.602834164
7462.499999999999 0.602411754
7464.999999999999 0.601989344
7467.499999999999 0.601566934
7469.999999999999 0.601144524
7472.499999999999 0.600931678
7474.999999999999 0.600718832
7477.499999999999 0.600505986
7479.999999999999 0.600293141
7482.499999999999 0.599847638
7484.999999999999 0.599402136
7487.499999999999 0.598956633
7489.999999999999 0.598511131
7492.499999999999 0.598006082
7494.999999999999 0.597501034
7497.499999999999 0.596995986
7499.999999999999 0.596490937
7502.499999999999 0.596137525
7504.999999999999 0.595784113
7507.499999999999 0.595430701
7509.999999999999 0.595077289
7512.499999999999 0.594748217
7514.999999999999 0.594419145
7517.499999999999 0.594090073
7519.999999999999 0.593761
7522.499999999999 0.593129862
7524.999999999999 0.592498723
7527.499999999999 0.591867585
7529.999999999999 0.591236446
7532.499999999999 0.590783865
7534.999999999999 0.590331284
7537.499999999999 0.589878704
7539.999999999999 0.589426123
7542.499999999999 0.589209006
7544.999999999999 0.58899189
7547.499999999999 0.588774773
7549.999999999999 0.588557657
7552.499999999999 0.588097912
7554.999999999999 0.587638168
7557.499999999999 0.587178423
7559.999999999999 0.586718679
7562.499999999999 0.586318738
7564.999999999999 0.585918798
7567.499999999999 0.585518857
7569.999999999999 0.585118917
7572.499999999999 0.58463629
7574.999999999999 0.584153663
7577.499999999999 0.583671036
7579.999999999999 0.583188409
7582.499999999999 0.582806022
7584.999999999999 0.582423635
7587.499999999999 0.582041248
7589.999999999999 0.581658861
7592.499999999999 0.581018785
7594.999999999999 0.580378709
7597.499999999999 0.579738633
7599.999999999999 0.579098557
7602.499999999999 0.578700204
7604.999999999999 0.57830185
7607.499999999999 0.577903497
7609.999999999999 0.577505143
7612.499999999999 0.577181804
7614.999999999999 0.576858465
7617.499999999999 0.576535126
7619.999999999999 0.576211787
7622.499999999999 0.575776635
7624.999999999999 0.575341484
7627.499999999999 0.574906333
7629.999999999999 0.574471182
7632.499999999999 0.574094006
7634.999999999999 0.573716831
7637.499999999999 0.573339655
7639.999999999999 0.57296248
7642.499999999999 0.572510234
7644.999999999999 0.572057988
7647.499999999999 0.571605742
7649.999999999999 0.571153496
7652.499999999999 0.570634929
7654.999999999999 0.570116362
7657.499999999999 0.569597795
7659.999999999999 0.569079228
7662.499999999999 0.568434975
7664.999999999999 0.567790722
7667.499999999999 0.567146468
7669.999999999999 0.566502215
7672.499999999999 0.566214863
7674.999999999999 0.565927511
7677.499999999999 0.565640159
7679.999999999998 0.565352807
7682.499999999998 0.56465432
7684.999999999998 0.563955833
7687.499999999998 0.563257346
7689.999999999998 0.562558859
7692.499999999998 0.562020394
7694.999999999998 0.56148193
7697.499999999998 0.560943465
7699.999999999998 0.560405001
7702.499999999998 0.560038691
7704.999999999998 0.559672382
7707.499999999998 0.559306072
7709.999999999998 0.558939763
7712.499999999998 0.558381905
7714.999999999998 0.557824047
7717.499999999998 0.557266189
7719.999999999998 0.556708331
7722.499999999998 0.55620333
7724.999999999998 0.555698328
7727.499999999998 0.555193326
7729.999999999998 0.554688324
7732.499999999998 0.554355167
7734.999999999998 0.55402201
7737.499999999998 0.553688852
7739.999999999998 0.553355695
7742.499999999998 0.552833822
7744.999999999998 0.552311948
7747.499999999998 0.551790075
7749.999999999998 0.551268201
7752.499999999998 0.55073756
7754.999999999998 0.55020692
7757.499999999998 0.549676279
7759.999999999998 0.549145638
7762.499999999998 0.548445425
7764.999999999998 0.547745211
7767.499999999998 0.547044998
7769.999999999998 0.546344784
7772.499999999998 0.545951482
7774.999999999998 0.545558181
7777.499999999998 0.545164879
7779.999999999998 0.544771577
7782.499999999998 0.544456324
7784.999999999998 0.54414107
7787.499999999998 0.543825817
7789.999999999998 0.543510563
7792.499999999998 0.542740882
7794.999999999998 0.541971202
7797.499999999998 0.541201521
7799.999999999998 0.540431841
7802.499999999998 0.539916548
7804.999999999998 0.539401256
7807.499999999998 0.538885964
7809.999999999998 0.538370672
7812.499999999998 0.538107208
7814.999999999998 0.537843745
7817.499999999998 0.537580281
7819.999999999998 0.537316818
7822.499999999998 0.536840501
7824.999999999998 0.536364184
7827.499999999998 0.535887867
7829.999999999998 0.535411551
7832.499999999998 0.534665291
7834.999999999998 0.533919032
7837.499999999998 0.533172773
7839.999999999998 0.532426514
7842.499999999998 0.531836197
7844.999999999998 0.531245881
7847.499999999998 0.530655565
7849.999999999998 0.530065249
7852.499999999998 0.529563543
7854.999999999998 0.529061837
7857.499999999998 0.528560132
7859.999999999998 0.528058426
7862.499999999998 0.527521869
7864.999999999998 0.526985312
7867.499999999998 0.526448755
7869.999999999998 0.525912198
7872.499999999998 0.525424109
7874.999999999998 0.52493602
7877.499999999998 0.524447931
7879.999999999998 0.523959842
7882.499999999998 0.523489467
7884.999999999998 0.523019092
7887.499999999998 0.522548716
7889.999999999998 0.522078341
7892.499999999998 0.521473495
7894.999999999998 0.52086865
7897.499999999998 0.520263805
7899.999999999998 0.519658959
7902.499999999998 0.519128155
7904.999999999998 0.518597351
7907.499999999998 0.518066546
7909.999999999998 0.517535742
7912.499999999998 0.517080946
7914.999999999998 0.516626151
7917.499999999998 0.516171355
7919.999999999998 0.515716559
7922.499999999998 0.515215127
7924.999999999998 0.514713695
7927.499999999998 0.514212263
7929.999999999998 0.513710831
7932.499999999998 0.513077334
7934.999999999998 0.512443837
7937.499999999998 0.51181034
7939.999999999998 0.511176842
7942.499999999998 0.510507469
7944.999999999998 0.509838096
7947.499999999998 0.509168723
7949.999999999998 0.50849935
7952.499999999998 0.507946479
7954.999999999998 0.507393608
7957.499999999998 0.506840736
7959.999999999998 0.506287865
7962.499999999998 0.505730296
7964.999999999998 0.505172728
7967.499999999998 0.504615159
7969.999999999998 0.504057591
7972.499999999998 0.50355417
7974.999999999998 0.50305075
7977.499999999998 0.50254733
7979.999999999998 0.50204391
7982.499999999998 0.501377904
7984.999999999998 0.500711898
7987.499999999998 0.500045892
7989.999999999998 0.499379886
7992.499999999998 0.498736616
7994.999999999998 0.498093347
7997.499999999998 0.497450077
7999.999999999998 0.496806808
8002.499999999998 0.496168933
8004.999999999998 0.495531059
8007.499999999998 0.494893184
8009.999999999998 0.494255309
8012.499999999998 0.493739189
8014.999999999998 0.493223069
8017.499999999998 0.49270695
8019.999999999998 0.49219083
8022.499999999998 0.491718629
8024.999999999998 0.491246428
8027.499999999998 0.490774228
8029.999999999998 0.490302027
8032.499999999998 0.489682073
8034.999999999998 0.489062118
8037.499999999998 0.488442164
8039.999999999998 0.48782221
8042.499999999998 0.48714591
8044.999999999998 0.486469609
8047.499999999998 0.485793309
8049.999999999998 0.485117009
8052.499999999998 0.484423028
8054.999999999998 0.483729047
8057.499999999998 0.483035066
8059.999999999998 0.482341085
8062.499999999998 0.481800599
8064.999999999998 0.481260113
8067.499999999998 0.480719626
8069.999999999998 0.48017914
8072.499999999998 0.479515229
8074.999999999998 0.478851318
8077.499999999998 0.478187407
8079.999999999998 0.477523495
8082.499999999998 0.476996536
8084.999999999998 0.476469577
8087.499999999998 0.475942618
8089.999999999998 0.475415658
8092.499999999998 0.474783263
8094.999999999998 0.474150868
8097.499999999998 0.473518472
8099.999999999998 0.472886077
8102.499999999998 0.472346969
8104.999999999998 0.471807861
8107.499999999998 0.471268754
8109.999999999998 0.470729646
8112.499999999998 0.470005879
8114.999999999998 0.469282113
8117.499999999998 0.468558346
8119.999999999998 0.467834579
8122.499999999998 0.467531089
8124.999999999998 0.467227599
8127.499999999998 0.466924108
8129.999999999998 0.466620618
8132.499999999998 0.466050165
8134.999999999998 0.465479713
8137.499999999998 0.46490926
8139.999999999998 0.464338808
8142.499999999998 0.463683639
8144.999999999998 0.463028469
8147.499999999998 0.4623733
8149.999999999998 0.461718131
8152.499999999998 0.46089261
8154.999999999998 0.460067088
8157.499999999998 0.459241567
8159.999999999998 0.458416046
8162.499999999998 0.457787098
8164.999999999998 0.457158151
8167.499999999998 0.456529203
8169.999999999998 0.455900255
8172.499999999998 0.455369269
8174.999999999998 0.454838284
8177.499999999998 0.454307298
8179.999999999998 0.453776312
8182.499999999998 0.453108876
8184.999999999998 0.45244144
8187.499999999998 0.451774004
8189.999999999998 0.451106568
8192.499999999998 0.450392721
8194.999999999998 0.449678875
8197.499999999998 0.448965029
8199.999999999998 0.448251182
8202.499999999998 0.447616621
8204.999999999998 0.44698206
8207.499999999998 0.446347499
8209.999999999998 0.445712937
8212.499999999998 0.4451956
8214.999999999998 0.444678262
8217.499999999998 0.444160925
8219.999999999998 0.443643588
8222.499999999998 0.443004834
8224.999999999998 0.442366081
8227.499999999998 0.441727328
8229.999999999998 0.441088574
8232.499999999998 0.44050936
8234.999999999998 0.439930146
8237.499999999998 0.439350932
8239.999999999998 0.438771718
8242.499999999998 0.438019939
8244.999999999998 0.43726816
8247.499999999998 0.436516381
8249.999999999998 0.435764602
8252.499999999998 0.435092273
8254.999999999998 0.434419943
8257.499999999998 0.433747614
8259.999999999998 0.433075285
8262.499999999998 0.432489577
8264.999999999998 0.43190387
8267.499999999998 0.431318163
8269.999999999998 0.430732456
8272.499999999998 0.430009451
8274.999999999998 0.429286445
