speclite/data/filters/gaiadr2maw-G.ecsv
# %ECSV 0.9
# ---
# datatype:
# - {name: wavelength, unit: Angstrom, datatype: float64}
# - {name: response, datatype: float64}
# meta: !!omap
# - {url: 'https://ui.adsabs.harvard.edu/abs/2018A%26A...619A.180M/abstract'}
# - {group_name: gaiadr2maw}
# - {band_name: G}
# - {airmass: 0}
# - {description: Bandpass for Gaia G band for DR2 release from Maiz Appelaniz Weiler}
# schema: astropy-2.0
wavelength response
3232.5 0.0
3235.0 9.999999999999593e-06
3237.5 2.0000000000000052e-05
3240.0 3.000000000000008e-05
3242.5 3.0000000000000512e-05
3245.0 5.000000000000143e-05
3247.5 6.999999999999715e-05
3250.0 0.00010999999999999899
3252.5 0.00014999999999999736
3255.0 0.0001999999999999988
3257.5 0.00027999999999999553
3260.0 0.00038000000000000533
3262.5 0.0005199999999999927
3265.0 0.0006899999999999962
3267.5 0.000910000000000008
3270.0 0.0011800000000000005
3272.5 0.0014900000000000052
3275.0 0.0018699999999999967
3277.5 0.0023400000000000087
3280.0 0.0028900000000000037
3282.5 0.0035200000000000092
3285.0 0.004229999999999998
3287.5 0.005089999999999997
3290.0 0.006059999999999996
3292.5 0.007100000000000009
3295.0 0.00827
3297.5 0.009570000000000009
3300.0 0.01099
3302.5 0.01251999999999999
3305.0 0.014160000000000006
3307.5 0.015939999999999996
3310.0 0.017839999999999995
3312.5 0.019799999999999998
3315.0 0.02187
3317.5 0.024059999999999998
3320.0 0.02631
3322.5 0.028630000000000003
3325.0 0.031009999999999996
3327.5 0.03346999999999999
3330.0 0.035989999999999994
3332.5 0.03855
3335.0 0.041170000000000005
3337.5 0.043840000000000004
3340.0 0.046540000000000005
3342.5 0.049249999999999995
3345.0 0.05199
3347.5 0.05474
3350.0 0.057479999999999996
3352.5 0.06018
3355.0 0.06289
3357.5 0.06558
3360.0 0.06828000000000001
3362.5 0.07099
3365.0 0.07368
3367.5 0.07636000000000001
3370.0 0.07898
3372.5 0.08158
3375.0 0.08413000000000001
3377.5 0.08664999999999999
3380.0 0.08916
3382.5 0.09166
3385.0 0.09413999999999999
3387.5 0.09659
3390.0 0.09901
3392.5 0.1014
3395.0 0.10374
3397.5 0.10607
3400.0 0.10837
3402.5 0.11068
3405.0 0.11297
3407.5 0.11523
3410.0 0.11742999999999999
3412.5 0.11961
3415.0 0.12173
3417.5 0.12379
3420.0 0.12581
3422.5 0.12778
3425.0 0.12968
3427.5 0.13154
3430.0 0.13333
3432.5 0.1351
3435.0 0.13683
3437.5 0.1385
3440.0 0.14013
3442.5 0.14175
3445.0 0.14334
3447.5 0.14488
3450.0 0.14633000000000002
3452.5 0.14772
3455.0 0.14904
3457.5 0.15029
3460.0 0.1515
3462.5 0.15267999999999998
3465.0 0.15382
3467.5 0.15489999999999998
3470.0 0.15593
3472.5 0.15692
3475.0 0.15786
3477.5 0.15875
3480.0 0.15959
3482.5 0.16039
3485.0 0.16117
3487.5 0.16186999999999999
3490.0 0.16255
3492.5 0.16319
3495.0 0.16379
3497.5 0.16435
3500.0 0.16486
3502.5 0.16535
3505.0 0.1658
3507.5 0.16620000000000001
3510.0 0.16654000000000002
3512.5 0.16686
3515.0 0.16712000000000002
3517.5 0.16732999999999998
3520.0 0.1675
3522.5 0.16765000000000002
3525.0 0.16776
3527.5 0.16783
3530.0 0.1679
3532.5 0.16798
3535.0 0.16806
3537.5 0.16809
3540.0 0.16809000000000002
3542.5 0.16805
3545.0 0.16795000000000002
3547.5 0.16782999999999998
3550.0 0.16767
3552.5 0.1675
3555.0 0.16733
3557.5 0.1671
3560.0 0.16684000000000002
3562.5 0.16654000000000002
3565.0 0.16620000000000001
3567.5 0.16582999999999998
3570.0 0.16548000000000002
3572.5 0.16515000000000002
3575.0 0.16484000000000001
3577.5 0.1645
3580.0 0.16412
3582.5 0.16369
3585.0 0.16321999999999998
3587.5 0.16272999999999999
3590.0 0.16222999999999999
3592.5 0.16172999999999998
3595.0 0.16122
3597.5 0.16072
3600.0 0.16023
3602.5 0.15974
3605.0 0.15927
3607.5 0.15879000000000001
3610.0 0.15826
3612.5 0.15767
3615.0 0.15706
3617.5 0.15644
3620.0 0.15585
3622.5 0.15533
3625.0 0.15484
3627.5 0.15435
3630.0 0.15383999999999998
3632.5 0.15328999999999998
3635.0 0.15272
3637.5 0.15214
3640.0 0.1516
3642.5 0.15108
3645.0 0.15059
3647.5 0.15006999999999998
3650.0 0.14956000000000003
3652.5 0.14906999999999998
3655.0 0.14859
3657.5 0.14811000000000002
3660.0 0.1476
3662.5 0.14709
3665.0 0.14656000000000002
3667.5 0.14604
3670.0 0.14554999999999996
3672.5 0.1451
3675.0 0.14468
3677.5 0.14429000000000003
3680.0 0.1439
3682.5 0.14353
3685.0 0.14318
3687.5 0.14283
3690.0 0.14246999999999999
3692.5 0.14208
3695.0 0.14168
3697.5 0.1413
3700.0 0.14096999999999998
3702.5 0.1407
3705.0 0.14046
3707.5 0.14024000000000003
3710.0 0.14
3712.5 0.13973000000000002
3715.0 0.13944
3717.5 0.13915999999999998
3720.0 0.13889
3722.5 0.13864
3725.0 0.1384
3727.5 0.13817999999999997
3730.0 0.13798000000000002
3732.5 0.13779000000000002
3735.0 0.13760999999999998
3737.5 0.13747
3740.0 0.13735000000000003
3742.5 0.13724999999999998
3745.0 0.13718
3747.5 0.13712999999999997
3750.0 0.13712999999999997
3752.5 0.13713999999999998
3755.0 0.13719
3757.5 0.13727
3760.0 0.13736
3762.5 0.13745
3765.0 0.13756999999999997
3767.5 0.13771
3770.0 0.13788
3772.5 0.13803999999999997
3775.0 0.13825
3777.5 0.13851
3780.0 0.13885
3782.5 0.13925
3785.0 0.13973000000000002
3787.5 0.14028
3790.0 0.14089000000000002
3792.5 0.14152
3795.0 0.14219999999999997
3797.5 0.14297
3800.0 0.14379
3802.5 0.14466999999999997
3805.0 0.14561
3807.5 0.14666
3810.0 0.1478
3812.5 0.14898999999999998
3815.0 0.15030000000000002
3817.5 0.1517
3820.0 0.15316999999999997
3822.5 0.15468
3825.0 0.15625
3827.5 0.15792
3830.0 0.15969
3832.5 0.16152
3835.0 0.16344999999999998
3837.5 0.16549
3840.0 0.16762
3842.5 0.16979
3845.0 0.17203000000000002
3847.5 0.17439
3850.0 0.17687999999999998
3852.5 0.17942999999999998
3855.0 0.18208000000000002
3857.5 0.18486999999999998
3860.0 0.18771
3862.5 0.1906
3865.0 0.19355000000000003
3867.5 0.1966
3870.0 0.19973000000000002
3872.5 0.20290999999999998
3875.0 0.20616
3877.5 0.20953
3880.0 0.21294999999999997
3882.5 0.21645000000000003
3885.0 0.22003
3887.5 0.22368
3890.0 0.22737000000000002
3892.5 0.23108
3895.0 0.23482000000000003
3897.5 0.23862999999999998
3900.0 0.24247000000000002
3902.5 0.24633
3905.0 0.25024
3907.5 0.25419
3910.0 0.2582
3912.5 0.26225000000000004
3915.0 0.26633
3917.5 0.27045
3920.0 0.27455
3922.5 0.27862000000000003
3925.0 0.28267
3927.5 0.28672
3930.0 0.2908
3932.5 0.29491999999999996
3935.0 0.29905000000000004
3937.5 0.30317
3940.0 0.30724
3942.5 0.31124
3945.0 0.31520000000000004
3947.5 0.31911
3950.0 0.32302000000000003
3952.5 0.32696
3955.0 0.33089
3957.5 0.33477999999999997
3960.0 0.33864
3962.5 0.34245
3965.0 0.34621
3967.5 0.34992999999999996
3970.0 0.3536
3972.5 0.35723
3975.0 0.36080999999999996
3977.5 0.36437
3980.0 0.36795
3982.5 0.37156
3985.0 0.37519
3987.5 0.37879
3990.0 0.38233
3992.5 0.38583
3995.0 0.38927999999999996
3997.5 0.39268000000000003
4000.0 0.39598999999999995
4002.5 0.39924
4005.0 0.40244
4007.5 0.40559999999999996
4010.0 0.40876999999999997
4012.5 0.41196999999999995
4015.0 0.41519000000000006
4017.5 0.41842
4020.0 0.42167999999999994
4022.5 0.42499
4025.0 0.42833
4027.5 0.43165
4030.0 0.43488
4032.5 0.4380200000000001
4035.0 0.4410700000000001
4037.5 0.44406999999999996
4040.0 0.44704999999999995
4042.5 0.45002999999999993
4045.0 0.45299999999999996
4047.5 0.45594999999999997
4050.0 0.45892999999999995
4052.5 0.46195
4055.0 0.46498
4057.5 0.46798000000000006
4060.0 0.47092
4062.5 0.4738
4065.0 0.47663
4067.5 0.47941000000000006
4070.0 0.48219
4072.5 0.48497
4075.0 0.48774999999999996
4077.5 0.49051999999999996
4080.0 0.49329999999999996
4082.5 0.49607
4085.0 0.49884000000000006
4087.5 0.5016
4090.0 0.50434
4092.5 0.50703
4095.0 0.50971
4097.5 0.51239
4100.0 0.5150899999999999
4102.5 0.51785
4105.0 0.52065
4107.5 0.52346
4110.0 0.52626
4112.5 0.52906
4115.0 0.53184
4117.5 0.5346
4120.0 0.5372999999999999
4122.5 0.53995
4125.0 0.5425599999999999
4127.5 0.54512
4130.0 0.54765
4132.5 0.55017
4135.0 0.55267
4137.5 0.5551699999999999
4140.0 0.5577
4142.5 0.5602699999999999
4145.0 0.56286
4147.5 0.56547
4150.0 0.56807
4152.5 0.57064
4155.0 0.57321
4157.5 0.57575
4160.0 0.57828
4162.5 0.58082
4165.0 0.58333
4167.5 0.5858300000000001
4170.0 0.58835
4172.5 0.5908800000000001
4175.0 0.59342
4177.5 0.59595
4180.0 0.5984299999999999
4182.5 0.6008800000000001
4185.0 0.60329
4187.5 0.6056900000000001
4190.0 0.60807
4192.5 0.61047
4195.0 0.61285
4197.5 0.6152299999999999
4200.0 0.6176200000000001
4202.5 0.62002
4205.0 0.62243
4207.5 0.62483
4210.0 0.6272
4212.5 0.62951
4215.0 0.6318
4217.5 0.6341100000000001
4220.0 0.6364500000000001
4222.5 0.63886
4225.0 0.64133
4227.5 0.64379
4230.0 0.6462
4232.5 0.64853
4235.0 0.65081
4237.5 0.65305
4240.0 0.65524
4242.5 0.65738
4245.0 0.65949
4247.5 0.6615800000000001
4250.0 0.6637200000000001
4252.5 0.6659200000000001
4255.0 0.66815
4257.5 0.67042
4260.0 0.6727000000000001
4262.5 0.67501
4265.0 0.67732
4267.5 0.67962
4270.0 0.68189
4272.5 0.68411
4275.0 0.68629
4277.5 0.68843
4280.0 0.6905399999999999
4282.5 0.6926
4285.0 0.6946300000000001
4287.5 0.69665
4290.0 0.6986800000000001
4292.5 0.70073
4295.0 0.7027899999999999
4297.5 0.7048300000000001
4300.0 0.70685
4302.5 0.70882
4305.0 0.71076
4307.5 0.71268
4310.0 0.71458
4312.5 0.71647
4315.0 0.71835
4317.5 0.72023
4320.0 0.7221299999999999
4322.5 0.72407
4325.0 0.72602
4327.5 0.72798
4330.0 0.72992
4332.5 0.73184
4335.0 0.73375
4337.5 0.73564
4340.0 0.73754
4342.5 0.7394499999999999
4345.0 0.74136
4347.5 0.74324
4350.0 0.7451
4352.5 0.74695
4355.0 0.74877
4357.5 0.75053
4360.0 0.75221
4362.5 0.75379
4365.0 0.7553000000000001
4367.5 0.75677
4370.0 0.75828
4372.5 0.7598400000000001
4375.0 0.7614500000000001
4377.5 0.7630399999999999
4380.0 0.76463
4382.5 0.76622
4385.0 0.76779
4387.5 0.76936
4390.0 0.77094
4392.5 0.77253
4395.0 0.77412
4397.5 0.77572
4400.0 0.7773
4402.5 0.7788499999999999
4405.0 0.78039
4407.5 0.78193
4410.0 0.78346
4412.5 0.7849900000000001
4415.0 0.7865300000000001
4417.5 0.78808
4420.0 0.7896099999999999
4422.5 0.79117
4425.0 0.79272
4427.5 0.79427
4430.0 0.7957700000000001
4432.5 0.79723
4435.0 0.79866
4437.5 0.8000700000000001
4440.0 0.8015100000000001
4442.5 0.80295
4445.0 0.8044199999999999
4447.5 0.8058599999999999
4450.0 0.80728
4452.5 0.80864
4455.0 0.80996
4457.5 0.81124
4460.0 0.8124800000000001
4462.5 0.81369
4465.0 0.8148500000000001
4467.5 0.81601
4470.0 0.81723
4472.5 0.8185399999999999
4475.0 0.8198799999999999
4477.5 0.82125
4480.0 0.8226300000000001
4482.5 0.8240299999999999
4485.0 0.82543
4487.5 0.82679
4490.0 0.82809
4492.5 0.8292799999999999
4495.0 0.83038
4497.5 0.83145
4500.0 0.83249
4502.5 0.8335199999999999
4505.0 0.8345199999999999
4507.5 0.8355600000000001
4510.0 0.8366600000000001
4512.5 0.8379099999999999
4515.0 0.83922
4517.5 0.8405199999999999
4520.0 0.8417899999999999
4522.5 0.8430000000000001
4525.0 0.84415
4527.5 0.84526
4530.0 0.84633
4532.5 0.8473499999999999
4535.0 0.84834
4537.5 0.84932
4540.0 0.85032
4542.5 0.85138
4545.0 0.85246
4547.5 0.85356
4550.0 0.8546600000000001
4552.5 0.85575
4555.0 0.85682
4557.5 0.85787
4560.0 0.85887
4562.5 0.8598
4565.0 0.86069
4567.5 0.86155
4570.0 0.86243
4572.5 0.86334
4575.0 0.86426
4577.5 0.8652000000000001
4580.0 0.86617
4582.5 0.86719
4585.0 0.86822
4587.5 0.8692599999999999
4590.0 0.87025
4592.5 0.8711800000000001
4595.0 0.8720699999999999
4597.5 0.87295
4600.0 0.87383
4602.5 0.87471
4605.0 0.87561
4607.5 0.87649
4610.0 0.87736
4612.5 0.8782099999999999
4615.0 0.87905
4617.5 0.87986
4620.0 0.88064
4622.5 0.88139
4625.0 0.88211
4627.5 0.8828199999999999
4630.0 0.88355
4632.5 0.8843099999999999
4635.0 0.8850899999999999
4637.5 0.8859
4640.0 0.8867499999999999
4642.5 0.88764
4645.0 0.88858
4647.5 0.88952
4650.0 0.89043
4652.5 0.89131
4655.0 0.89216
4657.5 0.89296
4660.0 0.8936999999999999
4662.5 0.89436
4665.0 0.89496
4667.5 0.8955299999999999
4670.0 0.89609
4672.5 0.89665
4675.0 0.8972199999999999
4677.5 0.8978200000000001
4680.0 0.8985099999999999
4682.5 0.89927
4685.0 0.90012
4687.5 0.90098
4690.0 0.90178
4692.5 0.90249
4695.0 0.90313
4697.5 0.9037499999999999
4700.0 0.90432
4702.5 0.90484
4705.0 0.90534
4707.5 0.90587
4710.0 0.9064599999999999
4712.5 0.9072
4715.0 0.90801
4717.5 0.9088299999999999
4720.0 0.9096200000000001
4722.5 0.91037
4725.0 0.91105
4727.5 0.91171
4730.0 0.9123
4732.5 0.91284
4735.0 0.9133399999999999
4737.5 0.91382
4740.0 0.9143100000000001
4742.5 0.91483
4745.0 0.91536
4747.5 0.9159299999999999
4750.0 0.9165099999999999
4752.5 0.9171199999999999
4755.0 0.91777
4757.5 0.9184300000000001
4760.0 0.9191199999999999
4762.5 0.91982
4765.0 0.92052
4767.5 0.9212199999999999
4770.0 0.92188
4772.5 0.9224899999999999
4775.0 0.92307
4777.5 0.9236
4780.0 0.92408
4782.5 0.92453
4785.0 0.92494
4787.5 0.92532
4790.0 0.92569
4792.5 0.9260400000000001
4795.0 0.92638
4797.5 0.92678
4800.0 0.92729
4802.5 0.92795
4805.0 0.92872
4807.5 0.9295
4810.0 0.9301699999999999
4812.5 0.93067
4815.0 0.93106
4817.5 0.93137
4820.0 0.93167
4822.5 0.93191
4825.0 0.93214
4827.5 0.9323600000000001
4830.0 0.9326300000000001
4832.5 0.93297
4835.0 0.9333600000000001
4837.5 0.93378
4840.0 0.9342400000000001
4842.5 0.93474
4845.0 0.93527
4847.5 0.93582
4850.0 0.93636
4852.5 0.93689
4855.0 0.93741
4857.5 0.9379299999999999
4860.0 0.93845
4862.5 0.9389700000000001
4865.0 0.9395
4867.5 0.94
4870.0 0.94048
4872.5 0.94091
4875.0 0.9413
4877.5 0.94167
4880.0 0.9420499999999999
4882.5 0.9424199999999999
4885.0 0.94281
4887.5 0.94319
4890.0 0.94358
4892.5 0.9440000000000001
4895.0 0.94441
4897.5 0.94483
4900.0 0.94523
4902.5 0.9456199999999999
4905.0 0.94599
4907.5 0.94634
4910.0 0.94665
4912.5 0.94691
4915.0 0.94713
4917.5 0.94736
4920.0 0.94762
4922.5 0.94792
4925.0 0.94826
4927.5 0.94865
4930.0 0.94905
4932.5 0.9494900000000001
4935.0 0.94996
4937.5 0.9504600000000001
4940.0 0.951
4942.5 0.95158
4945.0 0.95219
4947.5 0.9528
4950.0 0.9533400000000001
4952.5 0.95377
4955.0 0.95414
4957.5 0.95448
4960.0 0.9548
4962.5 0.95512
4965.0 0.95543
4967.5 0.95573
4970.0 0.9560299999999999
4972.5 0.95635
4975.0 0.9566699999999999
4977.5 0.95695
4980.0 0.95717
4982.5 0.95732
4985.0 0.9574
4987.5 0.95746
4990.0 0.95755
4992.5 0.95769
4995.0 0.95786
4997.5 0.95807
5000.0 0.95831
5002.5 0.95859
5005.0 0.95889
5007.5 0.95924
5010.0 0.95968
5012.5 0.9602200000000001
5015.0 0.96083
5017.5 0.9614
5020.0 0.96187
5022.5 0.9622
5025.0 0.9624
5027.5 0.96254
5030.0 0.96268
5032.5 0.9628399999999999
5035.0 0.96302
5037.5 0.96321
5040.0 0.9634400000000001
5042.5 0.96374
5045.0 0.9640799999999999
5047.5 0.96443
5050.0 0.96476
5052.5 0.9650299999999999
5055.0 0.96528
5057.5 0.9655600000000001
5060.0 0.96588
5062.5 0.96626
5065.0 0.9667100000000001
5067.5 0.96715
5070.0 0.9675100000000001
5072.5 0.96778
5075.0 0.96798
5077.5 0.9681200000000001
5080.0 0.96821
5082.5 0.9682499999999999
5085.0 0.96825
5087.5 0.9682599999999999
5090.0 0.96838
5092.5 0.96866
5095.0 0.96905
5097.5 0.96947
5100.0 0.9699
5102.5 0.97033
5105.0 0.97075
5107.5 0.97113
5110.0 0.97146
5112.5 0.9717
5115.0 0.97189
5117.5 0.9720000000000001
5120.0 0.97205
5122.5 0.97202
5125.0 0.9719199999999999
5127.5 0.97187
5130.0 0.97196
5132.5 0.97231
5135.0 0.9728
5137.5 0.97332
5140.0 0.9737600000000001
5142.5 0.97411
5145.0 0.97434
5147.5 0.9745400000000001
5150.0 0.97468
5152.5 0.97479
5155.0 0.97486
5157.5 0.9749199999999999
5160.0 0.97501
5162.5 0.9751399999999999
5165.0 0.97531
5167.5 0.97549
5170.0 0.9756400000000001
5172.5 0.97575
5175.0 0.97583
5177.5 0.9759399999999999
5180.0 0.9761000000000001
5182.5 0.97632
5185.0 0.97658
5187.5 0.97691
5190.0 0.97727
5192.5 0.9776900000000001
5195.0 0.97815
5197.5 0.9786
5200.0 0.979
5202.5 0.97933
5205.0 0.9796199999999999
5207.5 0.97985
5210.0 0.9800300000000001
5212.5 0.98017
5215.0 0.9802799999999999
5217.5 0.9803499999999999
5220.0 0.98039
5222.5 0.9804200000000001
5225.0 0.9804499999999999
5227.5 0.9804700000000001
5230.0 0.98054
5232.5 0.98065
5235.0 0.9808
5237.5 0.98098
5240.0 0.9811799999999999
5242.5 0.98142
5245.0 0.98168
5247.5 0.98194
5250.0 0.98216
5252.5 0.98234
5255.0 0.98247
5257.5 0.98259
5260.0 0.98272
5262.5 0.98285
5265.0 0.983
5267.5 0.98314
5270.0 0.98327
5272.5 0.98339
5275.0 0.98349
5277.5 0.98359
5280.0 0.9836699999999999
5282.5 0.98373
5285.0 0.98378
5287.5 0.98382
5290.0 0.9838600000000001
5292.5 0.98388
5295.0 0.9839199999999999
5297.5 0.9839899999999999
5300.0 0.98412
5302.5 0.98435
5305.0 0.98466
5307.5 0.9849899999999999
5310.0 0.9853000000000001
5312.5 0.98556
5315.0 0.9858
5317.5 0.9860300000000001
5320.0 0.98627
5322.5 0.98651
5325.0 0.9867400000000001
5327.5 0.98698
5330.0 0.98723
5332.5 0.98752
5335.0 0.98783
5337.5 0.98808
5340.0 0.9882500000000001
5342.5 0.9883
5345.0 0.9882500000000001
5347.5 0.98818
