speclite/data/filters/hsc-g.ecsv
# %ECSV 0.9
# ---
# datatype:
# - {name: wavelength, unit: Angstrom, datatype: float64}
# - {name: response, datatype: float64}
# meta: !!omap
# - {band_name: g}
# - {group_name: hsc}
wavelength response
3690.0 0.0
3700.0 0.00018836264965
3710.0 0.000109549863201
3720.0 0.0
3730.0 0.0
3740.0 4.32592945597e-05
3750.0 5.86609404403e-05
3760.0 5.9614287581e-05
3770.0 3.03015156761e-05
3780.0 4.61999732918e-05
3790.0 6.25761560757e-05
3800.0 6.35499023374e-05
3810.0 1.63463327332e-05
3820.0 0.0
3830.0 1.72772608424e-05
3840.0 3.54877225991e-05
3850.0 5.46461880639e-05
3860.0 7.47670722236e-05
3870.0 9.58512853823e-05
3880.0 9.8253315725e-05
3890.0 6.04074403652e-05
3900.0 0.000123754444404
3910.0 0.000295648645156
3920.0 0.000410615592848
3930.0 0.000729830419162
3940.0 0.00212650929823
3950.0 0.00524979582225
3960.0 0.0115573189657
3970.0 0.0232085404354
3980.0 0.0457626688919
3990.0 0.0876568290953
4000.0 0.147163059528
4010.0 0.205197906025
4020.0 0.243046418083
4030.0 0.260230382058
4040.0 0.267379390688
4050.0 0.27191574422
4060.0 0.275863572079
4070.0 0.280363741828
4080.0 0.28614619393
4090.0 0.290132977706
4100.0 0.294870313251
4110.0 0.299114588367
4120.0 0.303807047352
4130.0 0.306787028556
4140.0 0.310607453797
4150.0 0.314933633427
4160.0 0.319345360651
4170.0 0.32344783299
4180.0 0.327319065192
4190.0 0.331993424289
4200.0 0.336203912735
4210.0 0.338683628807
4220.0 0.342210434607
4230.0 0.34578721425
4240.0 0.34916471261
4250.0 0.354067978021
4260.0 0.355827085907
4270.0 0.358879096739
4280.0 0.360192648695
4290.0 0.362560250468
4300.0 0.366901493036
4310.0 0.371749213876
4320.0 0.377063785663
4330.0 0.380514004841
4340.0 0.384028028074
4350.0 0.387028744263
4360.0 0.389859420126
4370.0 0.39302356776
4380.0 0.39550775169
4390.0 0.398611190301
4400.0 0.402638782876
4410.0 0.405760600181
4420.0 0.40774979916
4430.0 0.410960432146
4440.0 0.41377456344
4450.0 0.415741023486
4460.0 0.419905135407
4470.0 0.423149393351
4480.0 0.425112349482
4490.0 0.42822555008
4500.0 0.430942701491
4510.0 0.433377080801
4520.0 0.434566895826
4530.0 0.436910536466
4540.0 0.440588971972
4550.0 0.443355250968
4560.0 0.446293909216
4570.0 0.449094706107
4580.0 0.451785427506
4590.0 0.45391459367
4600.0 0.457003406987
4610.0 0.458159051465
4620.0 0.459654046885
4630.0 0.461220714489
4640.0 0.462229785685
4650.0 0.46370950275
4660.0 0.466138202012
4670.0 0.468553145514
4680.0 0.470359488034
4690.0 0.472954022825
4700.0 0.474853292049
4710.0 0.476897891524
4720.0 0.478161388583
4730.0 0.479707535282
4740.0 0.480329715607
4750.0 0.480102532875
4760.0 0.481936410948
4770.0 0.483252154763
4780.0 0.485748269699
4790.0 0.488491387307
4800.0 0.48997040588
4810.0 0.4910292153
4820.0 0.493040278593
4830.0 0.494539155079
4840.0 0.495373827251
4850.0 0.497516679061
4860.0 0.497621808871
4870.0 0.498917207945
4880.0 0.502928556299
4890.0 0.503999102518
4900.0 0.505705837956
4910.0 0.507641633736
4920.0 0.507866011793
4930.0 0.509114971308
4940.0 0.510034154102
4950.0 0.51196958089
4960.0 0.513515238427
4970.0 0.514773780785
4980.0 0.516104818247
4990.0 0.520335298391
5000.0 0.523244925135
5010.0 0.525029157175
5020.0 0.526035838886
5030.0 0.525228896628
5040.0 0.524580261389
5050.0 0.524661263652
5060.0 0.526196257516
5070.0 0.528292269683
5080.0 0.531714525939
5090.0 0.534950765984
5100.0 0.536287115388
5110.0 0.537865767252
5120.0 0.53885904947
5130.0 0.540343185867
5140.0 0.541783657346
5150.0 0.542868648965
5160.0 0.544086366602
5170.0 0.546219723175
5180.0 0.547658789544
5190.0 0.54812314069
5200.0 0.549687376446
5210.0 0.551387385457
5220.0 0.553091163937
5230.0 0.553563644073
5240.0 0.553804493689
5250.0 0.552872301255
5260.0 0.554876577305
5270.0 0.556318068443
5280.0 0.556083343771
5290.0 0.558581823215
5300.0 0.558994471146
5310.0 0.558996360664
5320.0 0.560406012969
5330.0 0.5619452527
5340.0 0.564622840531
5350.0 0.56907599428
5360.0 0.569531365509
5370.0 0.570684071544
5380.0 0.573063310219
5390.0 0.574130506557
5400.0 0.57393670589
5410.0 0.57090978218
5420.0 0.561023077392
5430.0 0.539043828578
5440.0 0.496671835715
5450.0 0.435335296291
5460.0 0.358924564928
5470.0 0.277218994625
5480.0 0.201507780745
5490.0 0.137898472004
5500.0 0.088897236245
5510.0 0.0531265599263
5520.0 0.0296051851285
5530.0 0.0156748202631
5540.0 0.008336622032
5550.0 0.00463145203817
5560.0 0.00286802189022
5570.0 0.00195507146644
5580.0 0.00140691501256
5590.0 0.00110226792239
5600.0 0.000919559595965
5610.0 0.000613624550454
5620.0 0.000429946206437
5630.0 0.00030739648713
5640.0 0.000246150749565
5650.0 0.000184854918385
5660.0 0.000185105319389
5670.0 0.000185355824088
5680.0 0.000185494812911
5690.0 0.000185543814302
5700.0 0.000123877231458
5710.0 0.00018615600667
5720.0 0.000186250426617
5730.0 0.000186500648289
5740.0 0.000186774000804
5750.0 0.000187047537363
5760.0 0.000249838093875
5770.0 6.25699962917e-05
5780.0 6.26805373352e-05
5790.0 0.000188373439409
5800.0 0.00012578861583
5810.0 0.000188910798784
5820.0 0.000252124880896
5830.0 0.000126169123457
5840.0 6.31378375017e-05
5850.0 0.000126367114476
5860.0 0.00012643394152
5870.0 6.32201940825e-05
5880.0 6.31179092187e-05
5890.0 0.00018861640101
5900.0 0.00012571796443
5910.0 6.30359390031e-05
5920.0 0.000125810088111
5930.0 0.000126238326328
5940.0 0.000189168348455
5950.0 0.000125923603186
5960.0 0.000189662123998
5970.0 0.000189607196932
5980.0 6.32808676947e-05
5990.0 6.33371291751e-05
6000.0 0.0
