speclite/data/filters/hsc-r.ecsv
# %ECSV 0.9
# ---
# datatype:
# - {name: wavelength, unit: Angstrom, datatype: float64}
# - {name: response, datatype: float64}
# meta: !!omap
# - {band_name: r}
# - {group_name: hsc}
wavelength response
5040.0 0.0
5060.0 5.4692470379e-05
5080.0 0.000110006108604
5100.0 0.0
5120.0 0.0
5140.0 0.000280223263342
5160.0 0.0
5180.0 0.0
5200.0 0.0
5220.0 0.0
5240.0 0.0
5260.0 0.000173038433671
5280.0 0.000521165270638
5300.0 0.00168634553867
5320.0 0.00432249791116
5340.0 0.00986343321297
5360.0 0.0260917147134
5380.0 0.0694154749929
5400.0 0.152616748394
5420.0 0.268206305099
5440.0 0.384562654315
5460.0 0.45895961692
5480.0 0.483486063223
5500.0 0.484822546242
5520.0 0.490912209139
5540.0 0.508899051486
5560.0 0.532048571506
5580.0 0.553101110589
5600.0 0.567981310441
5620.0 0.576557862833
5640.0 0.58362342722
5660.0 0.59202851318
5680.0 0.596489486718
5700.0 0.59646886947
5720.0 0.595753031274
5740.0 0.593567774556
5760.0 0.585995249185
5780.0 0.577350429395
5800.0 0.577432640966
5820.0 0.587324910048
5840.0 0.598609837353
5860.0 0.601193391927
5880.0 0.587438381099
5900.0 0.562650749805
5920.0 0.545323826917
5940.0 0.546318190338
5960.0 0.563739053231
5980.0 0.583702723616
6000.0 0.59844043244
6020.0 0.607096026393
6040.0 0.6090334678
6060.0 0.604452661368
6080.0 0.597973564175
6100.0 0.596845212377
6120.0 0.605535676181
6140.0 0.616258702222
6160.0 0.619138545117
6180.0 0.616015824579
6200.0 0.614739561936
6220.0 0.617804158169
6240.0 0.620475238566
6260.0 0.619686086975
6280.0 0.605634093711
6300.0 0.611977519351
6320.0 0.620914538955
6340.0 0.624568886625
6360.0 0.621728074513
6380.0 0.61596972221
6400.0 0.60810145499
6420.0 0.6003927033
6440.0 0.598926618544
6460.0 0.601078026785
6480.0 0.603187048463
6500.0 0.608855171563
6520.0 0.600805411508
6540.0 0.590864677024
6560.0 0.583037011994
6580.0 0.584118132967
6600.0 0.590901673454
6620.0 0.600291201352
6640.0 0.606093269089
6660.0 0.606872296573
6680.0 0.609956062617
6700.0 0.616337515328
6720.0 0.619706313571
6740.0 0.620414853635
6760.0 0.618105193465
6780.0 0.613232852627
6800.0 0.608483524705
6820.0 0.604091993593
6840.0 0.604804036611
6860.0 0.606145674911
6880.0 0.540584199994
6900.0 0.558019176034
6920.0 0.562280459835
6940.0 0.509235797632
6960.0 0.411692882811
6980.0 0.285554698647
7000.0 0.159301953393
7020.0 0.0721886589753
7040.0 0.0270250315421
7060.0 0.00924604239085
7080.0 0.00339734299682
7100.0 0.00119445234482
7120.0 0.000376718487231
7140.0 0.000375575141553
7160.0 0.000560167537768
7180.0 0.000354308546948
7200.0 5.83964583471e-05
7220.0 0.0
7240.0 5.88340747649e-05
7260.0 0.0
7280.0 0.0
7300.0 0.000180316202427
7320.0 0.000785431379253
7340.0 0.000796373763201
7360.0 0.000611167394986
7380.0 0.00073429011239
7400.0 0.000672513065915
7420.0 0.000917540502816
7440.0 0.000550141745366
7460.0 6.10398741818e-05
7480.0 0.000975177991326
7500.0 0.0
