speclite/data/filters/hsc-i.ecsv
# %ECSV 0.9
# ---
# datatype:
# - {name: wavelength, unit: Angstrom, datatype: float64}
# - {name: response, datatype: float64}
# meta: !!omap
# - {band_name: i}
# - {group_name: hsc}
wavelength response
6620.0 0.0
6640.0 0.000194634961172
6660.0 0.000389187022172
6680.0 0.000713323058557
6700.0 0.000907522635106
6720.0 0.00123124751206
6740.0 0.00181388909907
6760.0 0.00284960483156
6780.0 0.00466189054895
6800.0 0.00737791127594
6820.0 0.0121477478656
6840.0 0.0201257315937
6860.0 0.0330356141347
6880.0 0.0477523659336
6900.0 0.0793869514689
6920.0 0.130598179732
6940.0 0.197321815414
6960.0 0.279812670351
6980.0 0.371817335288
7000.0 0.448284375754
7020.0 0.50946721987
7040.0 0.550894873742
7060.0 0.572877238747
7080.0 0.584720478008
7100.0 0.588362078693
7120.0 0.590192296661
7140.0 0.591405656232
7160.0 0.590790029833
7180.0 0.561401892639
7200.0 0.554182389714
7220.0 0.581257763245
7240.0 0.557511692473
7260.0 0.565316326962
7280.0 0.562706979777
7300.0 0.571061413086
7320.0 0.573123235661
7340.0 0.580617732894
7360.0 0.578775523052
7380.0 0.581374196485
7400.0 0.580562188539
7420.0 0.581659509418
7440.0 0.580216160779
7460.0 0.574934574918
7480.0 0.574623631389
7500.0 0.574676336288
7520.0 0.57433507356
7540.0 0.57551338461
7560.0 0.575755783648
7580.0 0.573842450584
7600.0 0.325535967199
7620.0 0.422059735659
7640.0 0.392306800294
7660.0 0.491128723642
7680.0 0.538122235139
7700.0 0.553032255887
7720.0 0.555535558844
7740.0 0.55748986399
7760.0 0.558252453286
7780.0 0.559727184359
7800.0 0.559711587117
7820.0 0.559246090591
7840.0 0.56255127724
7860.0 0.562277763569
7880.0 0.555786956586
7900.0 0.548671692115
7920.0 0.549085308544
7940.0 0.553137661356
7960.0 0.549102058799
7980.0 0.550294930602
8000.0 0.546374094994
8020.0 0.542571859198
8040.0 0.543388014716
8060.0 0.546206420228
8080.0 0.544779877912
8100.0 0.541666490814
8120.0 0.537162072294
8140.0 0.521004271356
8160.0 0.505072420648
8180.0 0.502365848575
8200.0 0.511543343745
8220.0 0.523698207767
8240.0 0.51292084639
8260.0 0.519759401823
8280.0 0.515287155872
8300.0 0.518951764585
8320.0 0.511790049911
8340.0 0.510764287708
8360.0 0.496255880319
8380.0 0.4664462863
8400.0 0.416003591534
8420.0 0.349836606851
8440.0 0.272201532175
8460.0 0.213996757191
8480.0 0.16990276588
8500.0 0.143272320425
8520.0 0.108721227352
8540.0 0.0807680130832
8560.0 0.0643216541184
8580.0 0.0392825013646
8600.0 0.0289749592454
8620.0 0.0227480527062
8640.0 0.0188034262132
8660.0 0.00406194344601
8680.0 0.0115859007986
8700.0 0.0
8720.0 0.0052106445436
8740.0 0.0
8760.0 0.00498639282843
8780.0 0.00124721834747
8800.0 0.000567197822301
8820.0 0.00509311188808
8840.0 0.0
8860.0 0.000394101866654
8880.0 0.00146097491647
8900.0 0.00185107050715
8920.0 0.0
8940.0 0.0
8960.0 0.00254974599657
8980.0 0.00162498914506
9000.0 0.0
