speclite/data/filters/ibis-M438.ecsv
# %ECSV 1.0
# ---
# datatype:
# - {name: wavelength, unit: Angstrom, datatype: float64}
# - {name: response, datatype: float64}
# meta:
#   __serialized_columns__:
#     wavelength:
#       __class__: astropy.units.quantity.Quantity
#       unit: !astropy.units.Unit {unit: Angstrom}
#       value: !astropy.table.SerializedColumn {name: wavelength}
#   band_name: M438
#   group_name: ibis
# schema: astropy-2.0
wavelength response
3978.0 0.0
3980.0 2.0291700000000002e-07
3982.0 2.0373300000000002e-07
3984.0 2.04549e-07
3986.0 2.0536299999999998e-07
3988.0 2.06177e-07
3990.0 2.0699e-07
3992.0 2.0780300000000002e-07
3994.0 2.08614e-07
3996.0 2.09425e-07
3998.0 2.10236e-07
4000.0 2.1104500000000002e-07
4002.0 2.1185399999999999e-07
4004.0 4.25323e-07
4006.0 4.26937e-07
4008.0 4.2855e-07
4010.0 4.30161e-07
4012.0 4.3176999999999995e-07
4014.0 4.33378e-07
4016.0 4.3498399999999995e-07
4018.0 4.36588e-07
4020.0 6.572849999999999e-07
4022.0 6.59686e-07
4024.0 6.62084e-07
4026.0 6.64479e-07
4028.0 6.66872e-07
4030.0 6.69261e-07
4032.0 8.95531e-07
4034.0 8.987099999999999e-07
4036.0 9.01884e-07
4038.0 1.13132e-06
4040.0 1.13527e-06
4042.0 1.3670699999999998e-06
4044.0 1.37181e-06
4046.0 1.60596e-06
4048.0 1.61147e-06
4050.0 1.84797e-06
4052.0 1.8542600000000001e-06
4054.0 2.09311e-06
4056.0 2.10016e-06
4058.0 2.34132e-06
4060.0 2.34909e-06
4062.0 2.35684e-06
4064.0 2.6010200000000003e-06
4066.0 2.60953e-06
4068.0 2.85609e-06
4070.0 2.8654899999999996e-06
4072.0 3.11456e-06
4074.0 3.36521e-06
4076.0 3.37613e-06
4078.0 3.62867e-06
4080.0 3.63958e-06
4082.0 3.89324e-06
4084.0 3.90383e-06
4086.0 4.1589e-06
4088.0 4.41538e-06
4090.0 4.67361e-06
4092.0 4.933920000000001e-06
4094.0 5.19626e-06
4096.0 5.7087e-06
4098.0 6.22439e-06
4100.0 6.7431e-06
4102.0 7.51512e-06
4104.0 8.29137e-06
4106.0 9.32385e-06
4108.0 1.01093e-05
4110.0 1.1152499999999999e-05
4112.0 1.2455700000000002e-05
4114.0 1.3511199999999999e-05
4116.0 1.45727e-05
4118.0 1.58966e-05
4120.0 1.69712e-05
4122.0 1.80522e-05
4124.0 1.9139e-05
4126.0 2.04902e-05
4128.0 2.1847e-05
4130.0 2.3207900000000002e-05
4132.0 2.5094700000000002e-05
4134.0 2.69874e-05
4136.0 2.94127e-05
4138.0 3.21126e-05
4140.0 3.50914e-05
4142.0 3.86182e-05
4144.0 4.24322e-05
4146.0 4.68012e-05
4148.0 5.14623e-05
4150.0 5.69514e-05
4152.0 6.30058e-05
4154.0 6.9359e-05
4156.0 7.65496e-05
4158.0 8.45801e-05
4160.0 9.37223e-05
4162.0 0.000103707
4164.0 0.000115085
4166.0 0.00012759700000000002
4168.0 0.000142076
4170.0 0.00015882
4172.0 0.00017758099999999998
4174.0 0.000199477
4176.0 0.00022453000000000002
4178.0 0.000253315
4180.0 0.000286964
4182.0 0.000326064
4184.0 0.000372039
4186.0 0.000425761
4188.0 0.000489504
4190.0 0.000564425
4192.0 0.000652808
4194.0 0.000757552
4196.0 0.00088132
4198.0 0.0010271
4200.0 0.00119936
4202.0 0.0013995
4204.0 0.0016343
4206.0 0.00190944
4208.0 0.00223237
4210.0 0.0026119999999999997
4212.0 0.00305905
4214.0 0.00358832
4216.0 0.0042190100000000005
4218.0 0.00497558
4220.0 0.00589124
4222.0 0.00700665
4224.0 0.0083751
4226.0 0.0100623
4228.0 0.012146999999999998
4230.0 0.014723
4232.0 0.0178976
4234.0 0.0217875
4236.0 0.0265186
4238.0 0.0322195
4240.0 0.0390174
4242.0 0.0470266
4244.0 0.0563409
4246.0 0.0670282
4248.0 0.0791055
4250.0 0.0925403
4252.0 0.10723
4254.0 0.122993
4256.0 0.13958399999999999
4258.0 0.156697
4260.0 0.173994
4262.0 0.191113
4264.0 0.207704
4266.0 0.22343800000000003
4268.0 0.23799299999999998
4270.0 0.251093
4272.0 0.262514
4274.0 0.27209099999999997
4276.0 0.279773
4278.0 0.28563099999999997
4280.0 0.28985700000000003
4282.0 0.292731
4284.0 0.294598
4286.0 0.29580100000000004
4288.0 0.296626
4290.0 0.297294
4292.0 0.29795
4294.0 0.298647
4296.0 0.299386
4298.0 0.30014399999999997
4300.0 0.300884
4302.0 0.301573
4304.0 0.302213
4306.0 0.302822
4308.0 0.30341799999999997
4310.0 0.304027
4312.0 0.30467
4314.0 0.30533
4316.0 0.305987
4318.0 0.306618
4320.0 0.307203
4322.0 0.307728
4324.0 0.308214
4326.0 0.30869
4328.0 0.30918399999999996
4330.0 0.309724
4332.0 0.310329
4334.0 0.310985
4336.0 0.31166699999999997
4338.0 0.31235199999999996
4340.0 0.313017
4342.0 0.313642
4344.0 0.314232
4346.0 0.314796
4348.0 0.31534300000000004
4350.0 0.315882
4352.0 0.316421
4354.0 0.31696799999999997
4356.0 0.317534
4358.0 0.318129
4360.0 0.318765
4362.0 0.319448
4364.0 0.32016500000000003
4366.0 0.32089300000000004
4368.0 0.321611
4370.0 0.32229399999999997
4372.0 0.32292499999999996
4374.0 0.323518
4376.0 0.324095
4378.0 0.32467399999999996
4380.0 0.325278
4382.0 0.325921
4384.0 0.326586
4386.0 0.32725299999999996
4388.0 0.327901
4390.0 0.328516
4392.0 0.329088
4394.0 0.329637
4396.0 0.330186
4398.0 0.33075499999999997
4400.0 0.33135800000000004
4402.0 0.332
4404.0 0.332674
4406.0 0.333364
4408.0 0.334053
4410.0 0.334723
4412.0 0.33536099999999996
4414.0 0.335972
4416.0 0.336566
4418.0 0.337157
4420.0 0.337765
4422.0 0.338403
4424.0 0.339061
4426.0 0.339723
4428.0 0.34037100000000003
4430.0 0.34098500000000004
4432.0 0.34155
4434.0 0.342074
4436.0 0.342572
4438.0 0.343057
4440.0 0.34354399999999996
4442.0 0.344045
4444.0 0.344561
4446.0 0.345086
4448.0 0.345619
4450.0 0.346152
4452.0 0.346683
4454.0 0.34722000000000003
4456.0 0.34777299999999994
4458.0 0.34835099999999997
4460.0 0.348967
4462.0 0.349626
4464.0 0.35031199999999996
4466.0 0.351004
4468.0 0.351682
4470.0 0.352325
4472.0 0.352915
4474.0 0.353451
4476.0 0.35393399999999997
4478.0 0.354353
4480.0 0.354687
4482.0 0.35490499999999997
4484.0 0.354965
4486.0 0.354811
4488.0 0.35437399999999997
4490.0 0.353573
4492.0 0.352306
4494.0 0.35043
4496.0 0.347785
4498.0 0.344199
4500.0 0.33948999999999996
4502.0 0.33352699999999996
4504.0 0.326155
4506.0 0.317274
4508.0 0.306829
4510.0 0.294817
4512.0 0.28129899999999997
4514.0 0.2664
4516.0 0.250302
4518.0 0.23325700000000002
4520.0 0.215548
4522.0 0.19749099999999997
4524.0 0.179412
4526.0 0.161615
4528.0 0.14439
4530.0 0.12797599999999998
4532.0 0.112581
4534.0 0.0983549
4536.0 0.0853946
4538.0 0.0737554
4540.0 0.06343460000000001
4542.0 0.054391999999999996
4544.0 0.0465555
4546.0 0.0398195
4548.0 0.0340653
4550.0 0.029169399999999998
4552.0 0.0250156
4554.0 0.0214948
4556.0 0.0185098
4558.0 0.0159775
4560.0 0.0138258
4562.0 0.011995
4564.0 0.0104349
4566.0 0.00910272
4568.0 0.00796306
4570.0 0.0069862299999999995
4572.0 0.00614595
4574.0 0.00542171
4576.0 0.0047945
4578.0 0.00424958
4580.0 0.0037737300000000003
4582.0 0.00335646
4584.0 0.00298842
4586.0 0.00266299
4588.0 0.00237395
4590.0 0.00211703
4592.0 0.00188793
4594.0 0.00168356
4596.0 0.001502
4598.0 0.0013405000000000001
4600.0 0.00119795
4602.0 0.00107239
4604.0 0.0009622680000000001
4606.0 0.000865621
4608.0 0.000781284
4610.0 0.0007076820000000001
4612.0 0.0006432300000000001
4614.0 0.000586744
4616.0 0.000537033
4618.0 0.000493308
4620.0 0.00045436799999999997
4622.0 0.000419415
4624.0 0.00038764699999999997
4626.0 0.00035866500000000004
4628.0 0.00033207
4630.0 0.000307461
4632.0 0.000284436
4634.0 0.00026259
4636.0 0.000242339
4638.0 0.00022368800000000002
4640.0 0.00020623200000000001
4642.0 0.000189974
4644.0 0.00017491799999999998
4646.0 0.000161479
4648.0 0.000149248
4650.0 0.000137814
4652.0 0.000128009
4654.0 0.000119014
4656.0 0.000111249
4658.0 0.00010430500000000001
4660.0 9.77712e-05
4662.0 9.20665e-05
4664.0 8.677110000000001e-05
4666.0 8.18814e-05
4668.0 7.781320000000001e-05
4670.0 7.33096e-05
4672.0 6.96254e-05
4674.0 6.5505e-05
4676.0 6.220950000000001e-05
4678.0 5.8480299999999996e-05
4680.0 5.5159400000000006e-05
4682.0 5.22489e-05
4684.0 4.93312e-05
4686.0 4.64089e-05
4688.0 4.39068e-05
4690.0 4.14048e-05
4692.0 3.9326700000000004e-05
4694.0 3.72485e-05
4696.0 3.55921e-05
4698.0 3.39331e-05
4700.0 3.26947e-05
4702.0 3.10276e-05
4704.0 2.97816e-05
4706.0 2.85329e-05
4708.0 2.7281699999999997e-05
4710.0 2.64552e-05
4712.0 2.52007e-05
4714.0 2.43712e-05
4716.0 2.31116e-05
4718.0 2.18483e-05
4720.0 2.10096e-05
4722.0 1.97383e-05
4724.0 1.88928e-05
4726.0 1.8044999999999997e-05
4728.0 1.71954e-05
4730.0 1.6344300000000002e-05
4732.0 1.54922e-05
4734.0 1.4639500000000001e-05
4736.0 1.42172e-05
4738.0 1.37954e-05
4740.0 1.33745e-05
4742.0 1.29544e-05
4744.0 1.25347e-05
4746.0 1.21143e-05
4748.0 1.2125899999999999e-05
4750.0 1.1703e-05
4752.0 1.17117e-05
4754.0 1.12852e-05
4756.0 1.12915e-05
4758.0 1.08628e-05
4760.0 1.04334e-05
4762.0 1.04385e-05
4764.0 1.0008700000000001e-05
4766.0 9.57882e-06
4768.0 9.14908e-06
4770.0 8.71957e-06
4772.0 8.29033e-06
4774.0 7.86098e-06
4776.0 7.86829e-06
4778.0 7.43809e-06
4780.0 7.0068599999999995e-06
4782.0 7.0127799999999995e-06
4784.0 7.01853e-06
4786.0 6.58539e-06
4788.0 6.591290000000001e-06
4790.0 6.597900000000001e-06
4792.0 6.605409999999999e-06
4794.0 6.61352e-06
4796.0 6.62183e-06
4798.0 6.62994e-06
4800.0 6.6374499999999994e-06
4802.0 6.64406e-06
4804.0 6.649950000000001e-06
4806.0 6.65539e-06
4808.0 6.2166e-06
4810.0 6.22157e-06
4812.0 6.22678e-06
4814.0 5.787000000000001e-06
4816.0 5.79202e-06
4818.0 5.35104e-06
4820.0 5.3554099999999994e-06
4822.0 4.912910000000001e-06
4824.0 4.91663e-06
4826.0 4.92051e-06
4828.0 4.47709e-06
4830.0 4.48158e-06
4832.0 4.48679e-06
4834.0 4.4924e-06
4836.0 4.49801e-06
4838.0 4.50318e-06
4840.0 4.50749e-06
4842.0 4.51062e-06
4844.0 4.51288e-06
4846.0 4.5147e-06
4848.0 4.5165e-06
4850.0 4.5187e-06
4852.0 4.52161e-06
4854.0 4.52512e-06
4856.0 4.529e-06
4858.0 4.53306e-06
4860.0 4.5371e-06
4862.0 4.08687e-06
4864.0 4.09021e-06
4866.0 4.09346e-06
4868.0 4.09667e-06
4870.0 0.0
