speclite/data/filters/ibis-M517.ecsv
# %ECSV 1.0
# ---
# datatype:
# - {name: wavelength, unit: Angstrom, datatype: float64}
# - {name: response, datatype: float64}
# meta:
#   __serialized_columns__:
#     wavelength:
#       __class__: astropy.units.quantity.Quantity
#       unit: !astropy.units.Unit {unit: Angstrom}
#       value: !astropy.table.SerializedColumn {name: wavelength}
#   band_name: M517
#   group_name: ibis
# schema: astropy-2.0
wavelength response
4802.0 0.0
4804.0 3.54664e-06
4806.0 3.54954e-06
4808.0 3.99639e-06
4810.0 3.99958e-06
4812.0 4.002930000000001e-06
4814.0 4.00638e-06
4816.0 4.4554000000000006e-06
4818.0 4.4592e-06
4820.0 4.46284e-06
4822.0 4.46628e-06
4824.0 4.4696599999999995e-06
4826.0 4.4732e-06
4828.0 4.47709e-06
4830.0 4.48158e-06
4832.0 4.48679e-06
4834.0 4.94164e-06
4836.0 4.94781e-06
4838.0 5.4038199999999995e-06
4840.0 5.4089800000000005e-06
4842.0 5.8638e-06
4844.0 6.31802e-06
4846.0 6.772040000000001e-06
4848.0 7.226389999999999e-06
4850.0 7.68178e-06
4852.0 8.59106e-06
4854.0 9.50275e-06
4856.0 9.96381e-06
4858.0 1.08794e-05
4860.0 1.17965e-05
4862.0 1.27147e-05
4864.0 1.4088499999999999e-05
4866.0 1.50094e-05
4868.0 1.59315e-05
4870.0 1.73106e-05
4872.0 1.82361e-05
4874.0 1.91632e-05
4876.0 2.0091800000000003e-05
4878.0 2.14789e-05
4880.0 2.24109e-05
4882.0 2.38019e-05
4884.0 2.51951e-05
4886.0 2.6590400000000002e-05
4888.0 2.7987899999999997e-05
4890.0 3.0306e-05
4892.0 3.21682e-05
4894.0 3.49531e-05
4896.0 3.77424e-05
4898.0 4.05358e-05
4900.0 4.4255199999999996e-05
4902.0 4.84413e-05
4904.0 5.30954e-05
4906.0 5.8219e-05
4908.0 6.38139e-05
4910.0 6.988219999999999e-05
4912.0 7.64256e-05
4914.0 8.390720000000001e-05
4916.0 9.18625e-05
4918.0 0.000100753
4920.0 0.000110574
4922.0 0.000120857
4924.0 0.00013207
4926.0 0.000144218
4928.0 0.000157776
4930.0 0.000172755
4932.0 0.000189169
4934.0 0.000207956
4936.0 0.000228654
4938.0 0.00025219800000000003
4940.0 0.000278593
4942.0 0.000308776
4944.0 0.000343217
4946.0 0.000382852
4948.0 0.000427675
4950.0 0.00047908
4952.0 0.00053799
4954.0 0.0006053639999999999
4956.0 0.000682174
4958.0 0.000769885
4960.0 0.0008695160000000001
4962.0 0.000983981
4964.0 0.00111426
4966.0 0.0012631600000000002
4968.0 0.00143305
4970.0 0.00162762
4972.0 0.0018501000000000001
4974.0 0.00210618
4976.0 0.00240109
4978.0 0.00274292
4980.0 0.0031402799999999996
4982.0 0.00360417
4984.0 0.00414894
4986.0 0.004791409999999999
4988.0 0.00555137
4990.0 0.00645397
4992.0 0.00752787
4994.0 0.00880904
4996.0 0.0103386
4998.0 0.012164699999999999
5000.0 0.0143455
5002.0 0.0169332
5004.0 0.0200149
5006.0 0.0236803
5008.0 0.028031
5010.0 0.0331819
5012.0 0.0392589
5014.0 0.0463961
5016.0 0.054737400000000005
5018.0 0.06442350000000001
5020.0 0.0755946
5022.0 0.0883723
5024.0 0.10284700000000001
5026.0 0.119076
5028.0 0.137059
5030.0 0.156739
5032.0 0.177986
5034.0 0.200596
5036.0 0.2243
5038.0 0.248732
5040.0 0.273469
5042.0 0.298019
5044.0 0.321862
5046.0 0.34449199999999996
5048.0 0.36544600000000005
5050.0 0.384369
5052.0 0.401028
5054.0 0.415329
5056.0 0.427323
5058.0 0.43717799999999996
5060.0 0.445143
5062.0 0.45150199999999996
5064.0 0.456535
5066.0 0.46049599999999996
5068.0 0.463595
5070.0 0.46600299999999995
5072.0 0.467851
5074.0 0.469267
5076.0 0.470362
5078.0 0.471226
5080.0 0.471939
5082.0 0.472562
5084.0 0.473122
5086.0 0.47363
5088.0 0.47409399999999996
5090.0 0.474519
5092.0 0.474908
5094.0 0.47527500000000006
5096.0 0.475636
5098.0 0.47600200000000004
5100.0 0.47638199999999997
5102.0 0.476778
5104.0 0.477175
5106.0 0.477551
5108.0 0.47788800000000003
5110.0 0.47816499999999995
5112.0 0.47837
5114.0 0.47853
5116.0 0.47867800000000005
5118.0 0.478849
5120.0 0.479079
5122.0 0.479391
5124.0 0.479763
5126.0 0.480162
5128.0 0.480553
5130.0 0.48090000000000005
5132.0 0.48117600000000005
5134.0 0.48139699999999996
5136.0 0.48158999999999996
5138.0 0.481779
5140.0 0.481993
5142.0 0.48225
5144.0 0.482541
5146.0 0.48284999999999995
5148.0 0.483163
5150.0 0.48347
5152.0 0.483763
5154.0 0.48403799999999997
5156.0 0.484292
5158.0 0.48452199999999995
5160.0 0.484724
5162.0 0.48489400000000005
5164.0 0.485049
5166.0 0.485204
5168.0 0.485375
5170.0 0.485575
5172.0 0.485812
5174.0 0.486079
5176.0 0.486365
5178.0 0.486657
5180.0 0.48694400000000004
5182.0 0.48721600000000004
5184.0 0.48747999999999997
5186.0 0.487748
5188.0 0.488034
5190.0 0.488354
5192.0 0.48871899999999996
5194.0 0.48910899999999996
5196.0 0.489499
5198.0 0.489865
5200.0 0.490184
5202.0 0.49044
5204.0 0.490645
5206.0 0.49081800000000003
5208.0 0.49097499999999994
5210.0 0.49113100000000004
5212.0 0.491299
5214.0 0.491492
5216.0 0.491721
5218.0 0.49199800000000005
5220.0 0.49233499999999997
5222.0 0.492738
5224.0 0.49318399999999996
5226.0 0.493644
5228.0 0.494089
5230.0 0.49449
5232.0 0.494824
5234.0 0.4951
5236.0 0.495334
5238.0 0.49553600000000003
5240.0 0.49571800000000005
5242.0 0.49588099999999996
5244.0 0.49601
5246.0 0.496079
5248.0 0.496053
5250.0 0.495891
5252.0 0.495537
5254.0 0.494929
5256.0 0.49399
5258.0 0.49262999999999996
5260.0 0.49074399999999996
5262.0 0.488217
5264.0 0.48491999999999996
5266.0 0.48072200000000004
5268.0 0.475485
5270.0 0.46907699999999997
5272.0 0.46137700000000004
5274.0 0.452281
5276.0 0.441713
5278.0 0.429616
5280.0 0.41598
5282.0 0.40083399999999997
5284.0 0.384251
5286.0 0.366355
5288.0 0.347297
5290.0 0.327283
5292.0 0.306545
5294.0 0.285339
5296.0 0.26394100000000004
5298.0 0.242613
5300.0 0.221629
5302.0 0.201298
5304.0 0.181783
5306.0 0.163279
5308.0 0.145925
5310.0 0.129829
5312.0 0.115049
5314.0 0.101597
5316.0 0.08945439999999999
5318.0 0.0785646
5320.0 0.0688633
5322.0 0.060268499999999996
5324.0 0.052692300000000004
5326.0 0.046044
5328.0 0.0402261
5330.0 0.035149400000000004
5332.0 0.0307276
5334.0 0.0268816
5336.0 0.023540000000000002
5338.0 0.0206344
5340.0 0.0181094
5342.0 0.015915600000000002
5344.0 0.0140076
5346.0 0.0123462
5348.0 0.0108976
5350.0 0.00963207
5352.0 0.0085258
5354.0 0.00755841
5356.0 0.00671194
5358.0 0.0059707399999999996
5360.0 0.0053215599999999995
5362.0 0.00475192
5364.0 0.0042515
5366.0 0.00381104
5368.0 0.0034225
5370.0 0.0030789499999999996
5372.0 0.00277411
5374.0 0.00250409
5376.0 0.00226443
5378.0 0.0020510999999999997
5380.0 0.00186107
5382.0 0.0016917599999999998
5384.0 0.0015409400000000002
5386.0 0.0014058599999999999
5388.0 0.0012843499999999999
5390.0 0.00117477
5392.0 0.00107606
5394.0 0.000986699
5396.0 0.000906228
5398.0 0.0008331009999999999
5400.0 0.0007662929999999999
5402.0 0.000706365
5404.0 0.000651739
5406.0 0.000601898
5408.0 0.000556856
5410.0 0.000515555
5412.0 0.000477997
5414.0 0.000443627
5416.0 0.00041242300000000003
5418.0 0.000383299
5420.0 0.000356782
5422.0 0.000332333
5424.0 0.00030997
5426.0 0.000289174
5428.0 0.000269959
5430.0 0.000251797
5432.0 0.000235234
5434.0 0.00022027600000000002
5436.0 0.000205854
5438.0 0.000193047
5440.0 0.00018078400000000002
5442.0 0.000169064
5444.0 0.000158417
5446.0 0.000148836
5448.0 0.000139236
5450.0 0.00013069
5452.0 0.000122657
5454.0 0.00011514500000000001
5456.0 0.000107619
5458.0 0.000101166
5460.0 9.47083e-05
5462.0 8.93309e-05
5464.0 8.395140000000001e-05
5466.0 7.85688e-05
5468.0 7.42665e-05
5470.0 6.99607e-05
5472.0 6.565109999999999e-05
5474.0 6.242280000000001e-05
5476.0 5.8648e-05
5478.0 5.5412100000000004e-05
5480.0 5.2715699999999994e-05
5482.0 5.00159e-05
5484.0 4.78579e-05
5486.0 4.51558e-05
5488.0 4.29985e-05
5490.0 4.13881e-05
5492.0 3.92357e-05
5494.0 3.76289e-05
5496.0 3.60206e-05
5498.0 3.49549e-05
5500.0 3.33383e-05
5502.0 3.22625e-05
5504.0 3.06352e-05
5506.0 2.9551899999999997e-05
5508.0 2.8466899999999997e-05
5510.0 2.73812e-05
5512.0 2.62955e-05
5514.0 2.57577e-05
5516.0 2.46715e-05
5518.0 2.35846e-05
5520.0 2.3045499999999998e-05
5522.0 2.19569e-05
5524.0 2.1416299999999997e-05
5526.0 2.0325899999999998e-05
5528.0 1.97841e-05
5530.0 1.92419e-05
5532.0 1.81493e-05
5534.0 1.76061e-05
5536.0 1.7062399999999998e-05
5538.0 1.6518399999999998e-05
5540.0 1.59738e-05
5542.0 1.54289e-05
5544.0 1.48835e-05
5546.0 1.48891e-05
5548.0 1.43431e-05
5550.0 1.37966e-05
5552.0 1.38017e-05
5554.0 1.32546e-05
5556.0 1.2707e-05
5558.0 1.27118e-05
5560.0 1.2163600000000002e-05
5562.0 1.21682e-05
5564.0 1.21727e-05
5566.0 1.16237e-05
5568.0 1.16279e-05
5570.0 1.10782e-05
5572.0 1.10821e-05
5574.0 1.10859e-05
5576.0 1.0535399999999999e-05
5578.0 1.0539300000000001e-05
5580.0 9.98851e-06
5582.0 9.99272e-06
5584.0 9.99696e-06
5586.0 9.44529e-06
5588.0 9.44839e-06
5590.0 8.89463e-06
5592.0 8.89554e-06
5594.0 8.33973e-06
5596.0 8.33965e-06
5598.0 7.783809999999999e-06
5600.0 7.78457e-06
5602.0 7.78629e-06
5604.0 7.23245e-06
5606.0 7.23523e-06
5608.0 6.68145e-06
5610.0 6.68421e-06
5612.0 6.68679e-06
5614.0 6.13176e-06
5616.0 6.13384e-06
5618.0 6.13586e-06
5620.0 6.13783e-06
5622.0 5.58164e-06
5624.0 5.583460000000001e-06
5626.0 5.58534e-06
5628.0 5.58732e-06
5630.0 5.5894400000000005e-06
5632.0 5.5916899999999995e-06
5634.0 5.59395e-06
5636.0 5.59604e-06
5638.0 5.03799e-06
5640.0 5.0390500000000005e-06
5642.0 5.03949e-06
5644.0 5.03951e-06
5646.0 5.03938e-06
5648.0 5.039359999999999e-06
5650.0 5.03971e-06
5652.0 5.04064e-06
5654.0 5.04206e-06
5656.0 5.04386e-06
5658.0 5.04591e-06
5660.0 5.04811e-06
5662.0 5.05034e-06
5664.0 0.0
