speclite/data/filters/ibis-M464.ecsv
# %ECSV 1.0
# ---
# datatype:
# - {name: wavelength, unit: Angstrom, datatype: float64}
# - {name: response, datatype: float64}
# meta:
#   __serialized_columns__:
#     wavelength:
#       __class__: astropy.units.quantity.Quantity
#       unit: !astropy.units.Unit {unit: Angstrom}
#       value: !astropy.table.SerializedColumn {name: wavelength}
#   band_name: M464
#   group_name: ibis
# schema: astropy-2.0
wavelength response
4400.0 0.
4402.0 5.7788300000000004e-05
4404.0 6.261110000000001e-05
4406.0 6.79866e-05
4408.0 7.40127e-05
4410.0 8.0801e-05
4412.0 8.84718e-05
4414.0 9.716199999999999e-05
4416.0 0.00010703000000000001
4418.0 0.00011824599999999999
4420.0 0.000131013
4422.0 0.000145558
4424.0 0.000162127
4426.0 0.000181014
4428.0 0.00020254399999999998
4430.0 0.00022710999999999999
4432.0 0.000255155
4434.0 0.000287207
4436.0 0.00032389599999999995
4438.0 0.000365921
4440.0 0.000414109
4442.0 0.000469365
4444.0 0.00053271
4446.0 0.000605309
4448.0 0.000688452
4450.0 0.0007836669999999999
4452.0 0.0008927119999999999
4454.0 0.00101771
4456.0 0.00116129
4458.0 0.00132664
4460.0 0.00151793
4462.0 0.00174024
4464.0 0.00199993
4466.0 0.00230502
4468.0 0.00266544
4470.0 0.0030937399999999998
4472.0 0.00360533
4474.0 0.00421935
4476.0 0.00495967
4478.0 0.0058549200000000004
4480.0 0.006940340000000001
4482.0 0.00825793
4484.0 0.00985781
4486.0 0.0118002
4488.0 0.0141546
4490.0 0.0170032
4492.0 0.020439099999999998
4494.0 0.024565299999999998
4496.0 0.029496099999999997
4498.0 0.035351400000000005
4500.0 0.0422583
4502.0 0.050275299999999995
4504.0 0.0595709
4506.0 0.0702586
4508.0 0.0824265
4510.0 0.09613759999999999
4512.0 0.11140599999999999
4514.0 0.128181
4516.0 0.146345
4518.0 0.165686
4520.0 0.18591100000000002
4522.0 0.20664100000000002
4524.0 0.227441
4526.0 0.247858
4528.0 0.267447
4530.0 0.28583200000000003
4532.0 0.302715
4534.0 0.317885
4536.0 0.331229
4538.0 0.342706
4540.0 0.352349
4542.0 0.36023200000000005
4544.0 0.366496
4546.0 0.371323
4548.0 0.374919
4550.0 0.37750799999999995
4552.0 0.379317
4554.0 0.38055100000000003
4556.0 0.381392
4558.0 0.381991
4560.0 0.382464
4562.0 0.382885
4564.0 0.383304
4566.0 0.383742
4568.0 0.38420499999999996
4570.0 0.38468800000000003
4572.0 0.385181
4574.0 0.38567700000000005
4576.0 0.386171
4578.0 0.386661
4580.0 0.387151
4582.0 0.38764299999999996
4584.0 0.388142
4586.0 0.38865299999999997
4588.0 0.389174
4590.0 0.389707
4592.0 0.390246
4594.0 0.390787
4596.0 0.39132399999999995
4598.0 0.39185200000000003
4600.0 0.392365
4602.0 0.39285899999999996
4604.0 0.39332999999999996
4606.0 0.393777
4608.0 0.39419899999999997
4610.0 0.394596
4612.0 0.39496899999999996
4614.0 0.395321
4616.0 0.395655
4618.0 0.395978
4620.0 0.396294
4622.0 0.396612
4624.0 0.396939
4626.0 0.39728
4628.0 0.39764299999999997
4630.0 0.39803199999999994
4632.0 0.39844900000000005
4634.0 0.39889800000000003
4636.0 0.399378
4638.0 0.399887
4640.0 0.400422
4642.0 0.400978
4644.0 0.401546
4646.0 0.402117
4648.0 0.402682
4650.0 0.40322899999999995
4652.0 0.40375300000000003
4654.0 0.404257
4656.0 0.40475099999999997
4658.0 0.40524299999999996
4660.0 0.405744
4662.0 0.406261
4664.0 0.406777
4666.0 0.407271
4668.0 0.407727
4670.0 0.408127
4672.0 0.408463
4674.0 0.40874099999999997
4676.0 0.40897399999999995
4678.0 0.40917299999999995
4680.0 0.40934800000000005
4682.0 0.40950899999999996
4684.0 0.409681
4686.0 0.40989
4688.0 0.410159
4690.0 0.410507
4692.0 0.410947
4694.0 0.411462
4696.0 0.41202800000000006
4698.0 0.412622
4700.0 0.413223
4702.0 0.413809
4704.0 0.414378
4706.0 0.414933
4708.0 0.415475
4710.0 0.416009
4712.0 0.416539
4714.0 0.417055
4716.0 0.41754600000000003
4718.0 0.418001
4720.0 0.418406
4722.0 0.418749
4724.0 0.419033
4726.0 0.41926
4728.0 0.41942799999999997
4730.0 0.419528
4732.0 0.419549
4734.0 0.419468
4736.0 0.41926
4738.0 0.418887
4740.0 0.41830199999999995
4742.0 0.41744
4744.0 0.41619700000000004
4746.0 0.41445099999999996
4748.0 0.41207099999999997
4750.0 0.408914
4752.0 0.404837
4754.0 0.399721
4756.0 0.393451
4758.0 0.385918
4760.0 0.37702399999999997
4762.0 0.36668999999999996
4764.0 0.35485999999999995
4766.0 0.341509
4768.0 0.32665700000000003
4770.0 0.310363
4772.0 0.292746
4774.0 0.27397
4776.0 0.254257
4778.0 0.23389700000000002
4780.0 0.213227
4782.0 0.192625
4784.0 0.17249199999999998
4786.0 0.153193
4788.0 0.135052
4790.0 0.11830500000000001
4792.0 0.10310499999999999
4794.0 0.08950910000000001
4796.0 0.0774913
4798.0 0.0669761
4800.0 0.057841
4802.0 0.0499784
4804.0 0.0432063
4806.0 0.037383799999999995
4808.0 0.032383
4810.0 0.028087300000000003
4812.0 0.0243898
4814.0 0.0212021
4816.0 0.018448199999999998
4818.0 0.0160661
4820.0 0.0140026
4822.0 0.0122144
4824.0 0.010665299999999999
4826.0 0.009323970000000001
4828.0 0.00816398
4830.0 0.00716156
4832.0 0.00629617
4834.0 0.00554906
4836.0 0.004903370000000001
4838.0 0.00434477
4840.0 0.00386038
4842.0 0.00343935
4844.0 0.00307265
4846.0 0.00275231
4848.0 0.0024716
4850.0 0.00222459
4852.0 0.00200629
4854.0 0.00181239
4856.0 0.00163918
4858.0 0.0014838000000000002
4860.0 0.00134384
4862.0 0.00121747
4864.0 0.00110326
4866.0 0.00100001
4868.0 0.0009068020000000001
4870.0 0.000822799
4872.0 0.00074731
4874.0 0.0006796679999999999
4876.0 0.0006192249999999999
4878.0 0.000565376
4880.0 0.000517499
4882.0 0.000474995
4884.0 0.000437278
4886.0 0.000403771
4888.0 0.00037394200000000005
4890.0 0.00034727099999999996
4892.0 0.000323294
4894.0 0.000301586
4896.0 0.000281759
4898.0 0.000263489
4900.0 0.000246487
4902.0 0.000230572
4904.0 0.00021551399999999998
4906.0 0.00020117800000000002
4908.0 0.00018748299999999998
4910.0 0.000174382
4912.0 0.00016186699999999997
4914.0 0.000149953
4916.0 0.000138668
4918.0 0.000128056
4920.0 0.000118153
4922.0 0.00010899400000000001
4924.0 0.000100603
4926.0 9.298290000000001e-05
4928.0 8.61189e-05
4930.0 7.997479999999999e-05
4932.0 7.4502e-05
4934.0 6.96384e-05
4936.0 6.53133e-05
4938.0 6.14597e-05
4940.0 5.8007600000000003e-05
4942.0 5.48971e-05
4944.0 5.20641e-05
4946.0 4.9454e-05
4948.0 4.70194e-05
4950.0 0.
