speclite/data/filters/ibis-M490.ecsv
# %ECSV 1.0
# ---
# datatype:
# - {name: wavelength, unit: Angstrom, datatype: float64}
# - {name: response, datatype: float64}
# meta:
#   __serialized_columns__:
#     wavelength:
#       __class__: astropy.units.quantity.Quantity
#       unit: !astropy.units.Unit {unit: Angstrom}
#       value: !astropy.table.SerializedColumn {name: wavelength}
#   band_name: M490
#   group_name: ibis
# schema: astropy-2.0
wavelength response
4536.0 0.0
4538.0 3.4864500000000003e-06
4540.0 3.49198e-06
4542.0 3.4970299999999997e-06
4544.0 3.5016700000000003e-06
4546.0 3.50606e-06
4548.0 3.51032e-06
4550.0 3.5145700000000002e-06
4552.0 3.5189200000000004e-06
4554.0 3.91484e-06
4556.0 3.91982e-06
4558.0 3.92482e-06
4560.0 3.9298e-06
4562.0 3.93474e-06
4564.0 4.3335999999999995e-06
4566.0 4.33895e-06
4568.0 4.73921e-06
4570.0 4.74501e-06
4572.0 5.146699999999999e-06
4574.0 5.54934e-06
4576.0 5.9529400000000005e-06
4578.0 6.35748e-06
4580.0 6.762959999999999e-06
4582.0 7.16938e-06
4584.0 7.975490000000001e-06
4586.0 8.38423e-06
4588.0 9.19361e-06
4590.0 1.00049e-05
4592.0 1.0817999999999999e-05
4594.0 1.16329e-05
4596.0 1.24497e-05
4598.0 1.32683e-05
4600.0 1.40888e-05
4602.0 1.53141e-05
4604.0 1.6138700000000002e-05
4606.0 1.6965e-05
4608.0 1.81976e-05
4610.0 1.90281e-05
4612.0 2.02656e-05
4614.0 2.1100099999999998e-05
4616.0 2.23425e-05
4618.0 2.35877e-05
4620.0 2.48356e-05
4622.0 2.60861e-05
4624.0 2.7339299999999998e-05
4626.0 2.9003599999999998e-05
4628.0 3.06715e-05
4630.0 3.27522e-05
4632.0 3.52472e-05
4634.0 3.77474e-05
4636.0 4.0663699999999995e-05
4638.0 4.39975e-05
4640.0 4.77503e-05
4642.0 5.19236e-05
4644.0 5.6930899999999994e-05
4646.0 6.236140000000001e-05
4648.0 6.82156e-05
4650.0 7.53217e-05
4652.0 8.32683e-05
4654.0 9.20596e-05
4656.0 0.000101701
4658.0 0.00011261600000000001
4660.0 0.000124398
4662.0 0.000137475
4664.0 0.000151849
4666.0 0.00016752300000000002
4668.0 0.000184911
4670.0 0.000203591
4672.0 0.000223556
4674.0 0.000245644
4676.0 0.000269434
4678.0 0.000295767
4680.0 0.00032464
4682.0 0.000356894
4684.0 0.000392541
4686.0 0.00043329100000000004
4688.0 0.00047917500000000003
4690.0 0.000531502
4692.0 0.000592014
4694.0 0.0006620080000000001
4696.0 0.0007423499999999999
4698.0 0.000836026
4700.0 0.0009447510000000001
4702.0 0.00106981
4704.0 0.0012146700000000002
4706.0 0.0013827800000000001
4708.0 0.00157807
4710.0 0.00180365
4712.0 0.0020647499999999997
4714.0 0.0023669999999999997
4716.0 0.0027164700000000003
4718.0 0.00312002
4720.0 0.0035862199999999998
4722.0 0.00412574
4724.0 0.00475069
4726.0 0.00547709
4728.0 0.0063231599999999995
4730.0 0.00731321
4732.0 0.00847639
4734.0 0.00984849
4736.0 0.0114746
4738.0 0.0134087
4740.0 0.0157172
4742.0 0.0184782
4744.0 0.021780499999999998
4746.0 0.025728300000000003
4748.0 0.0304339
4750.0 0.0360224
4752.0 0.0426229
4754.0 0.050369599999999994
4756.0 0.059397200000000004
4758.0 0.0698259
4760.0 0.0817641
4762.0 0.0952881
4764.0 0.11043599999999999
4766.0 0.127202
4768.0 0.145516
4770.0 0.165252
4772.0 0.18620599999999998
4774.0 0.208093
4776.0 0.23057099999999997
4778.0 0.25323
4780.0 0.27564
4782.0 0.297352
4784.0 0.317953
4786.0 0.337091
4788.0 0.354476
4790.0 0.369917
4792.0 0.383309
4794.0 0.39462
4796.0 0.403908
4798.0 0.411304
4800.0 0.417003
4802.0 0.421221
4804.0 0.424271
4806.0 0.42642800000000003
4808.0 0.42794
4810.0 0.429019
4812.0 0.42983499999999997
4814.0 0.430497
4816.0 0.43107599999999996
4818.0 0.431612
4820.0 0.432122
4822.0 0.43261099999999997
4824.0 0.433093
4826.0 0.433581
4828.0 0.43409
4830.0 0.434633
4832.0 0.435221
4834.0 0.43582299999999996
4836.0 0.436398
4838.0 0.436911
4840.0 0.437324
4842.0 0.437612
4844.0 0.437809
4846.0 0.43796100000000004
4848.0 0.43811
4850.0 0.43829700000000005
4852.0 0.43855200000000005
4854.0 0.43886400000000003
4856.0 0.43921
4858.0 0.439569
4860.0 0.439922
4862.0 0.440255
4864.0 0.440572
4866.0 0.440878
4868.0 0.441182
4870.0 0.441492
4872.0 0.441813
4874.0 0.442149
4876.0 0.442498
4878.0 0.44286099999999995
4880.0 0.44323700000000005
4882.0 0.443624
4884.0 0.44402
4886.0 0.444425
4888.0 0.444836
4890.0 0.445251
4892.0 0.445667
4894.0 0.44608
4896.0 0.446486
4898.0 0.446881
4900.0 0.447263
4902.0 0.447629
4904.0 0.447982
4906.0 0.448324
4908.0 0.44866
4910.0 0.44899500000000003
4912.0 0.44933100000000004
4914.0 0.449658
4916.0 0.449963
4918.0 0.450233
4920.0 0.450454
4922.0 0.45061799999999996
4924.0 0.450745
4926.0 0.450863
4928.0 0.450998
4930.0 0.451177
4932.0 0.45142000000000004
4934.0 0.451719
4936.0 0.452063
4938.0 0.452438
4940.0 0.452834
4942.0 0.453237
4944.0 0.453636
4946.0 0.45401600000000003
4948.0 0.454362
4950.0 0.454658
4952.0 0.454893
4954.0 0.455088
4956.0 0.455269
4958.0 0.455462
4960.0 0.455696
4962.0 0.455991
4964.0 0.456328
4966.0 0.45667900000000006
4968.0 0.457021
4970.0 0.45732799999999996
4972.0 0.457581
4974.0 0.45779000000000003
4976.0 0.457973
4978.0 0.458144
4980.0 0.458315
4982.0 0.458496
4984.0 0.458693
4986.0 0.458909
4988.0 0.45914299999999997
4990.0 0.459389
4992.0 0.45963099999999996
4994.0 0.459815
4996.0 0.459875
4998.0 0.459735
5000.0 0.459304
5002.0 0.458494
5004.0 0.457223
5006.0 0.455406
5008.0 0.452948
5010.0 0.44974400000000003
5012.0 0.44568399999999997
5014.0 0.44065600000000005
5016.0 0.43455
5018.0 0.427267
5020.0 0.41871699999999995
5022.0 0.40882599999999997
5024.0 0.39752200000000004
5026.0 0.38475499999999996
5028.0 0.370522
5030.0 0.35485799999999995
5032.0 0.337849
5034.0 0.319654
5036.0 0.300469
5038.0 0.280538
5040.0 0.260127
5042.0 0.239529
5044.0 0.219044
5046.0 0.198955
5048.0 0.179543
5050.0 0.161036
5052.0 0.14363
5054.0 0.127464
5056.0 0.112617
5058.0 0.0991306
5060.0 0.0869903
5062.0 0.0761541
5064.0 0.0665498
5066.0 0.0580845
5068.0 0.0506599
5070.0 0.044169900000000005
5072.0 0.0385129
5074.0 0.0335965
5076.0 0.029328599999999996
5078.0 0.0256286
5080.0 0.0224216
5082.0 0.0196433
5084.0 0.017234799999999998
5086.0 0.0151441
5088.0 0.013328
5090.0 0.011748000000000001
5092.0 0.010372300000000001
5094.0 0.00917327
5096.0 0.00812747
5098.0 0.00721438
5100.0 0.00641626
5102.0 0.0057201199999999995
5104.0 0.00510978
5106.0 0.00457445
5108.0 0.00410339
5110.0 0.00368879
5112.0 0.00332296
5114.0 0.00299983
5116.0 0.00271383
5118.0 0.00246123
5120.0 0.00223676
5122.0 0.0020375199999999997
5124.0 0.0018599299999999999
5126.0 0.00170139
5128.0 0.0015588499999999999
5130.0 0.00143028
5132.0 0.00131471
5134.0 0.0012092799999999999
5136.0 0.00111412
5138.0 0.0010273300000000001
5140.0 0.000947983
5142.0 0.000875619
5144.0 0.000809214
5146.0 0.0007477399999999999
5148.0 0.0006916709999999999
5150.0 0.000639502
5152.0 0.0005917229999999999
5154.0 0.000547339
5156.0 0.0005058549999999999
5158.0 0.00046777399999999996
5160.0 0.0004326
5162.0 0.000399843
5164.0 0.000370024
5166.0 0.000342163
5168.0 0.000316776
5170.0 0.000293374
5172.0 0.000271964
5174.0 0.000252044
5176.0 0.00023461400000000001
5178.0 0.000218168
5180.0 0.000203208
5182.0 0.000189735
5184.0 0.00017725399999999998
5186.0 0.000165773
5188.0 0.0001558
5190.0 0.00014633500000000001
5192.0 0.000137883
5194.0 0.000129933
5196.0 0.000122983
5198.0 0.00011652300000000001
5200.0 0.00011054899999999999
5202.0 0.000105059
5204.0 0.00010005800000000001
5206.0 9.50451e-05
5208.0 9.05294e-05
5210.0 8.65143e-05
5212.0 8.249630000000001e-05
5214.0 7.89836e-05
5216.0 7.54718e-05
5218.0 7.2469e-05
5220.0 6.89631e-05
5222.0 6.64756e-05
5224.0 6.34816e-05
5226.0 6.0992499999999996e-05
5228.0 5.79888e-05
5230.0 5.59938e-05
5232.0 5.348e-05
5234.0 5.14677e-05
5236.0 4.8940600000000004e-05
5238.0 4.69199e-05
5240.0 4.54079e-05
5242.0 4.33856e-05
5244.0 4.18732e-05
5246.0 4.036009999999999e-05
5248.0 3.88459e-05
5250.0 3.73303e-05
5252.0 3.58129e-05
5254.0 3.48058e-05
5256.0 3.3797499999999996e-05
5258.0 3.2276e-05
5260.0 3.12656e-05
5262.0 3.07672e-05
5264.0 2.97553e-05
5266.0 2.87425e-05
5268.0 2.77288e-05
5270.0 2.72279e-05
5272.0 2.62125e-05
5274.0 2.57104e-05
5276.0 2.46934e-05
5278.0 2.41901e-05
5280.0 2.36863e-05
5282.0 2.26668e-05
5284.0 2.21618e-05
5286.0 2.1656399999999998e-05
5288.0 2.06347e-05
5290.0 2.0128199999999998e-05
5292.0 1.9621500000000002e-05
5294.0 1.91143e-05
5296.0 1.80896e-05
5298.0 1.75807e-05
5300.0 1.70709e-05
5302.0 1.65602e-05
5304.0 1.60491e-05
5306.0 1.5538e-05
5308.0 1.50275e-05
5310.0 1.45178e-05
5312.0 1.4009300000000002e-05
5314.0 1.4020499999999999e-05
5316.0 1.3512400000000001e-05
5318.0 1.3003100000000001e-05
5320.0 1.3012500000000001e-05
5322.0 1.24996e-05
5324.0 1.2505999999999999e-05
5326.0 1.1990099999999999e-05
5328.0 1.19947e-05
5330.0 1.19991e-05
5332.0 1.1481499999999998e-05
5334.0 1.14859e-05
5336.0 1.14908e-05
5338.0 1.1496600000000001e-05
5340.0 1.15037e-05
5342.0 1.1512200000000001e-05
5344.0 1.15216e-05
5346.0 1.15312e-05
5348.0 1.15402e-05
5350.0 1.1548e-05
5352.0 1.10288e-05
5354.0 1.10334e-05
5356.0 1.10376e-05
5358.0 1.1042300000000001e-05
5360.0 1.10482e-05
5362.0 1.10559e-05
5364.0 1.1064700000000001e-05
5366.0 1.1074e-05
5368.0 1.10829e-05
5370.0 1.1090500000000002e-05
5372.0 1.1096400000000001e-05
5374.0 1.05725e-05
5376.0 1.0576500000000001e-05
5378.0 1.05809e-05
5380.0 1.05863e-05
5382.0 1.05934e-05
5384.0 1.00715e-05
5386.0 1.00798e-05
5388.0 1.00879e-05
5390.0 1.00953e-05
5392.0 1.0101400000000001e-05
5394.0 9.57444e-06
5396.0 9.57845e-06
5398.0 9.58199e-06
5400.0 9.58532e-06
5402.0 9.588659999999999e-06
5404.0 9.59223e-06
5406.0 9.59626e-06
5408.0 9.60096e-06
5410.0 9.60661e-06
5412.0 9.61335e-06
5414.0 9.62083e-06
5416.0 9.62854e-06
5418.0 9.63601e-06
5420.0 9.64275e-06
5422.0 9.64837e-06
5424.0 9.653030000000001e-06
5426.0 9.65701e-06
5428.0 9.66055e-06
5430.0 9.66385e-06
5432.0 9.667150000000001e-06
5434.0 9.670660000000001e-06
5436.0 9.674599999999999e-06
5438.0 9.1415e-06
5440.0 9.14679e-06
5442.0 9.15314e-06
5444.0 9.16019e-06
5446.0 9.16745e-06
5448.0 8.63477e-06
5450.0 8.64064e-06
5452.0 8.64545e-06
5454.0 8.10881e-06
5456.0 8.112e-06
5458.0 0.0
