speclite/data/filters/lsst2016-u.ecsv
# %ECSV 0.9
# ---
# datatype:
# - {name: wavelength, unit: nm, datatype: float64}
# - {name: response, datatype: float64}
# meta: !!omap
# - {url: 'https://github.com/lsst/throughputs'}
# - {band_name: u}
# - {airmass: 1.2}
# - {description: 'LSST u-band throughput from tag 12.0 of
# 
#     https://github.com/lsst/throughputs/tree/master/baseline.
# 
#     Throughputs include the airmass 1.2 reference atmosphere tabulated in
# 
#     https://github.com/lsst/throughputs/blob/master/baseline/atmos_std.dat'}
#
#     More specifically, this is file
#        https://github.com/lsst/throughputs/blob/12.0/baseline/total_u.dat
#     (with zero-throughput lines trimmed)
#
# - {group_name: lsst}
wavelength response
[from data line 731]
378.4 0.135027786854
378.5 0.135303460015
378.6 0.135539067569
378.7 0.135774783364
378.8 0.136010634489
378.9 0.136246648224
379.0 0.136482852036
379.1 0.136752580609
379.2 0.137022604691
379.3 0.137089276042
379.4 0.137155496181
379.5 0.137145558599
379.6 0.137175542122
379.7 0.137212391448
379.8 0.13724851727
379.9 0.137283903595
380.0 0.137318534414
380.1 0.137307026222
380.2 0.137294725114
380.3 0.137289320681
380.4 0.137283122832
380.5 0.137268380516
380.6 0.137293142882
380.7 0.137324735836
380.8 0.137355426365
380.9 0.13738521568
381.0 0.1374141036
381.1 0.137395572421
381.2 0.137376135371
381.3 0.137363658805
381.4 0.137350298609
381.5 0.137328147313
381.6 0.137345377197
381.7 0.137369682406
381.8 0.137393154754
381.9 0.137415788492
382.0 0.137437579256
382.1 0.137432906655
382.2 0.137427308962
382.3 0.137428828
382.4 0.137429458055
382.5 0.137421126794
382.6 0.137452045248
382.7 0.137417068126
382.8 0.137380763699
382.9 0.137114803837
383.0 0.136846356362
383.1 0.136559745299
383.2 0.136270591476
383.3 0.135978866436
383.4 0.13568454333
383.5 0.135395862829
383.6 0.135104683687
383.7 0.134802716869
383.8 0.134498192452
383.9 0.13419108033
384.0 0.133881356084
384.1 0.13354987914
384.2 0.13321593238
384.3 0.132879508196
384.4 0.132540604424
384.5 0.132207670964
384.6 0.131910517431
384.7 0.131602165578
384.8 0.131291057679
384.9 0.130977193322
385.0 0.130660576055
385.1 0.130344342871
385.2 0.130025228284
385.3 0.129703248992
385.4 0.129378425453
385.5 0.129059429614
385.6 0.128774825048
385.7 0.12847852532
385.8 0.128179190097
385.9 0.127876833715
386.0 0.127571472921
386.1 0.127210944449
386.2 0.126847841185
386.3 0.126482188895
386.4 0.126114015557
386.5 0.125752209604
386.6 0.125387983762
386.7 0.125012333406
386.8 0.124634112861
386.9 0.124253318162
387.0 0.123869945343
387.1 0.12351528277
387.2 0.123157817281
387.3 0.122797543144
387.4 0.12243445462
387.5 0.12207761024
387.6 0.121683177331
387.7 0.12127710073
387.8 0.120868440953
387.9 0.120457194244
388.0 0.120043356844
388.1 0.119649929441
388.2 0.119253670608
388.3 0.118854576168
388.4 0.118452641945
388.5 0.118057130408
388.6 0.117692227327
388.7 0.117314860034
388.8 0.116934337628
388.9 0.116550698396
389.0 0.116163976516
389.1 0.115734827639
389.2 0.11530296397
389.3 0.114868410172
389.4 0.114431186959
389.5 0.114000801738
389.6 0.113567772191
389.7 0.113122592283
389.8 0.112674773896
389.9 0.112224333325
390.0 0.111771281937
390.1 0.111334118705
390.2 0.110894239907
390.3 0.110451640612
390.4 0.110006311314
390.5 0.109567948048
390.6 0.109096015485
390.7 0.108611879131
390.8 0.108125224004
390.9 0.107636021018
391.0 0.107144237107
391.1 0.106659922373
391.2 0.106172798658
391.3 0.105682821906
391.4 0.105189944502
391.5 0.104704034294
391.6 0.104215203782
391.7 0.103713594303
391.8 0.103209098651
391.9 0.102701691103
392.0 0.102191346338
392.1 0.101691508505
392.2 0.101188579752
392.3 0.100682534086
392.4 0.10017334593
392.5 0.0996711316713
392.6 0.0991379312043
392.7 0.0985917508422
392.8 0.0980427258824
392.9 0.0974908511483
393.0 0.09693612251
393.1 0.0963992623464
393.2 0.0958592537661
393.3 0.0953160948189
393.4 0.0947697844905
393.5 0.0942306776944
393.6 0.0937145856436
393.7 0.0931845911454
393.8 0.0926510885485
393.9 0.0921141143169
394.0 0.0915737020878
394.1 0.0909873607392
394.2 0.0903982397051
394.3 0.0898063671329
394.4 0.0892117684564
394.5 0.0886250523335
394.6 0.0880356223448
394.7 0.0874328461575
394.8 0.0868273359791
394.9 0.0862191128157
395.0 0.0856081925041
395.1 0.0849751992152
395.2 0.0843398506276
395.3 0.0837021486486
395.4 0.0830620906148
395.5 0.0824304531329
395.6 0.0817966468135
395.7 0.081149771519
395.8 0.0805005340327
395.9 0.0798488595068
396.0 0.0791946751637
396.1 0.078574348182
396.2 0.0779507244366
396.3 0.077323734703
396.4 0.0766933117948
396.5 0.0760703897785
396.6 0.0754231606863
396.7 0.0747618728553
396.8 0.0740974708702
396.9 0.0734299065259
397.0 0.0727591378343
397.1 0.0720753692509
397.2 0.0713885452852
397.3 0.0706986417889
397.4 0.0700056400837
397.5 0.0693207292058
397.6 0.0686327371486
397.7 0.0679304961912
397.8 0.0672252299864
397.9 0.0665169645698
398.0 0.0658057305092
398.1 0.0650899737803
398.2 0.0643713570821
398.3 0.0636499229865
398.4 0.0629257173821
398.5 0.062210182971
398.6 0.0615089507481
398.7 0.0607931227649
398.8 0.0600741030922
398.9 0.0593519032533
399.0 0.0586265359138
399.1 0.0578812138196
399.2 0.0571331949716
399.3 0.0563824967543
399.4 0.0556291371924
399.5 0.054884733461
399.6 0.0541377436755
399.7 0.0533764598112
399.8 0.0526124774131
399.9 0.0518457933916
400.0 0.0510764046557
400.1 0.0503023244644
400.2 0.0495255949856
400.3 0.0487462134206
400.4 0.0479641769702
400.5 0.0471912688651
400.6 0.0464157374356
400.7 0.0456257567105
400.8 0.0448331099172
400.9 0.0440377942511
401.0 0.0432398069062
401.1 0.0424443679903
401.2 0.0416460595125
401.3 0.0408448773272
401.4 0.0400408172867
401.5 0.0392458550504
401.6 0.0384375764671
401.7 0.037614881596
401.8 0.0367897477118
401.9 0.0359621722789
402.0 0.0351321527609
402.1 0.0343002104497
402.2 0.0334657931317
402.3 0.0326288981808
402.4 0.0317895229697
402.5 0.0309598155042
402.6 0.0301276570016
402.7 0.0292808597408
402.8 0.0284315717241
402.9 0.0275797903192
403.0 0.0267255128921
403.1 0.0258702332566
403.2 0.0250123530082
403.3 0.0241518690654
403.4 0.0232887783456
403.5 0.0226572935293
403.6 0.0220238828138
403.7 0.0215987203605
403.8 0.0211722431344
403.9 0.0207568491252
404.0 0.0203401734927
404.1 0.019920156302
404.2 0.0194989415273
404.3 0.0190640596965
404.4 0.0186279441787
404.5 0.0182030959141
404.6 0.0177818487381
404.7 0.0173466220203
404.8 0.0169099158909
404.9 0.0164843117974
405.0 0.0160572650473
405.1 0.0156250766931
405.2 0.0151916493093
405.3 0.0147443255482
405.4 0.0142957253245
405.5 0.0138585382963
405.6 0.0134201071143
405.7 0.0129677045897
405.8 0.012514020379
405.9 0.012071814072
406.0 0.0116283584782
406.1 0.0111840290298
406.2 0.010738417627
406.3 0.010278690549
406.4 0.00981764273002
406.5 0.00936814105748
406.6 0.0089173518086
406.7 0.00845236920227
406.8 0.00798606012383
406.9 0.00753136361958
407.0 0.00707537390643
407.1 0.00661693173503
407.2 0.00615735579266
407.3 0.00568363891239
407.4 0.00520875430999
407.5 0.00474573856818
407.6 0.00428158451854
407.7 0.00380322154105
407.8 0.00332368621695
407.9 0.0028560786619
408.0 0.00238732825445
408.1 0.0019174575984
408.2 0.00144643017208
408.3 0.000961079321074
408.4 0.000474537098862
408.5 0.000237558833748
408.6 0.0
