speclite/data/filters/lsst2016-g.ecsv
# %ECSV 0.9
# ---
# datatype:
# - {name: wavelength, unit: nm, datatype: float64}
# - {name: response, datatype: float64}
# meta: !!omap
# - {url: 'https://github.com/lsst/throughputs'}
# - {band_name: g}
# - {airmass: 1.2}
# - {description: 'LSST g-band throughput from tag 12.0 of
# 
#     https://github.com/lsst/throughputs
# 
#     Throughputs include the airmass 1.2 reference atmosphere tabulated in
# 
#     https://github.com/lsst/throughputs/blob/12.0/baseline/atmos_std.dat'
#
#     More specifically, this is file
#        https://github.com/lsst/throughputs/blob/12.0/baseline/total_g.dat
#     (with zero-throughput lines trimmed)}
#
# - {group_name: lsst}
wavelength response
[from data line 758]
462.1 0.371295098572
462.2 0.371405898148
462.3 0.371516593089
462.4 0.371627267953
462.5 0.371738011166
462.6 0.371849067915
462.7 0.371960268646
462.8 0.372071600297
462.9 0.372183053563
463.0 0.372294622897
463.1 0.372356864306
463.2 0.3724192155
463.3 0.372481682203
463.4 0.372544273916
463.5 0.372607003917
463.6 0.372758112874
463.7 0.372908821393
463.8 0.373059295173
463.9 0.373209685069
464.0 0.373360127062
464.1 0.373416235782
464.2 0.373472592573
464.3 0.373529288346
464.4 0.373586398939
464.5 0.373643985104
464.6 0.37379106918
464.7 0.373938945465
464.8 0.374087692566
464.9 0.374237377854
465.0 0.374388057434
465.1 0.374545443847
465.2 0.374703907156
465.3 0.374863469592
465.4 0.375024142034
465.5 0.375185923982
465.6 0.375348803533
465.7 0.375512543944
465.8 0.375677047353
465.9 0.375842200501
466.0 0.376007874696
466.1 0.376143477048
466.2 0.376279276394
466.3 0.376415097532
466.4 0.376550749746
466.5 0.376686026789
466.6 0.376731433996
466.7 0.376776842136
466.8 0.376822251208
466.9 0.376867661213
467.0 0.376913072153
467.1 0.377072653329
467.2 0.377232272708
467.3 0.377391930296
467.4 0.377551626094
467.5 0.377711360108
467.6 0.377781716549
467.7 0.377852077907
467.8 0.377922444182
467.9 0.377992815374
468.0 0.378063191482
468.1 0.37822738046
468.2 0.378391611226
468.3 0.378555883786
468.4 0.378720198145
468.5 0.378884554307
468.6 0.378959363777
468.7 0.379034179688
468.8 0.37910900204
468.9 0.379183830833
469.0 0.379258666069
469.1 0.379372662463
469.2 0.379486669062
469.3 0.379600685867
469.4 0.379714712877
469.5 0.379828750093
469.6 0.379853103746
469.7 0.379877456105
469.8 0.379901807168
469.9 0.379926156938
470.0 0.379950505415
470.1 0.380107994823
470.2 0.380265520312
470.3 0.380423081883
470.4 0.380580679541
470.5 0.380738313289
470.6 0.38089598313
470.7 0.381053689067
470.8 0.381211431104
470.9 0.381369209244
471.0 0.381527023491
471.1 0.381571116884
471.2 0.381615210934
471.3 0.381659305642
471.4 0.381703401007
471.5 0.381747497032
471.6 0.381881532843
471.7 0.382015590091
471.8 0.382149668775
471.9 0.382283768898
472.0 0.38241789046
472.1 0.382476087662
472.2 0.382534285988
472.3 0.382592485435
472.4 0.382650686007
472.5 0.382708887702
472.6 0.382857153365
472.7 0.383005447543
472.8 0.383153770236
472.9 0.383302121446
473.0 0.383450501174
473.1 0.383480469233
473.2 0.383510436497
473.3 0.383540402967
473.4 0.383570368643
473.5 0.383600333526
473.6 0.383720457499
473.7 0.383840594765
473.8 0.383960745323
473.9 0.384080909174
474.0 0.384201086318
474.1 0.384234174778
474.2 0.384267263279
474.3 0.384300351821
474.4 0.384333440405
474.5 0.384366529032
474.6 0.384399617701
474.7 0.384432706416
474.8 0.384465795175
474.9 0.38449888398
475.0 0.384531972832
475.1 0.384687168215
475.2 0.384842397191
475.3 0.384997659762
475.4 0.385152955931
475.5 0.3853082857
475.6 0.38537329191
475.7 0.385438301242
475.8 0.385503313694
475.9 0.385568329268
476.0 0.385633347963
476.1 0.385748858873
476.2 0.385864380532
476.3 0.385979912941
476.4 0.386095456099
476.5 0.386211010006
476.6 0.386236121238
476.7 0.386261231459
476.8 0.386286340669
476.9 0.386311448869
477.0 0.38633655606
477.1 0.386408526874
477.2 0.386480502856
477.3 0.386552484007
477.4 0.386624470329
477.5 0.38669646182
477.6 0.386859036575
477.7 0.387021650226
477.8 0.387184302776
477.9 0.387346994229
478.0 0.387509724591
478.1 0.387534393154
478.2 0.387559060712
478.3 0.387583727265
478.4 0.387608392814
478.5 0.38763305736
478.6 0.387657720904
478.7 0.387682383446
478.8 0.387707044989
478.9 0.38773170553
479.0 0.387756365074
479.1 0.387776405843
479.2 0.387796445293
479.3 0.387816483423
479.4 0.387836520234
479.5 0.387856555728
479.6 0.387876589905
479.7 0.387896622767
479.8 0.387916654313
479.9 0.387936684545
480.0 0.387956713463
480.1 0.38811352807
480.2 0.388270376772
480.3 0.388427259573
480.4 0.388584176475
480.5 0.388741127482
480.6 0.388807269774
480.7 0.388873415267
480.8 0.388939563961
480.9 0.389005715854
481.0 0.389071870949
481.1 0.38918492972
481.2 0.389297997628
481.3 0.389411074674
481.4 0.389524160858
481.5 0.38963725618
481.6 0.38965942495
481.7 0.389681592512
481.8 0.389703758866
481.9 0.389725924013
482.0 0.389748087953
482.1 0.389924034965
482.2 0.39010002984
482.3 0.390276072583
482.4 0.3904521632
482.5 0.390628301698
482.6 0.390713412695
482.7 0.390798531901
482.8 0.390883659317
482.9 0.390968794943
483.0 0.39105393878
483.1 0.391160651083
483.2 0.391267369113
483.3 0.391374092869
483.4 0.391480822352
483.5 0.391587557561
483.6 0.39169478174
483.7 0.391802322651
483.8 0.391910019776
483.9 0.392017724334
484.0 0.392125299297
484.1 0.392146680658
484.2 0.392167686795
484.3 0.392188216349
484.4 0.392208179859
484.5 0.392227499769
484.6 0.392337330449
484.7 0.392446406433
484.8 0.392554685329
484.9 0.392662136632
485.0 0.392768741745
485.1 0.392776076752
485.2 0.392782557409
485.3 0.392788201564
485.4 0.392793039006
485.5 0.392797111467
485.6 0.392891877077
485.7 0.392986102254
485.8 0.393079810479
485.9 0.393173041189
486.0 0.393265849799
486.1 0.393373494008
486.2 0.393480881494
486.3 0.393588115698
486.4 0.39369531613
486.5 0.393802618396
486.6 0.393818744795
486.7 0.393834509203
486.8 0.393849951468
486.9 0.393865111448
487.0 0.393880029012
487.1 0.39397951813
487.2 0.394078849045
487.3 0.394178061569
487.4 0.394277195559
487.5 0.394376290916
487.6 0.394384094965
487.7 0.394391936677
487.8 0.394399856025
487.9 0.394407892989
488.0 0.394416087555
488.1 0.394417663834
488.2 0.394419477742
488.3 0.394421569269
488.4 0.394423978405
488.5 0.394426745147
488.6 0.39442942268
488.7 0.394432000574
488.8 0.394434614716
488.9 0.394437385012
489.0 0.394440415391
489.1 0.394494816072
489.2 0.394549616776
489.3 0.394604873667
489.4 0.394660626941
489.5 0.39471690082
489.6 0.394682447481
489.7 0.394648755313
489.8 0.39461586613
489.9 0.39458380974
490.0 0.394552603948
490.1 0.394647379317
490.2 0.394743011102
490.3 0.39483948193
490.4 0.394936762402
490.5 0.395034811089
490.6 0.395042340705
490.7 0.39505051572
490.8 0.395059258101
490.9 0.395068477801
491.0 0.395078072755
491.1 0.395179888481
491.2 0.395281844313
491.3 0.395383802113
491.4 0.395485611577
491.5 0.39558711022
491.6 0.395596866875
491.7 0.395606621709
491.8 0.395616374723
491.9 0.395626125919
492.0 0.395635875297
492.1 0.395753254099
492.2 0.395870643858
492.3 0.395988044575
492.4 0.396105456248
492.5 0.396222878879
492.6 0.396249010852
492.7 0.396275141739
492.8 0.396301271543
492.9 0.396327400263
493.0 0.3963535279
493.1 0.396362384717
493.2 0.396371239478
493.3 0.396380092181
493.4 0.39638894283
493.5 0.396397791423
493.6 0.396497975899
493.7 0.396598162397
493.8 0.396698350918
493.9 0.396798541461
494.0 0.396898734026
494.1 0.396905952204
494.2 0.396913168496
494.3 0.396920382902
494.4 0.396927595424
494.5 0.396934806063
494.6 0.396942014819
494.7 0.396949221694
494.8 0.396956426688
494.9 0.396963629803
495.0 0.396970831039
495.1 0.397081701197
495.2 0.397192578427
495.3 0.397303462729
495.4 0.397414354102
495.5 0.397525252547
495.6 0.397544768459
495.7 0.397564282469
495.8 0.397583794577
495.9 0.397603304785
496.0 0.397622813092
496.1 0.397681503848
496.2 0.397740195418
496.3 0.397798887803
496.4 0.397857581005
496.5 0.397916275021
496.6 0.397974969854
496.7 0.398033665501
496.8 0.398092361966
496.9 0.398151059246
497.0 0.398209757344
497.1 0.398328464979
497.2 0.398447184211
497.3 0.39856591504
497.4 0.398684657466
497.5 0.398803411488
497.6 0.398830597178
497.7 0.398857781981
497.8 0.398884965896
497.9 0.398912148926
498.0 0.39893933107
498.1 0.398942726097
498.2 0.398946119112
498.3 0.398949510118
498.4 0.398952899114
498.5 0.398956286101
498.6 0.398959671081
498.7 0.398963054054
498.8 0.398966435022
498.9 0.398969813986
499.0 0.398973190946
499.1 0.399071708383
499.2 0.399170226679
499.3 0.399268745833
499.4 0.399367265846
499.5 0.399465786715
499.6 0.399472686266
499.7 0.399479583508
499.8 0.399486478443
499.9 0.399493371072
500.0 0.399500261396
500.1 0.399427008544
500.2 0.399353745512
500.3 0.399280472302
500.4 0.399207188917
500.5 0.399133895357
500.6 0.399152245413
500.7 0.399170593726
500.8 0.399188940295
500.9 0.399207285122
501.0 0.399225628208
501.1 0.399238935423
501.2 0.399252241011
501.3 0.399265544973
501.4 0.399278847311
501.5 0.399292148024
501.6 0.399305447114
501.7 0.399318744583
501.8 0.399332040429
501.9 0.399345334654
502.0 0.399358627259
502.1 0.399357789861
502.2 0.399356950566
502.3 0.399356109375
502.4 0.399355266288
502.5 0.399354421308
502.6 0.399261874417
502.7 0.399169326025
502.8 0.399076776132
502.9 0.398984224742
503.0 0.398891671857
503.1 0.398911641681
503.2 0.398931609692
503.3 0.39895157589
503.4 0.398971540276
503.5 0.398991502852
503.6 0.398920393423
503.7 0.398849694783
503.8 0.398779188465
503.9 0.398708672323
504.0 0.398637960512
504.1 0.398734255385
504.2 0.39883004285
504.3 0.398925185081
504.4 0.399019560294
504.5 0.399113062777
504.6 0.399205438625
504.7 0.399296672889
504.8 0.399386762751
504.9 0.399475717546
505.0 0.399563558773
505.1 0.399565282513
505.2 0.399565974464
505.3 0.399565693317
505.4 0.39956450992
505.5 0.399562507279
505.6 0.399559945
505.7 0.399556871667
505.8 0.399553352066
505.9 0.399549467186
506.0 0.39954531422
506.1 0.399651139117
506.2 0.399756944593
506.3 0.399862876541
506.4 0.399969097236
506.5 0.400075785353
506.6 0.400182971273
506.7 0.400290014688
506.8 0.400396929679
506.9 0.400503726284
507.0 0.400610410488
507.1 0.40059667128
507.2 0.400582814378
507.3 0.400568833695
507.4 0.40055471909
507.5 0.40054045636
507.6 0.400617785783
507.7 0.400695147727
507.8 0.400772582854
507.9 0.400850131865
508.0 0.400927835492
508.1 0.400913362391
508.2 0.400899131792
508.3 0.400885184331
508.4 0.400871560645
508.5 0.400858301368
508.6 0.40093667865
508.7 0.401014949201
508.8 0.401093251223
508.9 0.401171706758
509.0 0.401250421679
509.1 0.401341323358
509.2 0.401432651928
509.3 0.401524464683
509.4 0.40161680268
509.5 0.401709690724
509.6 0.401711422409
509.7 0.401713932439
509.8 0.401717263618
509.9 0.401721446535
510.0 0.401726499564
510.1 0.401829904055
510.2 0.401934185224
510.3 0.402039325418
510.4 0.402145294729
510.5 0.402252050987
510.6 0.402267802497
510.7 0.402284212261
510.8 0.402301200812
510.9 0.402318676433
511.0 0.402336535153
511.1 0.402438083918
511.2 0.402539774753
511.3 0.402641466903
511.4 0.402743007218
511.5 0.402844230141
511.6 0.402853191587
511.7 0.402862151
511.8 0.402871108381
511.9 0.402880063732
512.0 0.402889017052
512.1 0.402905594029
512.2 0.40292216941
512.3 0.402938743196
512.4 0.402955315388
512.5 0.402971885987
512.6 0.403080251908
512.7 0.403188623785
512.8 0.403297001618
512.9 0.403405385406
513.0 0.403513775149
513.1 0.403512295264
513.2 0.403510813648
513.3 0.403509330302
513.4 0.403507845227
513.5 0.403506358422
513.6 0.403504869891
513.7 0.403503379633
513.8 0.40350188765
513.9 0.403500393941
514.0 0.403498898509
514.1 0.403613072927
514.2 0.403727255604
514.3 0.403841446538
514.4 0.40395564573
514.5 0.404069853178
514.6 0.404092229739
514.7 0.404114604385
514.8 0.404136977117
514.9 0.404159347935
515.0 0.404181716839
515.1 0.404235816719
515.2 0.404289916286
515.3 0.404344015542
515.4 0.404398114487
515.5 0.404452213121
515.6 0.404506311444
515.7 0.404560409456
515.8 0.404614507157
515.9 0.404668604548
516.0 0.404722701629
516.1 0.404829236109
516.2 0.404935775247
516.3 0.405042319041
516.4 0.405148867491
516.5 0.405255420597
516.6 0.405269976092
516.7 0.405284529635
516.8 0.405299081224
516.9 0.405313630861
517.0 0.405328178546
517.1 0.40532324806
517.2 0.405318315908
517.3 0.405313382091
517.4 0.405308446611
517.5 0.405303509468
517.6 0.405298570663
517.7 0.405293630198
517.8 0.405288688073
517.9 0.405283744289
518.0 0.405278798847
518.1 0.405264026435
518.2 0.405249252835
518.3 0.405234478051
518.4 0.405219702081
518.5 0.405204924928
518.6 0.405190146592
518.7 0.405175367075
518.8 0.405160586377
518.9 0.4051458045
519.0 0.405131021445
519.1 0.405239720147
519.2 0.405348424644
519.3 0.405457134935
519.4 0.405565851021
519.5 0.405674572901
519.6 0.405691307079
519.7 0.405708039462
519.8 0.405724770049
519.9 0.405741498842
520.0 0.405758225841
520.1 0.4057730181
520.2 0.405787808643
520.3 0.40580259747
520.4 0.405817384581
520.5 0.405832169978
520.6 0.405846953661
520.7 0.405861735631
520.8 0.405876515888
520.9 0.405891294433
521.0 0.405906071267
521.1 0.405902464513
521.2 0.405898856115
521.3 0.405895246073
521.4 0.40589163439
521.5 0.405888021065
521.6 0.405884406099
521.7 0.405880789494
521.8 0.40587717125
521.9 0.405873551368
522.0 0.40586992985
522.1 0.405860674731
522.2 0.405851418101
522.3 0.405842159961
522.4 0.405832900311
522.5 0.405823639152
522.6 0.405814376487
522.7 0.405805112315
522.8 0.405795846637
522.9 0.405786579455
523.0 0.40577731077
523.1 0.405834157597
523.2 0.405891004642
523.3 0.405947851906
523.4 0.406004699388
523.5 0.406061547089
523.6 0.406118395008
523.7 0.406175243147
523.8 0.406232091504
523.9 0.40628894008
524.0 0.406345788875
524.1 0.406358800786
524.2 0.406371811215
524.3 0.406384820164
524.4 0.406397827633
524.5 0.406410833623
524.6 0.406423838134
524.7 0.406436841167
524.8 0.406449842723
524.9 0.406462842802
525.0 0.406475841406
525.1 0.406359683624
525.2 0.406243536376
525.3 0.406127399666
525.4 0.406011273494
525.5 0.405895157861
525.6 0.405871191518
525.7 0.405847224836
525.8 0.405823257816
525.9 0.405799290458
526.0 0.405775322763
526.1 0.405785436313
526.2 0.405795548062
526.3 0.405805658007
526.4 0.405815766151
526.5 0.405825872495
526.6 0.405835977038
526.7 0.405846079782
526.8 0.405856180728
526.9 0.405866279875
527.0 0.405876377226
527.1 0.405891068742
527.2 0.405905758678
527.3 0.405920447034
527.4 0.405935133808
527.5 0.405949819005
527.6 0.405964502622
527.7 0.405979184662
527.8 0.405993865125
527.9 0.40600854401
528.0 0.40602322132
528.1 0.406023696994
528.2 0.406024171008
528.3 0.406024643364
528.4 0.406025114061
528.5 0.406025583102
528.6 0.406026050485
528.7 0.406026516213
528.8 0.406026980287
528.9 0.406027442707
529.0 0.406027903474
529.1 0.406079061487
529.2 0.406130218153
529.3 0.40618137347
529.4 0.406232527441
529.5 0.406283680064
529.6 0.406334831339
529.7 0.406385981267
529.8 0.406437129848
529.9 0.406488277082
530.0 0.406539422968
530.1 0.406545577839
530.2 0.406551731021
530.3 0.406557882514
530.4 0.406564032319
530.5 0.406570180436
530.6 0.406576326866
530.7 0.406582471611
530.8 0.40658861467
530.9 0.406594756046
531.0 0.406600895737
531.1 0.406606148095
531.2 0.406611398158
531.3 0.406616645929
531.4 0.406621891407
531.5 0.406627134592
531.6 0.406632375488
531.7 0.406637614092
531.8 0.406642850407
531.9 0.406648084434
532.0 0.406653316172
532.1 0.406629113933
532.2 0.406604911361
532.3 0.406580708455
532.4 0.406556505218
532.5 0.406532301649
532.6 0.406508097751
532.7 0.406483893524
532.8 0.406459688969
532.9 0.406435484088
533.0 0.406411278881
533.1 0.406516661245
533.2 0.406622048022
533.3 0.40672743921
533.4 0.406832834809
533.5 0.40693823482
533.6 0.406951360021
533.7 0.406964483679
533.8 0.406977605797
533.9 0.406990726374
534.0 0.407003845411
534.1 0.407057452794
534.2 0.407111059953
534.3 0.407164666889
534.4 0.407218273602
534.5 0.407271880094
534.6 0.407417850418
534.7 0.407563844832
534.8 0.407709863335
534.9 0.407855905927
535.0 0.408001972608
535.1 0.408013961247
535.2 0.408025947702
535.3 0.408037931975
535.4 0.408049914067
535.5 0.408061893976
535.6 0.408166300668
535.7 0.408270710605
535.8 0.408375123787
535.9 0.408479540211
536.0 0.408583959879
536.1 0.408573407742
536.2 0.40856285435
536.3 0.408552299705
536.4 0.408541743809
536.5 0.40853118666
536.6 0.40852062826
536.7 0.408510068611
536.8 0.408499507713
536.9 0.408488945567
537.0 0.408478382174
537.1 0.408506024682
537.2 0.408533666387
537.3 0.407952163701
537.4 0.407370577794
537.5 0.406614844095
537.6 0.405950826939
537.7 0.405264590108
537.8 0.404577891605
537.9 0.40389073136
538.0 0.403203109304
538.1 0.402434838031
538.2 0.401666411161
538.3 0.400897828714
538.4 0.400129090713
