speclite/data/filters/lsst2016-r.ecsv
# %ECSV 0.9
# ---
# datatype:
# - {name: wavelength, unit: nm, datatype: float64}
# - {name: response, datatype: float64}
# meta: !!omap
# - {url: 'https://github.com/lsst/throughputs'}
# - {band_name: r}
# - {airmass: 1.2}
# - {description: 'LSST r-band throughput from tag 12.0 of
# 
#     https://github.com/lsst/throughputs/tree/master/baseline.
# 
#     Throughputs include the airmass 1.2 reference atmosphere tabulated in
# 
#     https://github.com/lsst/throughputs/blob/master/baseline/atmos_std.dat'}
# - {group_name: lsst}
wavelength response
[from data line 1528]
689.7 0.216518069347
689.8 0.215907200149
689.9 0.21528293087
690.0 0.214645273123
690.1 0.213811595832
690.2 0.212966717627
690.3 0.21213168048
690.4 0.211285553974
690.5 0.210428305868
690.6 0.209656112371
690.7 0.208849820503
690.8 0.208030583264
690.9 0.20721988717
691.0 0.206396282927
691.1 0.205339410976
691.2 0.20427312152
691.3 0.203175498946
691.4 0.202068139387
691.5 0.200972881247
691.6 0.199823454862
691.7 0.198665280041
691.8 0.197498358614
691.9 0.196300519078
692.0 0.1950938225
692.1 0.193837927535
692.2 0.192574300763
692.3 0.191302946336
692.4 0.190023868405
692.5 0.188714591715
692.6 0.187316393415
692.7 0.185934473349
692.8 0.184546355489
692.9 0.18315204321
693.0 0.181751539883
693.1 0.18011671717
693.2 0.178479724793
693.3 0.176863284335
693.4 0.175244702687
693.5 0.173623980041
693.6 0.171890694301
693.7 0.170157494754
693.8 0.168424381427
693.9 0.16666860716
694.0 0.16491292031
694.1 0.163222361505
694.2 0.161530992454
694.3 0.159838813195
694.4 0.158145823766
694.5 0.156429250985
694.6 0.154811116572
694.7 0.153212727856
694.8 0.15161131152
694.9 0.150006867465
695.0 0.148399395594
695.1 0.14669340231
695.2 0.144986076102
695.3 0.143300315948
695.4 0.141613240563
695.5 0.139924850179
695.6 0.138176409041
695.7 0.136405225983
695.8 0.134634216977
695.9 0.132886293466
696.0 0.13113854177
696.1 0.129546282361
696.2 0.127949975408
696.3 0.12632663316
696.4 0.124699193931
696.5 0.123090701433
696.6 0.121503790813
696.7 0.119912094933
696.8 0.118315615696
696.9 0.116691188202
697.0 0.115061918826
697.1 0.113318428412
697.2 0.111574327169
697.3 0.109829615201
697.4 0.108084292615
697.5 0.106315141534
697.6 0.104501592574
697.7 0.102712132604
697.8 0.100923543584
697.9 0.0991358254558
698.0 0.097348978161
698.1 0.0955036002429
698.2 0.0936604548216
698.3 0.091842687857
698.4 0.0900271246085
698.5 0.0882137651956
698.6 0.0863662450028
698.7 0.0845224065879
698.8 0.0826822500854
698.9 0.0808227557612
699.0 0.0789669920934
699.1 0.07721422007
699.2 0.0754616791076
699.3 0.073709369205
699.4 0.0719572903609
699.5 0.0701824545442
699.6 0.0684367779194
699.7 0.0667128392939
699.8 0.0649876509297
699.9 0.0632612131184
700.0 0.0615335261519
700.1 0.0597648909955
700.2 0.0579959823293
700.3 0.0562498345374
700.4 0.0545034168862
700.5 0.052756729429
700.6 0.0510097722187
700.7 0.0492395038934
700.8 0.04746896238
700.9 0.0457211926882
701.0 0.0439731534569
701.1 0.0430946398969
701.2 0.0422162376333
701.3 0.0413379466646
701.4 0.0404597669896
701.5 0.0395816986072
701.6 0.0387119068623
701.7 0.0378188098111
701.8 0.03692544693
701.9 0.0360548712766
702.0 0.0351840367229
702.1 0.0343071631188
702.2 0.0334303267525
702.3 0.0325535276322
702.4 0.0316767657663
702.5 0.0308000411632
702.6 0.0299359664143
702.7 0.0290711899352
702.8 0.0282057117814
702.9 0.0273164411875
703.0 0.0264264505833
703.1 0.025572479163
703.2 0.0247168738123
703.3 0.0238596341472
703.4 0.0230007597838
703.5 0.0221402503384
703.6 0.0212602957555
703.7 0.020380179863
703.8 0.0194999026828
703.9 0.0186194642366
704.0 0.0177388645461
704.1 0.016832163173
704.2 0.0159255891454
704.3 0.0150423559711
704.4 0.014159246869
704.5 0.0132762618349
704.6 0.0123934008644
704.7 0.0115106639532
704.8 0.010628051097
704.9 0.00974556229155
705.0 0.00886319753245
705.1 0.0079821452853
705.2 0.00710095442762
705.3 0.00619641742874
705.4 0.00529173822526
705.5 0.00441012804325
705.6 0.00352911827963
705.7 0.00264760065519
705.8 0.00176557510813
705.9 0.000883041576708
706.0 0.0
