speclite/data/filters/lsst2016-u.ecsv
# %ECSV 0.9
# ---
# datatype:
# - {name: wavelength, unit: nm, datatype: float64}
# - {name: response, datatype: float64}
# meta: !!omap
# - {url: 'https://github.com/lsst/throughputs'}
# - {band_name: u}
# - {airmass: 1.2}
# - {description: 'LSST u-band throughput from tag 12.0 of
# 
#     https://github.com/lsst/throughputs/tree/master/baseline.
# 
#     Throughputs include the airmass 1.2 reference atmosphere tabulated in
# 
#     https://github.com/lsst/throughputs/blob/master/baseline/atmos_std.dat'}
#
#     More specifically, this is file
#        https://github.com/lsst/throughputs/blob/12.0/baseline/total_u.dat
#     (with zero-throughput lines trimmed)
#
# - {group_name: lsst}
wavelength response
305.3 0.0
305.4 1.23201665121e-17
305.5 1.00439770986e-06
305.6 2.02751321834e-06
305.7 4.14783433967e-06
305.8 6.30292119603e-06
305.9 8.43275689986e-06
306.0 1.05919464594e-05
306.1 1.28116295717e-05
306.2 1.50661720003e-05
306.3 1.74126896399e-05
306.4 1.97895893592e-05
306.5 2.21332115412e-05
306.6 2.48130814068e-05
306.7 2.76261336755e-05
306.8 3.05068096296e-05
306.9 3.3384873796e-05
307.0 3.63188750407e-05
307.1 3.9401823164e-05
307.2 4.25420180718e-05
307.3 4.58044124902e-05
307.4 4.91161698686e-05
307.5 5.24001536821e-05
307.6 5.51885428364e-05
307.7 5.80447269514e-05
307.8 6.08934251955e-05
307.9 6.36584857505e-05
308.0 6.64091324074e-05
308.1 6.90091161603e-05
308.2 7.15812587787e-05
308.3 7.41954619728e-05
308.4 7.6775777135e-05
308.5 7.92466226131e-05
308.6 8.20918094493e-05
308.7 8.49816159243e-05
308.8 8.78391955862e-05
308.9 9.05870802074e-05
309.0 9.32940118483e-05
309.1 9.67280435024e-05
309.2 0.000100132831191
309.3 0.000103577143941
309.4 0.000106980828318
309.5 0.00011026181187
309.6 0.000113175662215
309.7 0.000116100806361
309.8 0.000118955941883
309.9 0.000121659533094
310.0 0.000124282044642
310.1 0.000126406151042
310.2 0.00012845078383
310.3 0.000130487127336
310.4 0.000132436056849
310.5 0.000135547652398
310.6 0.000138379836889
310.7 0.000142468730295
310.8 0.000146406757062
310.9 0.000150187519769
311.0 0.00015380459948
311.1 0.000158314574181
311.2 0.000162719699677
311.3 0.000167013777766
311.4 0.000171190590174
311.5 0.000175175148685
311.6 0.000180003774424
311.7 0.000184784871841
311.8 0.000189440451454
311.9 0.000193961239153
312.0 0.000198337926349
312.1 0.000203244016575
312.2 0.0002080299712
312.3 0.00021268709005
312.4 0.000217206643392
312.5 0.000221512255492
312.6 0.000224201718873
312.7 0.000226785831535
312.8 0.000229191885984
312.9 0.000231414777867
313.0 0.00023344938862
313.1 0.000236952290041
313.2 0.000240389834101
313.3 0.000243760947506
313.4 0.000247064554847
313.5 0.000250237081455
313.6 0.000255129132684
313.7 0.000260044628691
313.8 0.000264917705534
313.9 0.000269744981661
314.0 0.000274523064225
314.1 0.000283513980888
314.2 0.000292646585834
314.3 0.000301920344123
314.4 0.00031133470833
314.5 0.000320821323677
314.6 0.000328164770089
314.7 0.000335646694134
314.8 0.000343198851065
314.9 0.000350820809204
315.0 0.000358512155245
315.1 0.00036939814427
315.2 0.00038047297201
315.3 0.000391737611047
315.4 0.000403193065081
315.5 0.000414764410505
315.6 0.000428732956968
315.7 0.000443086367271
315.8 0.000457752380479
315.9 0.00047273480341
316.0 0.000488037557793
316.1 0.000515612423409
316.2 0.000544123005179
316.3 0.000573585951202
316.4 0.000604018201062
316.5 0.000635334345914
316.6 0.00066364617089
316.7 0.000692771290622
316.8 0.000722615297634
316.9 0.000753186477653
317.0 0.000784493136262
317.1 0.000820612615079
317.2 0.00085744163717
317.3 0.000894983814085
317.4 0.000933242752351
317.5 0.000972081495957
317.6 0.00101690127447
317.7 0.00106299566565
317.8 0.00111023748136
317.9 0.00115864009509
318.0 0.0012082168832
318.1 0.00127855800407
318.2 0.00135116169989
318.3 0.00142606262244
318.4 0.00150329545447
318.5 0.00158268785302
318.6 0.00165858209747
318.7 0.00173665735116
318.8 0.00181673232519
318.9 0.00189883296978
319.0 0.0019829854153
319.1 0.00206439495069
319.2 0.00214692644418
319.3 0.00223058026635
319.4 0.00231535681601
319.5 0.00240096971414
319.6 0.00249199693616
319.7 0.00258475026497
319.8 0.00267895015796
319.9 0.00277460380747
320.0 0.0028717183287
320.1 0.00300944748615
320.2 0.0031508101969
320.3 0.00329585438992
320.4 0.00344462793807
320.5 0.00359678335877
320.6 0.00375886763539
320.7 0.00392563201819
320.8 0.00409673665014
320.9 0.00427223660806
321.0 0.00445218658058
321.1 0.00461925865724
321.2 0.00478936542422
321.3 0.00496252878035
321.4 0.00513876989287
321.5 0.00531756805764
321.6 0.00546280842801
321.7 0.00560950275754
321.8 0.00575709333538
321.9 0.00590556344901
322.0 0.00605489631483
322.1 0.00622905698547
322.2 0.00640501760376
322.3 0.00658277676886
322.4 0.00676233305397
322.5 0.00694302726583
322.6 0.00718555756686
322.7 0.0074337858414
322.8 0.00768710842449
322.9 0.00794557949542
323.0 0.00820925333365
323.1 0.00852570625169
323.2 0.00884975912679
323.3 0.00918150565123
323.4 0.00952103973056
323.5 0.00986758098967
323.6 0.0101588445492
323.7 0.0104559254164
323.8 0.0107579869026
323.9 0.0110650665433
324.0 0.0113772016401
324.1 0.0116278941714
324.2 0.0118802770292
324.3 0.0121343305735
324.4 0.0123900349771
324.5 0.0126463174507
324.6 0.0128980210509
324.7 0.0131520969091
324.8 0.0134074704042
324.9 0.0136641200182
325.0 0.0139220245803
325.1 0.0142778722834
325.2 0.014638786253
325.3 0.0150048009651
325.4 0.0153759516044
325.5 0.0157510377978
325.6 0.0162000285507
325.7 0.0166583328465
325.8 0.0171247923364
325.9 0.0175994863134
326.0 0.0180824954854
326.1 0.0185633149735
326.2 0.0190521258578
326.3 0.0195490089329
326.4 0.0200540469462
326.5 0.0205657977286
326.6 0.020983320789
326.7 0.0214067858234
326.8 0.0218346848922
326.9 0.0222670370974
327.0 0.0227038615701
327.1 0.0230800872062
327.2 0.0234582363619
327.3 0.0238382927804
327.4 0.0242202401191
327.5 0.0246023289028
327.6 0.0250086485237
327.7 0.0254193399988
327.8 0.0258326639156
327.9 0.0262486138547
328.0 0.0266671833438
328.1 0.027245115692
328.2 0.0278310174088
328.3 0.0284249493247
328.4 0.0290269724274
328.5 0.0296351621238
328.6 0.0303178056628
328.7 0.0310128398961
328.8 0.0317183783097
328.9 0.0324345205055
329.0 0.0331613663945
329.1 0.0337877908459
329.2 0.0344217737027
329.3 0.0350633760366
329.4 0.0357126586637
329.5 0.036367358569
329.6 0.0369060026112
329.7 0.0374511728029
329.8 0.0380005621501
329.9 0.0385541862572
330.0 0.0391120597492
330.1 0.0395848180221
330.2 0.0400597758634
330.3 0.0405369234215
330.4 0.0410162494676
330.5 0.0414952080353
330.6 0.0420296189707
330.7 0.042570116581
330.8 0.0431141654166
330.9 0.0436617615587
331.0 0.0442128992418
331.1 0.0448768824859
331.2 0.0455474625695
331.3 0.0461483603803
331.4 0.0467543021384
331.5 0.047343035718
331.6 0.0480363942464
331.7 0.0487335613666
331.8 0.0494373543172
331.9 0.05014780831
332.0 0.0508649586322
332.1 0.051475466739
332.2 0.0520907652732
332.3 0.0527078309182
332.4 0.0533296719076
332.5 0.0539594143379
332.6 0.0544842761979
332.7 0.0550089386735
332.8 0.0555365150693
332.9 0.0560670141941
333.0 0.0566004448671
333.1 0.0570031994055
333.2 0.0574068886216
333.3 0.0578082374309
333.4 0.0582104809546
333.5 0.058616918585
333.6 0.0590955639926
333.7 0.0595727196172
333.8 0.0600518026007
333.9 0.060532921811
334.0 0.0610161808268
334.1 0.0616489357937
334.2 0.0622864901073
334.3 0.0629254593757
334.4 0.0635693738297
334.5 0.0642218719104
334.6 0.0649053540369
334.7 0.0655584214391
334.8 0.0662165985433
334.9 0.0667808675809
335.0 0.0673486591259
335.1 0.0678263315631
335.2 0.0683067043623
335.3 0.0687897750228
335.4 0.0692755314123
335.5 0.0697639514402
335.6 0.0701732818519
335.7 0.0705843516571
335.8 0.0709971123001
335.9 0.0714115037357
336.0 0.0718274541237
336.1 0.0721432975676
336.2 0.0724596422392
336.3 0.0727763766454
336.4 0.0730933769439
336.5 0.073410506714
336.6 0.07372761673
336.7 0.0740451372161
336.8 0.0743630751795
336.9 0.0746814377559
337.0 0.0750002322091
337.1 0.0753228323803
337.2 0.0756461391913
337.3 0.0759701615715
337.4 0.0762949085838
337.5 0.0766203894244
337.6 0.0770956769916
337.7 0.0775728238241
337.8 0.0780518287007
337.9 0.0785326894827
338.0 0.0790154030871
338.1 0.0794586906487
338.2 0.0799034897951
338.3 0.0803497934167
338.4 0.0807975933767
338.5 0.0812468804863
338.6 0.0816051853252
338.7 0.0819645087115
338.8 0.0823247966257
338.9 0.0826859982828
339.0 0.0830480662168
339.1 0.083355220158
339.2 0.0836628163607
339.3 0.0839708175689
339.4 0.084279190283
339.5 0.0845879048337
339.6 0.0848332006761
339.7 0.085078377096
339.8 0.0853234396199
339.9 0.0855683964758
340.0 0.0858132586307
340.1 0.0860393213938
340.2 0.0862653117599
340.3 0.0864912491231
340.4 0.086717155743
340.5 0.0869430567775
340.6 0.0872341046953
340.7 0.0875254463439
340.8 0.0878171154403
340.9 0.0881091488477
341.0 0.0884015866222
341.1 0.0886480530211
341.2 0.0888947985802
341.3 0.0891418728407
341.4 0.0893893286092
341.5 0.0896372219967
341.6 0.0898856866462
341.7 0.0901345025591
341.8 0.0903836337311
341.9 0.0906330437628
342.0 0.0908826958585
342.1 0.0910749564381
342.2 0.0912671397236
342.3 0.0914592074455
342.4 0.0916511210302
342.5 0.0918428416002
342.6 0.0919671492361
342.7 0.0920911091659
342.8 0.0922147391284
342.9 0.0923380569612
343.0 0.0924610806009
343.1 0.0925412737588
343.2 0.0926211431336
343.3 0.0927007070288
343.4 0.0927799838099
343.5 0.0928589919045
343.6 0.0929380562419
343.7 0.0930170865802
343.8 0.0930959999432
343.9 0.0931747206504
344.0 0.0932531803505
344.1 0.0933681540874
344.2 0.0934827889559
344.3 0.0935970382541
344.4 0.0937108626755
344.5 0.0938242303555
344.6 0.0940049763802
344.7 0.094185156375
344.8 0.0943647404065
344.9 0.0945437031497
345.0 0.0947220239345
345.1 0.0948560809485
345.2 0.094989440526
345.3 0.0951220973004
345.4 0.0952540507363
345.5 0.0953853051615
345.6 0.0954818328342
345.7 0.0955777993547
345.8 0.0956732439196
345.9 0.0957682136633
346.0 0.0958627636937
346.1 0.0959486653636
346.2 0.0960342876053
346.3 0.0961197096893
346.4 0.096205018971
346.5 0.0962903109218
346.6 0.0963756494686
346.7 0.0964607214452
346.8 0.0965455296469
346.9 0.0966300759026
347.0 0.0967143610688
347.1 0.0967991708045
347.2 0.0968837273912
347.3 0.0969680287324
347.4 0.0970520717432
347.5 0.0971358523457
347.6 0.0972193654695
347.7 0.0973026603619
347.8 0.0973857463639
347.9 0.0974686328494
348.0 0.097551329225
348.1 0.0976465711251
348.2 0.0977417161507
348.3 0.0978367739813
348.4 0.0979317543341
348.5 0.0980266669633
348.6 0.0981562503307
348.7 0.0982860352312
348.8 0.0984158677206
348.9 0.0985456030449
349.0 0.0986751057035
349.1 0.0987825315762
349.2 0.0988895459755
349.3 0.0989960421884
349.4 0.0991019231088
349.5 0.0992071012938
349.6 0.0993114581485
349.7 0.09941499675
349.8 0.0995176893417
349.9 0.0996195181764
350.0 0.0997204755681
350.1 0.0997662064395
350.2 0.0998110051358
350.3 0.0998548957614
350.4 0.0998979126083
350.5 0.0999401001764
350.6 0.100016018856
350.7 0.1000912588
350.8 0.100165880937
350.9 0.100239957571
351.0 0.100313572418
351.1 0.10035916362
351.2 0.100404561652
351.3 0.100449884915
351.4 0.100495263235
351.5 0.100540837892
351.6 0.100621214998
351.7 0.100701456995
351.8 0.10078156715
351.9 0.100861547722
352.0 0.100941399951
352.1 0.10106978625
352.2 0.101198065874
352.3 0.101326236781
352.4 0.101454295892
352.5 0.101582239088
352.6 0.101675501204
352.7 0.101768677593
352.8 0.101861778358
352.9 0.101954813637
353.0 0.102047793609
353.1 0.102120537495
353.2 0.102193244166
353.3 0.102265923929
353.4 0.102338587119
353.5 0.102411244102
353.6 0.102449179192
353.7 0.102486986781
353.8 0.102524702085
353.9 0.102562356216
354.0 0.102599976172
354.1 0.102685135943
354.2 0.102770301962
354.3 0.102855488868
354.4 0.102940707171
354.5 0.103025963237
354.6 0.103111259273
354.7 0.10319665202
354.8 0.103282152737
354.9 0.103367769578
355.0 0.103453507572
355.1 0.103525276786
355.2 0.103597166116
355.3 0.103669171096
355.4 0.103741284098
355.5 0.103813494308
355.6 0.103885787723
355.7 0.103958147137
355.8 0.104030552131
355.9 0.104102979059
356.0 0.104175401043
356.1 0.104210879187
356.2 0.104246291478
356.3 0.104281601372
356.4 0.104316769102
356.5 0.104351751676
356.6 0.104421171251
356.7 0.104490488173
356.8 0.104559702242
356.9 0.104628813258
357.0 0.104697821023
357.1 0.104791440363
357.2 0.104885023213
357.3 0.104978569435
357.4 0.105072078894
357.5 0.105165551453
357.6 0.105258986978
357.7 0.105352385331
357.8 0.105445746377
357.9 0.10553906998
358.0 0.105632356004
358.1 0.105703667567
358.2 0.105774873436
358.3 0.105845973403
358.4 0.105916967259
358.5 0.105987854797
358.6 0.106023754323
358.7 0.106059462049
358.8 0.106095021358
358.9 0.106130472467
359.0 0.106165852417
359.1 0.106254943924
359.2 0.106344095943
359.3 0.10643333612
359.4 0.106522688953
359.5 0.106612175779
359.6 0.106701814762
359.7 0.106791620873
359.8 0.106881605884
359.9 0.106971778351
360.0 0.1070621436
360.1 0.107108293667
360.2 0.107154626864
360.3 0.10720113854
360.4 0.107247820771
360.5 0.107294662357
360.6 0.107376444473
360.7 0.107458333135
360.8 0.107540322024
360.9 0.107622400435
361.0 0.107704553261
361.1 0.107821197393
361.2 0.107937941787
361.3 0.108054758124
361.4 0.108171613578
361.5 0.10828847079
361.6 0.108405332477
361.7 0.108522321504
361.8 0.108639427104
361.9 0.108756638463
362.0 0.108873944724
362.1 0.108949926919
362.2 0.10902595255
362.3 0.109102010616
362.4 0.109178090081
362.5 0.109254179884
362.6 0.109365310647
362.7 0.109476426769
362.8 0.109587531963
362.9 0.109698628842
363.0 0.109809718921
363.1 0.109921444164
363.2 0.110033164463
363.3 0.110144877993
363.4 0.110256581803
363.5 0.110368271815
363.6 0.110444769925
363.7 0.110521308569
363.8 0.110597883872
363.9 0.110674493074
364.0 0.110751134528
364.1 0.110860116977
364.2 0.110969157811
364.3 0.111078258763
364.4 0.1111874227
364.5 0.111296653629
364.6 0.111405956701
364.7 0.111515274802
364.8 0.111624596535
364.9 0.11173391046
365.0 0.111843205093
365.1 0.111941165769
365.2 0.112039102991
365.3 0.112137005222
365.4 0.112234860885
365.5 0.112332658365
365.6 0.112465851532
365.7 0.11259903653
365.8 0.112732235894
365.9 0.112865472271
366.0 0.112998768411
366.1 0.113129305302
366.2 0.11325994282
366.3 0.11339070403
366.4 0.113521612105
366.5 0.113652690323
366.6 0.113748306342
366.7 0.113844067163
366.8 0.113939961501
366.9 0.114035978028
367.0 0.114132105383
367.1 0.114265934939
367.2 0.1143998963
367.3 0.114533978031
367.4 0.114668168647
367.5 0.114802456609
367.6 0.114936830325
367.7 0.115071278147
367.8 0.115205788375
367.9 0.115340349255
368.0 0.115474948978
368.1 0.115602010389
368.2 0.115729093398
368.3 0.115856186075
368.4 0.115983276435
368.5 0.116110352445
368.6 0.116273832429
368.7 0.116437582032
368.8 0.116601513831
368.9 0.116765548192
369.0 0.116929613328
369.1 0.117054450717
369.2 0.117179142541
369.3 0.117303641155
369.4 0.117427907041
369.5 0.117551908858
369.6 0.117712044286
369.7 0.117871864495
369.8 0.118031342589
369.9 0.118190458721
370.0 0.118349200139
370.1 0.118533289628
370.2 0.11871705559
370.3 0.118900506569
370.4 0.119083658416
370.5 0.119266534339
370.6 0.119412483094
370.7 0.119558189411
370.8 0.119703682926
370.9 0.119849001929
371.0 0.11999419341
371.1 0.120173787316
371.2 0.120353434415
371.3 0.12053320811
371.4 0.120713190805
371.5 0.120893473978
371.6 0.121037048712
371.7 0.121180623439
371.8 0.121324210094
371.9 0.121467820668
372.0 0.121611467214
372.1 0.121786098934
372.2 0.121960840475
372.3 0.122135704061
372.4 0.122310701986
372.5 0.122485846614
372.6 0.122623776481
372.7 0.122761816653
372.8 0.122899979655
372.9 0.12303827807
373.0 0.123176724535
373.1 0.12338747505
373.2 0.123598535423
373.3 0.12380991872
373.4 0.124021638089
373.5 0.124233706771
373.6 0.124408085731
373.7 0.124582488094
373.8 0.124757007555
373.9 0.124931729479
374.0 0.12510673084
374.1 0.125314722462
374.2 0.125523188534
374.3 0.125732180763
374.4 0.12594174226
374.5 0.12615190747
374.6 0.126324549107
374.7 0.126497827432
374.8 0.126671771485
374.9 0.12684640275
375.0 0.127021735105
375.1 0.127267457332
375.2 0.127514035851
375.3 0.127761462405
375.4 0.128009720879
375.5 0.12825878722
375.6 0.128469950513
375.7 0.128681711099
375.8 0.128894037691
375.9 0.129106889625
376.0 0.129320216796
376.1 0.129568315386
376.2 0.129816851986
376.3 0.13006574781
376.4 0.130314914226
376.5 0.130564252662
376.6 0.130774566
376.7 0.130985203299
376.8 0.131196151943
376.9 0.131407399234
377.0 0.131618932387
377.1 0.131868262192
377.2 0.132117947377
377.3 0.132367975016
377.4 0.132618332086
377.5 0.13286900546
377.6 0.133080327466
377.7 0.13329183684
377.8 0.133503520089
377.9 0.133715363639
378.0 0.133927353827
378.1 0.134202095002
378.2 0.134477090222
