speclite/data/filters/lsst2016-i.ecsv
# %ECSV 0.9
# ---
# datatype:
# - {name: wavelength, unit: nm, datatype: float64}
# - {name: response, datatype: float64}
# meta: !!omap
# - {url: 'https://github.com/lsst/throughputs'}
# - {band_name: i}
# - {airmass: 1.2}
# - {description: 'LSST i-band throughput from tag 12.0 of
# 
#     https://github.com/lsst/throughputs/tree/master/baseline.
# 
#     Throughputs include the airmass 1.2 reference atmosphere tabulated in
# 
#     https://github.com/lsst/throughputs/blob/12.0/baseline/atmos_std.dat'
#
#     More specifically, this is file
#        https://github.com/lsst/throughputs/blob/12.0/baseline/total_i.dat
#     (with zero-throughput lines trimmed)}
#
# - {group_name: lsst}
wavelength response
[from data line 762]
752.1 0.451515564866
752.2 0.451506078759
752.3 0.451496591191
752.4 0.451487102161
752.5 0.45147761167
752.6 0.451468119719
752.7 0.451458626308
752.8 0.451449131438
752.9 0.451439635107
753.0 0.451430137318
753.1 0.45149738641
753.2 0.451564624762
753.3 0.451631852374
753.4 0.451699069246
753.5 0.451766275378
753.6 0.451740151398
753.7 0.4517136676
753.8 0.451687010059
753.9 0.451660351026
754.0 0.451633848936
754.1 0.45160375118
754.2 0.451574086564
754.3 0.451544972082
754.4 0.451516510929
754.5 0.4514887925
754.6 0.451461892157
754.7 0.451435871805
754.8 0.45141077956
754.9 0.451386649759
755.0 0.451363502956
755.1 0.451331030409
755.2 0.45129954132
755.3 0.451269014871
755.4 0.45123941648
755.5 0.451210697811
755.6 0.451182797018
755.7 0.451155638176
755.8 0.45112913162
755.9 0.451103173952
756.0 0.451077648045
756.1 0.451097213217
756.2 0.45111693404
756.3 0.45113665223
756.4 0.451156195718
756.5 0.451175378658
756.6 0.451286649061
756.7 0.451397925551
756.8 0.451509208075
756.9 0.451620496585
757.0 0.451731791031
757.1 0.451735864422
757.2 0.451739935937
757.3 0.451744005532
757.4 0.451748073163
757.5 0.451752138788
757.6 0.451756202362
757.7 0.45176026412
757.8 0.451764324098
757.9 0.451768382333
758.0 0.451772438868
758.1 0.451451207915
758.2 0.451129894132
758.3 0.450808497582
758.4 0.45048701833
758.5 0.450165456441
758.6 0.446042344785
758.7 0.441918659485
758.8 0.437794210503
758.9 0.43366882782
759.0 0.429542360786
759.1 0.412839541308
759.2 0.396136628397
759.3 0.379433571853
759.4 0.362730349854
759.5 0.346026966389
759.6 0.321623773777
759.7 0.297220766599
759.8 0.272818058588
759.9 0.248415781454
760.0 0.224014081188
760.1 0.211026828319
760.2 0.198039257894
760.3 0.185051463361
760.4 0.172063541034
760.5 0.159075588144
760.6 0.160464585576
760.7 0.161853275922
760.8 0.163241684674
760.9 0.16462984344
761.0 0.166017790191
761.1 0.179171236516
761.2 0.192322165009
761.3 0.205470634197
761.4 0.218616727714
761.5 0.231760556302
761.6 0.245551130277
761.7 0.259339190579
761.8 0.273124737396
761.9 0.286907770916
762.0 0.300688291295
762.1 0.298740953683
762.2 0.296793633378
762.3 0.294846330407
762.4 0.292899044798
762.5 0.290951776566
762.6 0.283537623863
762.7 0.27612354143
762.8 0.268709529373
762.9 0.261295587793
763.0 0.253881716812
763.1 0.253958526452
763.2 0.25403532475
763.3 0.254112111706
763.4 0.254188887321
763.5 0.254265651603
763.6 0.258417810872
763.7 0.262569450044
763.8 0.266720569131
763.9 0.270871168145
764.0 0.275021247097
764.1 0.280006107956
764.2 0.284990414324
764.3 0.289974166201
764.4 0.294957363586
764.5 0.299940006481
764.6 0.305847784301
764.7 0.311754904946
764.8 0.317661368416
764.9 0.323567174711
765.0 0.329472323829
765.1 0.334752501766
765.2 0.340032832547
765.3 0.345313316071
765.4 0.350593952236
765.5 0.355874740938
765.6 0.360045003406
765.7 0.364215385659
765.8 0.368385887616
765.9 0.372556509197
766.0 0.376727250321
766.1 0.380286468124
766.2 0.383844726693
766.3 0.387402026118
766.4 0.39095836649
766.5 0.394513747898
766.6 0.398253146347
766.7 0.401991536676
766.8 0.40572891898
766.9 0.409465293352
767.0 0.413200659886
767.1 0.415672425101
767.2 0.418143901447
767.3 0.420615088927
767.4 0.423085987547
767.5 0.42555659731
767.6 0.426918040198
767.7 0.428279322732
767.8 0.429640444916
767.9 0.431001406752
768.0 0.432362208241
768.1 0.433299833093
768.2 0.43423751194
768.3 0.435175244754
768.4 0.436113031504
768.5 0.437050872159
768.6 0.437710836123
768.7 0.43837036901
768.8 0.439029709661
768.9 0.439689080486
769.0 0.440348687336
769.1 0.440862783783
769.2 0.441377344129
769.3 0.44189252306
769.4 0.442408457986
769.5 0.442925268942
769.6 0.443627787916
769.7 0.444331341026
769.8 0.445035997076
769.9 0.445741807156
770.0 0.446448804493
770.1 0.446889843999
770.2 0.447332138814
770.3 0.447775665457
770.4 0.448220382121
770.5 0.44866622859
770.6 0.448836366007
770.7 0.449007593384
770.8 0.449179731608
770.9 0.449352587605
771.0 0.449525954313
771.1 0.449627137879
771.2 0.449728387966
771.3 0.449829455471
771.4 0.449930077367
771.5 0.450029976689
771.6 0.450036547332
771.7 0.45004282365
771.8 0.450048789627
771.9 0.450054433819
772.0 0.450059749363
772.1 0.450093347892
772.2 0.450126615309
772.3 0.450159558412
772.4 0.450192188576
772.5 0.450224521758
772.6 0.450256578492
772.7 0.450288383919
772.8 0.450319967743
772.9 0.450351364253
773.0 0.450382612322
773.1 0.450460488325
773.2 0.450538305085
773.3 0.450616115237
773.4 0.450693976037
773.5 0.450771949354
773.6 0.450758291032
773.7 0.450744990074
773.8 0.450731860998
773.9 0.450718732086
774.0 0.450705445387
774.1 0.45070486862
774.2 0.450703858876
774.3 0.450702299429
774.4 0.450700087291
774.5 0.450697133218
774.6 0.450693361707
774.7 0.450688710997
774.8 0.450683133067
774.9 0.450676593638
775.0 0.45066907217
775.1 0.450646253414
775.2 0.450622453997
775.3 0.450597694682
775.4 0.45057200996
775.5 0.45054544805
775.6 0.450518070886
775.7 0.450489954122
775.8 0.450461187118
775.9 0.450431872941
776.0 0.450402128357
776.1 0.450380640671
776.2 0.450358995868
776.3 0.450337351779
776.4 0.450315879928
776.5 0.45029476553
776.6 0.450274207484
776.7 0.45025364868
776.8 0.45023308912
776.9 0.450212528801
777.0 0.450191967727
777.1 0.450158901912
777.2 0.450125837215
777.3 0.450092773636
777.4 0.450059711176
777.5 0.450026649834
777.6 0.449993589611
777.7 0.449960530508
777.8 0.449927472523
777.9 0.449894415659
778.0 0.449861359914
778.1 0.449835432902
778.2 0.449809505993
778.3 0.449783579187
778.4 0.449757652483
778.5 0.449731725883
778.6 0.449705799387
778.7 0.449679872995
778.8 0.449653946707
778.9 0.449628020523
779.0 0.449602094445
779.1 0.449679801215
779.2 0.449757500564
779.3 0.449835192491
779.4 0.449912876995
779.5 0.449990554076
779.6 0.449976109892
779.7 0.449961664199
779.8 0.449947216996
779.9 0.449932768284
780.0 0.449918318063
780.1 0.449853492455
780.2 0.449788672071
780.3 0.449723856913
780.4 0.449659046981
780.5 0.449594242275
780.6 0.449529442795
780.7 0.449464648542
780.8 0.449399859514
780.9 0.449335075713
781.0 0.449270297139
781.1 0.449273975436
781.2 0.449277649732
781.3 0.449281320025
781.4 0.449284986318
781.5 0.449288648609
781.6 0.4492923069
781.7 0.449295961191
781.8 0.449299611483
781.9 0.449303257775
782.0 0.449306900069
782.1 0.449277033067
782.2 0.449247166434
782.3 0.449217300172
782.4 0.44918743428
782.5 0.449157568759
782.6 0.449127703608
782.7 0.44909783883
782.8 0.449067974422
782.9 0.449038110387
783.0 0.449008246725
783.1 0.44897913333
783.2 0.448950020474
783.3 0.448920908156
783.4 0.448891796376
783.5 0.448862685134
783.6 0.448833574432
783.7 0.448804464268
783.8 0.448775354644
783.9 0.44874624556
784.0 0.448717137016
784.1 0.448671764995
784.2 0.448626395341
784.3 0.44858102805
784.4 0.448535663126
784.5 0.448490300566
784.6 0.448444940373
784.7 0.448399582545
784.8 0.448354227084
784.9 0.448308873989
785.0 0.448263523261
785.1 0.44826316337
785.2 0.44826279955
785.3 0.448262431805
785.4 0.448262060133
785.5 0.448261684536
785.6 0.448261305013
785.7 0.448260921567
785.8 0.448260534195
785.9 0.448260142901
786.0 0.448259747684
786.1 0.448130804321
786.2 0.448001877744
786.3 0.447872967952
786.4 0.447744074944
786.5 0.44761519872
786.6 0.447578056094
786.7 0.447540915029
786.8 0.447503775524
786.9 0.44746663758
787.0 0.447429501198
787.1 0.447324540003
787.2 0.447219582849
787.3 0.447114629737
787.4 0.447009680669
787.5 0.446904735645
787.6 0.446891464711
787.7 0.446878192379
787.8 0.44686491865
787.9 0.446851643523
788.0 0.446838366998
788.1 0.44670226278
788.2 0.446566179357
788.3 0.446430116726
788.4 0.446294074886
788.5 0.446158053837
788.6 0.445930449129
788.7 0.44570288344
788.8 0.445475356767
788.9 0.445247869106
789.0 0.445020420456
789.1 0.444790350789
789.2 0.444560322948
789.3 0.44433033693
789.4 0.44410039273
789.5 0.443870490346
789.6 0.443823649833
789.7 0.4437768125
789.8 0.443729978345
789.9 0.443683147369
790.0 0.443636319572
790.1 0.443582699411
790.2 0.443529077775
790.3 0.443475454663
790.4 0.443421830078
790.5 0.443368204021
790.6 0.443314576493
790.7 0.443260947495
790.8 0.443207317028
790.9 0.443153685094
791.0 0.443100051694
791.1 0.443276383911
791.2 0.443452707893
791.3 0.443629023636
791.4 0.443805331136
791.5 0.443981630391
791.6 0.443975215547
791.7 0.443968797734
791.8 0.443962376951
791.9 0.4439559532
792.0 0.44394952648
792.1 0.443804161205
792.2 0.443658822046
792.3 0.443513508998
792.4 0.443368222061
792.5 0.443222961232
792.6 0.443260288406
792.7 0.443297597235
792.8 0.443334887721
792.9 0.443372159866
793.0 0.443409413674
793.1 0.443671673549
793.2 0.443933917095
793.3 0.444196144311
793.4 0.444458355191
793.5 0.444720549733
793.6 0.444982727933
793.7 0.445244889787
793.8 0.445507035292
793.9 0.445769164443
794.0 0.446031277237
794.1 0.445990198543
794.2 0.445949121774
794.3 0.445908046929
794.4 0.445866974009
794.5 0.445825903014
794.6 0.445693671401
794.7 0.445561458512
794.8 0.445429264343
794.9 0.445297088894
795.0 0.445164932165
795.1 0.444949628915
795.2 0.44473435382
795.3 0.444519106878
795.4 0.444303888089
795.5 0.444088697451
795.6 0.443600269911
795.7 0.443111911116
795.8 0.442623621064
795.9 0.442135399752
796.0 0.441647247177
796.1 0.44139420581
796.2 0.44114122763
796.3 0.44088831263
796.4 0.440635460806
796.5 0.440382672153
796.6 0.440675787855
796.7 0.440968791243
796.8 0.44126168233
796.9 0.441554461129
797.0 0.441847127649
797.1 0.442082497671
797.2 0.442317823303
797.3 0.442553104548
797.4 0.44278834141
797.5 0.443023533892
797.6 0.443076944121
797.7 0.443130340712
797.8 0.443183723664
797.9 0.44323709298
798.0 0.443290448661
798.1 0.443285936472
798.2 0.44328142196
798.3 0.443276905128
798.4 0.443272385973
798.5 0.443267864497
798.6 0.443263340701
798.7 0.443258814584
798.8 0.443254286146
798.9 0.443249755389
799.0 0.443245222313
799.1 0.443219708541
799.2 0.443194195038
799.3 0.443168681804
799.4 0.443143168841
799.5 0.443117656148
799.6 0.442910548584
799.7 0.442703462204
799.8 0.442496397005
799.9 0.442289352988
800.0 0.442082330154
800.1 0.441835235801
800.2 0.441588198905
800.3 0.441341219464
800.4 0.441094297471
800.5 0.440847432924
800.6 0.440782017594
800.7 0.440716605865
800.8 0.440651197735
800.9 0.440585793207
801.0 0.440520392279
801.1 0.440518389573
801.2 0.440516386172
801.3 0.440514382076
801.4 0.440512377285
801.5 0.440510371799
801.6 0.4405990052
801.7 0.440687637081
801.8 0.440776267441
801.9 0.440864896281
802.0 0.440953523599
802.1 0.440935096206
802.2 0.440916668711
802.3 0.440898241113
802.4 0.440879813412
802.5 0.440861385609
802.6 0.440842957704
802.7 0.440824529697
802.8 0.440806101589
802.9 0.440787673378
803.0 0.440769245067
803.1 0.440872355152
803.2 0.440975469016
803.3 0.441078586657
803.4 0.441181708075
803.5 0.441284833269
803.6 0.441297346767
803.7 0.441099488735
803.8 0.440901617411
803.9 0.440025834944
804.0 0.439150000766
804.1 0.43822089177
804.2 0.437291946082
804.3 0.436363163716
804.4 0.435434544685
804.5 0.43452945457
804.6 0.433802603347
804.7 0.433051787604
804.8 0.432300373122
804.9 0.431548360116
805.0 0.4307957488
805.1 0.430073102788
805.2 0.429349759071
805.3 0.4286257177
805.4 0.427900978727
805.5 0.427198990195
805.6 0.426321957492
805.7 0.425421515902
805.8 0.424521113421
805.9 0.423620750052
806.0 0.422720425798
806.1 0.421814460226
806.2 0.420908558029
806.3 0.420026162093
806.4 0.419143827863
806.5 0.418238114127
806.6 0.41733246377
806.7 0.416426876795
806.8 0.415521353203
806.9 0.414615892993
807.0 0.413710496169
807.1 0.412798030396
807.2 0.411885754464
807.3 0.410294218154
807.4 0.408703020838
807.5 0.406877920772
807.6 0.405053211143
807.7 0.403252310987
807.8 0.401451796137
807.9 0.399628252709
808.0 0.397805099741
808.1 0.395916129784
808.2 0.394028157383
808.3 0.392164574242
808.4 0.390301975372
808.5 0.38841698172
808.6 0.38653298499
808.7 0.384673350956
808.8 0.382814700565
808.9 0.380933680688
809.0 0.379053657099
809.1 0.377240635982
809.2 0.375428183525
809.3 0.373592964851
809.4 0.371758322716
809.5 0.369947584518
809.6 0.368212946241
809.7 0.366454836235
809.8 0.364696581808
809.9 0.362961514047
810.0 0.361226303779
810.1 0.359457624548
810.2 0.357688899805
810.3 0.355943462463
810.4 0.354197980217
810.5 0.352429119579
810.6 0.350516352864
810.7 0.348628307068
810.8 0.34674164876
810.9 0.344833081619
811.0 0.342925920649
811.1 0.340934752324
811.2 0.33894612944
811.3 0.336936814346
811.4 0.334930076816
811.5 0.33294911986
811.6 0.331038989449
811.7 0.329107490263
811.8 0.327177825532
811.9 0.325273150897
812.0 0.323370286095
812.1 0.321556913847
812.2 0.319744131539
812.3 0.317955071675
812.4 0.31616659409
812.5 0.31435557429
812.6 0.312092555615
812.7 0.309858232463
812.8 0.307629480901
812.9 0.305383326609
813.0 0.303142820029
813.1 0.300441293728
813.2 0.297750948438
813.3 0.295094501285
813.4 0.292449085984
813.5 0.289792127889
813.6 0.287695614497
813.7 0.285626189002
813.8 0.283561277752
813.9 0.281478426478
814.0 0.279400147812
814.1 0.277552170629
814.2 0.275706191384
814.3 0.273839826842
814.4 0.271975487629
814.5 0.270135530682
814.6 0.267895585824
814.7 0.265640365959
814.8 0.263392228657
814.9 0.261173343856
815.0 0.258961449598
815.1 0.256651963245
815.2 0.254350764614
815.3 0.252079812264
815.4 0.249817036592
815.5 0.247540583993
815.6 0.245326212634
815.7 0.243141141533
815.8 0.240963517222
815.9 0.238771683
816.0 0.236587391185
816.1 0.234636589955
816.2 0.232690391506
816.3 0.23072727984
816.4 0.228768829766
816.5 0.226836494635
816.6 0.225911919721
816.7 0.224955867775
816.8 0.22398979554
816.9 0.223035420508
817.0 0.222071160363
817.1 0.220423359191
817.2 0.218775445171
817.3 0.217149200753
817.4 0.215522844979
817.5 0.213874593925
817.6 0.21138849493
817.7 0.208936910823
817.8 0.206498059002
817.9 0.204050497906
818.0 0.201615842297
818.1 0.200608380276
818.2 0.199590857516
818.3 0.198584830489
818.4 0.197568877433
818.5 0.196521313644
818.6 0.195334931632
818.7 0.194162477704
818.8 0.192982266811
818.9 0.191772408387
819.0 0.190554692785
819.1 0.188948908791
819.2 0.187342427948
819.3 0.185713293158
819.4 0.184083452274
819.5 0.182474871712
819.6 0.180826284311
819.7 0.179155750791
819.8 0.177485237554
819.9 0.175836710466
820.0 0.174188203404
820.1 0.173423908155
820.2 0.172642147548
820.3 0.171865231546
820.4 0.171071077698
820.5 0.170237142525
820.6 0.169171504453
820.7 0.168115452221
820.8 0.167046442722
820.9 0.165941586351
821.0 0.164823597214
821.1 0.163025611039
821.2 0.161229211926
821.3 0.159411456199
821.4 0.157595308268
821.5 0.155803690375
821.6 0.153724762861
821.7 0.151631077459
821.8 0.14954555557
821.9 0.147490904547
822.0 0.145444307991
822.1 0.142522285328
822.2 0.139628829672
822.3 0.136786035167
822.4 0.133971442986
822.5 0.131163351383
822.6 0.128013379452
822.7 0.124922595655
822.8 0.121869300468
822.9 0.118832800382
823.0 0.115834310265
823.1 0.11488778219
823.2 0.113924655427
823.3 0.112965709972
823.4 0.111990388839
823.5 0.110977700131
823.6 0.110670131467
823.7 0.110346332526
823.8 0.109985314869
823.9 0.109565101334
824.0 0.109107187271
824.1 0.107901985037
824.2 0.106682445168
824.3 0.105426050168
824.4 0.104155125939
824.5 0.102892380829
824.6 0.101296086987
824.7 0.0996734407564
824.8 0.0980471506312
824.9 0.096440021019
825.0 0.0948292953835
825.1 0.0930030754548
825.2 0.0911802443466
825.3 0.0893835640675
825.4 0.0875902292812
825.5 0.0857775241969
825.6 0.0839682108231
825.7 0.0821849615973
825.8 0.0804050607285
825.9 0.0786058820222
826.0 0.0768100979166
826.1 0.0753026937086
826.2 0.0737867931187
826.3 0.0722396228966
826.4 0.0706838450174
826.5 0.0691423476371
826.6 0.0674797504963
826.7 0.0657914788797
826.8 0.0641004203344
826.9 0.0624295356455
827.0 0.0607559012564
827.1 0.0587102048611
827.2 0.0566822719669
827.3 0.0546947274179
827.4 0.0527247047057
827.5 0.0507498033457
827.6 0.0488972187943
827.7 0.0470773602618
827.8 0.0452678290477
827.9 0.0434465012209
828.0 0.0416356330543
828.1 0.0408812235042
828.2 0.0401233953766
828.3 0.0393621476878
828.4 0.0385974794544
