speclite/data/filters/lsst2016-y.ecsv
# %ECSV 0.9
# ---
# datatype:
# - {name: wavelength, unit: nm, datatype: float64}
# - {name: response, datatype: float64}
# meta: !!omap
# - {url: 'https://github.com/lsst/throughputs'}
# - {band_name: y}
# - {airmass: 1.2}
# - {description: 'LSST y-band throughput from tag 12.0 of
# 
#     https://github.com/lsst/throughputs/tree/master/baseline.
# 
#     Throughputs include the airmass 1.2 reference atmosphere tabulated in
# 
#     https://github.com/lsst/throughputs/blob/master/baseline/atmos_std.dat'}
# - {group_name: lsst}
wavelength response
[from data line 1482]
1056.5 0.0192355497372
1056.6 0.019174431572
1056.7 0.0191133354298
1056.8 0.0190522613116
1056.9 0.0189912092187
1057.0 0.0189301791522
1057.1 0.018875427159
1057.2 0.0188206594564
1057.3 0.0187658760427
1057.4 0.0187110769164
1057.5 0.0186562620759
1057.6 0.0185976622327
1057.7 0.0185390688998
1057.8 0.0184804820851
1057.9 0.0184219017966
1058.0 0.0183633280424
1058.1 0.0183065327829
1058.2 0.0182497337655
1058.3 0.0181929309908
1058.4 0.0181361244592
1058.5 0.0180793141714
1058.6 0.0180225001279
1058.7 0.0179656823292
1058.8 0.0179088607758
1058.9 0.0178520354683
1059.0 0.0177952064072
1059.1 0.0177369398389
1059.2 0.0176786778344
1059.3 0.0176204204036
1059.4 0.0175621675563
1059.5 0.0175039193025
1059.6 0.0174492186406
1059.7 0.0173945003712
1059.8 0.0173397644936
1059.9 0.0172850110068
1060.0 0.0172302399101
1060.1 0.0171732893798
1060.2 0.0171163355487
1060.3 0.0170593784173
1060.4 0.0170024179865
1060.5 0.0169454542568
1060.6 0.0168850580944
1060.7 0.0168246817697
1060.8 0.0167643252852
1060.9 0.0167039886437
1061.0 0.0166436718477
1061.1 0.0165867545085
1061.2 0.0165298338654
1061.3 0.0164729099187
1061.4 0.0164159826684
1061.5 0.0163590521148
1061.6 0.0163021182581
1061.7 0.0162451810986
1061.8 0.0161882406363
1061.9 0.0161312968715
1062.0 0.0160743498045
1062.1 0.0160148494451
1062.2 0.015955363636
1062.3 0.0158958923819
1062.4 0.0158364356876
1062.5 0.015776993558
1062.6 0.0157207645256
1062.7 0.0156645271835
1062.8 0.0156082815313
1062.9 0.0155520275688
1063.0 0.0154957652957
1063.1 0.0154398954921
1063.2 0.0153840144575
1063.3 0.0153281221911
1063.4 0.0152722186918
1063.5 0.0152163039587
1063.6 0.0151572934786
1063.7 0.0150982945247
1063.8 0.0150393071029
1063.9 0.014980331219
1064.0 0.0149213668791
1064.1 0.0148644117293
1064.2 0.0148074532162
1064.3 0.01475049134
1064.4 0.0146935261006
1064.5 0.0146365574982
1064.6 0.0145795855328
1064.7 0.0145226102046
1064.8 0.0144656315135
1064.9 0.0144086494597
1065.0 0.0143516640433
1065.1 0.0142949644674
1065.2 0.0142382592032
1065.3 0.0141815482505
1065.4 0.0141248316097
1065.5 0.0140681092808
1065.6 0.0140113812638
1065.7 0.0139546475589
1065.8 0.0138979081662
1065.9 0.0138411630859
1066.0 0.0137844123179
1066.1 0.0137279650711
1066.2 0.0136715095973
1066.3 0.013615045896
1066.4 0.0135585739667
1066.5 0.013502093809
1066.6 0.0134456054223
1066.7 0.0133891088061
1066.8 0.01333260396
1066.9 0.0132760908835
1067.0 0.0132195695761
1067.1 0.0132207301771
1067.2 0.0132218908557
1067.3 0.0132230516119
1067.4 0.0132242124458
1067.5 0.0132253733574
1067.6 0.0132265343467
1067.7 0.0132276954136
1067.8 0.0132288565582
1067.9 0.0132300177806
1068.0 0.0132311790805
1068.1 0.0131767675326
1068.2 0.0131223289463
1068.3 0.0130678633194
1068.4 0.0130133706496
1068.5 0.0129588509347
1068.6 0.0129043041724
1068.7 0.0128497303605
1068.8 0.0127951294969
1068.9 0.0127405015791
1069.0 0.0126858466051
1069.1 0.0126296652846
1069.2 0.0125734705551
1069.3 0.012517262415
1069.4 0.0124610408625
1069.5 0.0124048058959
1069.6 0.0123510673831
1069.7 0.0122972925823
1069.8 0.0122434814837
1069.9 0.0121896340774
1070.0 0.0121357503535
1070.1 0.0121138471201
1070.2 0.0120919368974
1070.3 0.0120700196878
1070.4 0.0120480954939
1070.5 0.0120261643183
1070.6 0.0120042261634
1070.7 0.0119822810319
1070.8 0.0119603289261
1070.9 0.0119383698488
1071.0 0.0119164038023
1071.1 0.0118367267934
1071.2 0.0117572669894
1071.3 0.0116780244223
1071.4 0.0115989991245
1071.5 0.0115201911282
1071.6 0.0114416004657
1071.7 0.011363844367
1071.8 0.011286299645
1071.9 0.0112083551554
1072.0 0.0111306281279
1072.1 0.0110530760524
1072.2 0.0109757420768
1072.3 0.0108986262314
1072.4 0.0108217285464
1072.5 0.010745049052
1072.6 0.0106707495997
1072.7 0.0105966374995
1072.8 0.0105227129144
1072.9 0.0104489760073
1073.0 0.0103754269411
1073.1 0.0103029431313
1073.2 0.0102306350254
1073.3 0.0101585028346
1073.4 0.01008654677
1073.5 0.0100040451986
1073.6 0.00991982298224
1073.7 0.00982587008389
1073.8 0.00973234421387
1073.9 0.00963869315345
1074.0 0.00954547543016
1074.1 0.00949838236941
1074.2 0.0094513404405
1074.3 0.00940489803303
1074.4 0.00935850607482
1074.5 0.00931161685497
1074.6 0.00927230040196
1074.7 0.00923296822657
1074.8 0.00919362033022
1074.9 0.0091548048406
1075.0 0.00911597384091
1075.1 0.00903002111615
1075.2 0.00894441270763
1075.3 0.00885914945995
1075.4 0.00877423221774
1075.5 0.00869019647535
1075.6 0.00860302770427
1075.7 0.00851574472229
1075.8 0.00842888247066
1075.9 0.00834244124091
1076.0 0.00825642132467
1076.1 0.00821973590546
1076.2 0.00818303391519
1076.3 0.00814579508589
1076.4 0.008108539454
1076.5 0.00807126701689
1076.6 0.00802911360788
1076.7 0.00798750865017
1076.8 0.00794593167948
1076.9 0.00790386304014
1077.0 0.00786182284783
1077.1 0.00777215258948
1077.2 0.00768304761769
1077.3 0.00759399771919
1077.4 0.00750551803601
1077.5 0.00741760763116
1077.6 0.00733771199764
1077.7 0.00725871320853
1077.8 0.0071801092292
1077.9 0.00710140953346
1078.0 0.00702311137047
1078.1 0.00694738222205
1078.2 0.00687200656997
1078.3 0.00679746521065
1078.4 0.00672327362771
1078.5 0.00664895827729
1078.6 0.00657235314875
1078.7 0.00649617354161
1078.8 0.00642041696729
1078.9 0.0063455438954
1079.0 0.00627108392919
1079.1 0.00623774496276
1079.2 0.00620438756508
1079.3 0.00617101022865
1079.4 0.00613761166815
1079.5 0.00610465091872
1079.6 0.00606676573544
1079.7 0.00602845068412
1079.8 0.00599016547953
1079.9 0.00595190993078
1080.0 0.00591368403872
1080.1 0.005836873022
1080.2 0.0057605935348
1080.3 0.00568439685911
1080.4 0.00560873832769
1080.5 0.00553361811816
1080.6 0.00546347974432
1080.7 0.00539420267954
1080.8 0.00532534582311
1080.9 0.00525648016686
1081.0 0.00518804293661
1081.1 0.00511927034269
1081.2 0.00505095478297
1081.3 0.0049826797895
1081.4 0.00491487084644
1081.5 0.0048475295608
1081.6 0.00478356773911
1081.7 0.00472039291853
1081.8 0.00465759481772
1081.9 0.00459477446113
1082.0 0.00453233922333
1082.1 0.00450477789493
1082.2 0.00447718526084
1082.3 0.00444995990111
1082.4 0.00442270458196
1082.5 0.0043950212644
1082.6 0.0043620187301
1082.7 0.00432905977444
1082.8 0.00429614422186
1082.9 0.00426366930468
1083.0 0.00423123701409
1083.1 0.00416558765067
1083.2 0.00410050287697
1083.3 0.0040359815163
1083.4 0.00397202242969
1083.5 0.00390900469215
1083.6 0.0038520222907
1083.7 0.00379504382769
1083.8 0.00373845214566
1083.9 0.0036822496542
1084.0 0.00362643852253
1084.1 0.00360146455804
1084.2 0.00357646110666
1084.3 0.00355106233292
1084.4 0.00352563511371
1084.5 0.00350017993659
1084.6 0.00347188531843
1084.7 0.00344397681609
1084.8 0.00341608788339
1084.9 0.00338785216536
1085.0 0.00335963687861
1085.1 0.00330130977004
1085.2 0.00324355094463
1085.3 0.00318671539385
1085.4 0.00313043819357
1085.5 0.00307436783196
1085.6 0.00301516623444
1085.7 0.00295699189179
1085.8 0.00289949104184
1085.9 0.00284232492598
1086.0 0.00278583169735
1086.1 0.00273484524236
1086.2 0.00268434970895
1086.3 0.00263466488559
1086.4 0.00258546106204
1086.5 0.00253642104613
1086.6 0.0024940290536
1086.7 0.00245189118102
1086.8 0.0024100102348
1086.9 0.00236869489648
1087.0 0.00232763729426
1087.1 0.00230924441075
1087.2 0.0022907657423
1087.3 0.00227220127475
1087.4 0.00225355099391
1087.5 0.00223512123446
1087.6 0.00221391944514
1087.7 0.00219238096802
1087.8 0.00217081214717
1087.9 0.00214921297783
1088.0 0.00212758345517
1088.1 0.00208266697471
1088.2 0.00203825194941
1088.3 0.00199403999152
1088.4 0.00195033449331
1088.5 0.00190713471905
1088.6 0.00186330699384
1088.7 0.00182031787333
1088.8 0.0017778746042
1088.9 0.00173569797549
1089.0 0.00169407084675
1089.1 0.00165392335988
1089.2 0.00161427887564
1089.3 0.00157540126838
1089.4 0.00153701864835
1089.5 0.00149887192367
1089.6 0.00146152366534
1089.7 0.00142465953631
1089.8 0.0013882790048
1089.9 0.00135262729253
1090.0 0.00131745185645
1090.1 0.00129838582073
1090.2 0.00127934421542
1090.3 0.00126056917473
1090.4 0.0012418182328
1090.5 0.0012228495729
1090.6 0.00120662629875
1090.7 0.00119034521884
1090.8 0.00117400634311
1090.9 0.00115785303017
1091.0 0.00114164270874
1091.1 0.00111047880422
1091.2 0.00107970542297
1091.3 0.00104932399141
1091.4 0.00101933593608
1091.5 0.000989972375644
1091.6 0.000957692307774
1091.7 0.000925784932516
1091.8 0.000894476636879
1091.9 0.000863764115567
1092.0 0.000833644062934
1092.1 0.000804429550529
1092.2 0.000775786896936
1092.3 0.000747511670613
1092.4 0.000719809015
1092.5 0.000692675780592
1092.6 0.00066832502575
1092.7 0.000644562925325
1092.8 0.000621196395046
1092.9 0.000598043590383
1093.0 0.000575294652338
1093.1 0.00055361041888
1093.2 0.000532279463264
1093.3 0.000511477149422
1093.4 0.000491028632662
1093.5 0.000470769676236
1093.6 0.000449956431557
1093.7 0.000429594233266
1093.8 0.000409683239693
1093.9 0.000390378644372
1094.0 0.000371519525824
1094.1 0.000352258440074
1094.2 0.000333521067594
1094.3 0.000315446946937
1094.4 0.000297884862725
1094.5 0.000280696758001
1094.6 0.000264513020965
1094.7 0.000248781865374
1094.8 0.00023350325714
1094.9 0.000218800638834
1095.0 0.000204544470397
1095.1 0.0001999408614
1095.2 0.000195338439142
1095.3 0.000190737204049
1095.4 0.000186137156546
1095.5 0.000181538297059
1095.6 0.000176794514844
1095.7 0.000172179607191
1095.8 0.000167573192702
1095.9 0.000162855350529
1096.0 0.00015814623606
1096.1 0.000150004740577
1096.2 0.000142063513136
1096.3 0.000134435076757
1096.4 0.000127003536533
1096.5 0.000119664295496
1096.6 0.000112506760643
1096.7 0.000105558109727
1096.8 9.88193450654e-05
1096.9 9.22914690361e-05
1097.0 8.59754840809e-05
1097.1 7.96862794585e-05
1097.2 7.36457601581e-05
1097.3 6.77709201698e-05
1097.4 6.21484206376e-05
1097.5 5.67768723556e-05
1097.6 5.16868977826e-05
1097.7 4.69082500525e-05
1097.8 4.23646939232e-05
1097.9 3.79923942427e-05
1098.0 3.38594768379e-05
1098.1 2.9993582857e-05
1098.2 2.63582358632e-05
1098.3 2.29531326315e-05
1098.4 1.97779699681e-05
1098.5 1.9042441237e-05
1098.6 1.72424694405e-05
1098.7 1.47056390981e-05
1098.8 1.18445992454e-05
1098.9 8.98123489866e-06
1099.0 6.36484673379e-06
1099.1 4.187929367e-06
1099.2 2.48431119723e-06
1099.3 1.24364572984e-06
1099.4 4.436272844e-07
1099.5 1.48974288314e-07
1099.6 0.0
