speclite/data/filters/lsst2016-z.ecsv
# %ECSV 0.9
# ---
# datatype:
# - {name: wavelength, unit: nm, datatype: float64}
# - {name: response, datatype: float64}
# meta: !!omap
# - {url: 'https://github.com/lsst/throughputs'}
# - {band_name: z}
# - {airmass: 1.2}
# - {description: 'LSST z-band throughput from tag 12.0 of
# 
#     https://github.com/lsst/throughputs
# 
#     Throughputs include the airmass 1.2 reference atmosphere tabulated in
# 
#     https://github.com/lsst/throughputs/blob/12.0/baseline/atmos_std.dat
#
#     More specifically, this is file (with zeros trimmed):
#
#     https://github.com/lsst/throughputs/blob/12.0/baseline/total_z.dat'}
# - {group_name: lsst}
wavelength response
802.9 0.0
803.0 1.0146144836e-12
803.1 0.000887349020919
803.2 0.00177511311779
803.3 0.00263993010121
803.4 0.00350515128339
803.5 0.00439414982382
803.6 0.00528247883411
803.7 0.00614748373462
803.8 0.0070125376547
803.9 0.00790101637435
804.0 0.0087895454225
804.1 0.00965357522509
804.2 0.0105174439207
804.3 0.0114045214178
804.4 0.0122914334294
804.5 0.0131548143755
804.6 0.0140237910575
804.7 0.0149166958488
804.8 0.0158101629653
804.9 0.0167041921903
805.0 0.0175987833071
805.1 0.0184718387653
805.2 0.0193455651872
805.3 0.0202433923752
805.4 0.0211419085687
805.5 0.0220176657232
805.6 0.0228847338319
805.7 0.0237752103805
805.8 0.0246656473731
805.9 0.0255325988945
806.0 0.0263995118951
806.1 0.0272894637463
806.2 0.0281793520536
806.3 0.0290691768162
806.4 0.0299589380329
806.5 0.0308251944903
806.6 0.031691389072
806.7 0.0325809613174
806.8 0.0334704700131
806.9 0.0343364772897
807.0 0.0352024226867
807.1 0.0360890699307
807.2 0.036975521707
807.3 0.0378383486946
807.4 0.0387009853517
807.5 0.0395868558507
807.6 0.0404725308706
807.7 0.0413345913766
807.8 0.0421964615411
807.9 0.0430815552499
808.0 0.0439664534694
808.1 0.0457096359368
808.2 0.047451846984
808.3 0.0491930867682
808.4 0.0509333554463
808.5 0.0526726531753
808.6 0.0544109801122
808.7 0.0561483364142
808.8 0.0578847222382
808.9 0.0596434907134
809.0 0.061401276066
809.1 0.0631418798571
809.2 0.0648819066417
809.3 0.0666213563203
809.4 0.0683602287935
809.5 0.0700985239621
809.6 0.071850980389
809.7 0.0736035783269
809.8 0.0753563177634
809.9 0.0771091986863
810.0 0.0788622210834
810.1 0.0806131437656
810.2 0.0823641106556
810.3 0.0841151217448
810.4 0.0858661770248
810.5 0.0876406099827
810.6 0.0893784045924
810.7 0.091091472999
810.8 0.0928031486356
810.9 0.0945134314393
811.0 0.0962223213472
811.1 0.0978986078128
811.2 0.0995724016396
811.3 0.101243703458
811.4 0.1029125139
811.5 0.104578833595
811.6 0.106264582436
811.7 0.107948554881
811.8 0.109630751342
811.9 0.111311172236
812.0 0.112989817976
812.1 0.114729359448
812.2 0.116468303777
812.3 0.118183518459
812.4 0.119898143658
812.5 0.121612179287
812.6 0.123147040368
812.7 0.124676276086
812.8 0.126199885794
812.9 0.127717868843
813.0 0.129230224582
813.1 0.130534196799
813.2 0.131827272336
813.3 0.13310945285
813.4 0.134380739993
813.5 0.13564113542
813.6 0.137152493233
813.7 0.138659391354
813.8 0.140161830443
813.9 0.141682264767
814.0 0.143198181699
814.1 0.144793263987
814.2 0.146386325501
814.3 0.147977365971
814.4 0.149566385123
814.5 0.151153382685
814.6 0.152509512386
814.7 0.153858579381
814.8 0.15520058278
814.9 0.156535521688
815.0 0.157863395213
815.1 0.159133044454
815.2 0.160394640039
815.3 0.161648183475
815.4 0.162893676266
815.5 0.164152972015
815.6 0.165440392952
815.7 0.166698628219
815.8 0.167949531283
815.9 0.169193103511
816.0 0.170429346274
816.1 0.171807923297
816.2 0.173181978422
816.3 0.174551512624
816.4 0.175916526875
816.5 0.177277022151
816.6 0.17942975678
816.7 0.181592181503
816.8 0.183764293889
816.9 0.185946091505
817.0 0.188137571915
817.1 0.189799323323
817.2 0.191461187086
817.3 0.193101380752
817.4 0.194741685279
817.5 0.196382100659
817.6 0.197240958628
817.7 0.198086975042
817.8 0.198920148584
817.9 0.199740477935
818.0 0.20054796178
818.1 0.202772140042
818.2 0.205006113344
818.3 0.207249880081
818.4 0.209503438648
818.5 0.211766787439
818.6 0.213898923581
818.7 0.216038712431
818.8 0.218186152725
818.9 0.22036313503
819.0 0.222547868985
819.1 0.224241026966
819.2 0.225934880299
819.3 0.227629428967
819.4 0.229324672952
819.5 0.231020612234
819.6 0.232666667087
819.7 0.234312701536
819.8 0.235958715575
819.9 0.2376047092
820.0 0.23925068241
820.1 0.24216195579
820.2 0.245090587974
820.3 0.24803658044
820.4 0.250999934666
820.5 0.254003194123
820.6 0.256698976265
820.7 0.259385265363
820.8 0.262084604517
820.9 0.264796994832
821.0 0.267522437413
821.1 0.269122008142
821.2 0.270720006477
821.3 0.272316432594
821.4 0.273911286669
821.5 0.275504568877
821.6 0.276576507301
821.7 0.277640472712
821.8 0.278696466125
821.9 0.279744488554
822.0 0.280784541009
822.1 0.28014705203
822.2 0.279480423915
822.3 0.278762562551
822.4 0.278015926805
822.5 0.277240509856
822.6 0.275638597465
822.7 0.273998448226
822.8 0.272320053115
822.9 0.270603403107
823.0 0.268848489191
823.1 0.271820216244
823.2 0.27480809481
823.3 0.277812122139
823.4 0.280832295481
823.5 0.28386861209
823.6 0.288804435212
823.7 0.293776964362
823.8 0.298786193324
823.9 0.303854099253
824.0 0.308959186782
824.1 0.311962432641
824.2 0.314980031474
824.3 0.31801198346
824.4 0.321058288779
824.5 0.324118947608
824.6 0.326166125702
824.7 0.328216903212
824.8 0.330271280179
824.9 0.332329256644
825.0 0.334390832647
825.1 0.335773486993
825.2 0.337152737601
825.3 0.338528583757
825.4 0.339901024749
825.5 0.34129277637
825.6 0.342681076613
825.7 0.344043253042
825.8 0.34540202145
825.9 0.346757381125
826.0 0.348109331358
826.1 0.350679863129
826.2 0.353258815589
826.3 0.35584618783
826.4 0.358441978944
826.5 0.361046188022
826.6 0.363052968569
826.7 0.365062474285
826.8 0.367074704864
826.9 0.36908966
827.0 0.371107339384
827.1 0.370962532755
827.2 0.370800320082
827.3 0.370598076525
827.4 0.370378668598
827.5 0.370142100588
827.6 0.370681107973
827.7 0.371209993912
827.8 0.371728760904
827.9 0.372237411447
828.0 0.372735948043
828.1 0.375157044028
828.2 0.377585065111
828.3 0.38002001323
828.4 0.38246189032
828.5 0.384910698317
828.6 0.386620547431
828.7 0.388130183015
828.8 0.389640114195
828.9 0.390526283442
829.0 0.39141262261
829.1 0.392539875217
829.2 0.393668341576
829.3 0.394820362895
829.4 0.395973631592
829.5 0.397105771352
829.6 0.398748706391
829.7 0.400417353332
829.8 0.402089335291
829.9 0.403742092123
830.0 0.405398090494
830.1 0.406485824186
830.2 0.407574573889
830.3 0.408664339913
830.4 0.409755122564
830.5 0.410824253487
830.6 0.412501762022
830.7 0.414205669719
830.8 0.415913309292
830.9 0.417601828634
831.0 0.419293990141
831.1 0.420105918304
831.2 0.420917588793
831.3 0.421706111313
831.4 0.422494382318
831.5 0.423305285552
831.6 0.42314074777
831.7 0.422949044325
831.8 0.422753058172
831.9 0.422575449057
832.0 0.42239344382
832.1 0.423961146456
832.2 0.425531698056
832.3 0.426446266116
832.4 0.427361487699
832.5 0.428072216334
832.6 0.429052422511
832.7 0.430032590887
832.8 0.431012721454
832.9 0.431992814207
833.0 0.432972869135
833.1 0.432815421433
833.2 0.432657954742
833.3 0.432500469062
833.4 0.432342964396
833.5 0.432185440742
833.6 0.432298001078
833.7 0.432410914263
833.8 0.432524002637
833.9 0.432637101541
834.0 0.43275005933
834.1 0.433456831317
834.2 0.434163146902
834.3 0.43486889142
834.4 0.43557396275
834.5 0.43627827142
834.6 0.436532448372
834.7 0.43678575558
834.8 0.437038144947
834.9 0.437289581595
835.0 0.437540043909
835.1 0.437357736704
835.2 0.437174479962
835.3 0.436990294839
835.4 0.436805215769
835.5 0.436619290442
835.6 0.436612255597
835.7 0.436604503139
835.8 0.43659611957
835.9 0.436587204693
836.0 0.436577871614
836.1 0.436725913412
836.2 0.436873778553
836.3 0.437021620044
836.4 0.437169604427
836.5 0.437317911806
836.6 0.437466916371
836.7 0.437616012903
836.8 0.437765141464
836.9 0.437914246484
837.0 0.438063276765
837.1 0.438162627856
837.2 0.438261841492
837.3 0.438360879702
837.4 0.438459708939
837.5 0.438558300078
837.6 0.438566850141
837.7 0.438575113762
837.8 0.438583075317
837.9 0.438590723639
838.0 0.438598052018
838.1 0.438729181666
838.2 0.438859955536
838.3 0.438990380031
838.4 0.439120466029
838.5 0.439250228885
838.6 0.439289782916
838.7 0.439328961926
838.8 0.439367855129
838.9 0.439406551776
839.0 0.439445141154
839.1 0.4394362807
839.2 0.439427509001
839.3 0.439418915396
839.4 0.439410589218
839.5 0.439402619801
839.6 0.439484768945
839.7 0.439567199946
839.8 0.439649928614
839.9 0.439732966302
840.0 0.439816319898
840.1 0.439701335135
840.2 0.439586680486
840.3 0.439472349006
840.4 0.439358329295
840.5 0.439244605492
840.6 0.439131157293
840.7 0.439017959968
840.8 0.438904984334
840.9 0.438792196777
841.0 0.438679559251
841.1 0.438749531437
841.2 0.438819546727
841.3 0.438889553831
841.4 0.438959496959
841.5 0.439029315822
841.6 0.439098945822
841.7 0.439168568092
841.8 0.439238182567
841.9 0.439307789183
842.0 0.439377387886
842.1 0.439502825304
842.2 0.439628274699
842.3 0.439753736027
842.4 0.439879209252
842.5 0.440004694337
842.6 0.440040569754
842.7 0.44007644223
842.8 0.440112311807
842.9 0.440148178526
843.0 0.440184042431
843.1 0.440093815421
843.2 0.440003587492
843.3 0.43991335869
843.4 0.439823129064
843.5 0.439732898665
843.6 0.439820877897
843.7 0.439908155137
843.8 0.439995092349
843.9 0.440082024957
844.0 0.440169261817
844.1 0.440139291903
844.2 0.440110166398
844.3 0.44008211343
844.4 0.440055334235
844.5 0.440030003168
844.6 0.440095881787
844.7 0.440163467188
844.8 0.440232854234
844.9 0.440304110982
845.0 0.440377278676
845.1 0.440446497951
845.2 0.440517627089
845.3 0.440590626668
845.4 0.440665430363
845.5 0.440741944919
845.6 0.440730471
845.7 0.440720445098
845.8 0.440711692257
845.9 0.440704010663
846.0 0.440697171645
846.1 0.440575915615
846.2 0.440454975306
846.3 0.440334041494
846.4 0.440212778461
846.5 0.440090824026
846.6 0.440146856665
846.7 0.440202872232
846.8 0.440258870675
846.9 0.440314851945
847.0 0.440370815992
847.1 0.440406758222
847.2 0.440442701329
847.3 0.44047864527
847.4 0.440514590003
847.5 0.440550535485
847.6 0.440496931575
847.7 0.440443313988
847.8 0.440389682758
847.9 0.44033603792
848.0 0.440282379516
848.1 0.440318175056
848.2 0.440353971618
848.3 0.44038976926
848.4 0.440425568044
848.5 0.440461368036
848.6 0.440498260011
848.7 0.440535854443
848.8 0.440573788758
848.9 0.440611727151
849.0 0.440649360588
849.1 0.440634946279
849.2 0.440619686328
849.3 0.440603352462
849.4 0.440585743324
849.5 0.440566684469
849.6 0.44054602836
849.7 0.440523654367
849.8 0.440499468761
849.9 0.440473404709
850.0 0.44044542227
850.1 0.440465071991
850.2 0.440482794986
850.3 0.440498631302
850.4 0.440512647869
850.5 0.440524938511
850.6 0.440535623941
850.7 0.440544851766
850.8 0.440552796485
850.9 0.440559659493
851.0 0.440565669079
851.1 0.44052186488
851.2 0.440477736855
851.3 0.440433593978
851.4 0.440389771975
851.5 0.440346633306
851.6 0.440483954025
851.7 0.440621295762
851.8 0.440758658452
851.9 0.440896042033
852.0 0.441033446449
852.1 0.44104964513
852.2 0.441065833933
852.3 0.441082012817
852.4 0.441098181742
852.5 0.441114340674
852.6 0.44122024126
852.7 0.441326138228
852.8 0.441432031615
852.9 0.441537921453
853.0 0.441643807777
853.1 0.441648505619
853.2 0.441653197653
853.3 0.441657883926
853.4 0.441662564486
853.5 0.441667239384
853.6 0.44158104433
853.7 0.44149413931
853.8 0.441406888287
853.9 0.441319628034
854.0 0.441232668159
854.1 0.441242524853
854.2 0.441253217495
854.3 0.441264975055
854.4 0.441277999617
854.5 0.441292466381
854.6 0.441398311525
854.7 0.441505875352
854.8 0.441615253478
854.9 0.441726514665
855.0 0.441839700796
855.1 0.441942142646
855.2 0.442046525414
855.3 0.442152809971
855.4 0.442260930178
855.5 0.442370792843
855.6 0.442482277933
855.7 0.442595238297
855.8 0.442709499403
855.9 0.442824859534
856.0 0.44294108976
856.1 0.442902562102
856.2 0.442864332008
856.3 0.442826088675
856.4 0.442787494418
856.5 0.442748184678
856.6 0.442707768041
856.7 0.442667341075
856.8 0.442626903729
856.9 0.442586455956
857.0 0.442545997713
857.1 0.442560888947
857.2 0.442575771902
857.3 0.442590646533
857.4 0.442605512796
857.5 0.442620370648
857.6 0.44272518655
857.7 0.442830000257
857.8 0.442934811797
857.9 0.443039621198
858.0 0.443144428497
858.1 0.443152891519
858.2 0.443161345799
858.3 0.443169791394
858.4 0.443178228365
858.5 0.443186656777
858.6 0.443196174086
858.7 0.443206388195
858.8 0.443216934224
858.9 0.443227474309
859.0 0.443237697597
859.1 0.443273778734
859.2 0.443309003814
859.3 0.443343142852
859.4 0.443375992842
859.5 0.443407377774
859.6 0.443437148642
859.7 0.443465183457
859.8 0.443491387261
859.9 0.443515692132
860.0 0.443538057201
860.1 0.443518514561
860.2 0.443497031812
860.3 0.443473649786
860.4 0.443448436369
860.5 0.443421486484
860.6 0.443392922092
860.7 0.44336289217
860.8 0.443331572711
860.9 0.443299166706
861.0 0.44326590413
861.1 0.443258622335
861.2 0.443251023562
861.3 0.443243418679
861.4 0.443236145582
861.5 0.44322956919
861.6 0.443224081653
861.7 0.443218585414
861.8 0.443213080407
861.9 0.443207566568
862.0 0.44320204384
862.1 0.443272918435
862.2 0.443343777026
862.3 0.443414619564
862.4 0.443485446009
862.5 0.443556256322
862.6 0.443537083313
862.7 0.443517901757
862.8 0.443498711696
862.9 0.443479513174
863.0 0.443460306233
863.1 0.443484506454
863.2 0.443508696686
863.3 0.443532876974
863.4 0.443557047363
863.5 0.443581207902
863.6 0.44360426
863.7 0.443626595901
863.8 0.443648580886
863.9 0.443670553262
864.0 0.443692824357
864.1 0.443691383673
864.2 0.443690783755
864.3 0.443691254766
864.4 0.443692999814
864.5 0.443696194956
864.6 0.443700988957
864.7 0.443707503525
864.8 0.443715833548
864.9 0.443726046855
865.0 0.443738184213
865.1 0.44373030112
865.2 0.443724342508
865.3 0.443720267663
865.4 0.443718008805
865.5 0.443717471093
865.6 0.44371853286
865.7 0.443721045375
865.8 0.443724832608
865.9 0.443729691468
866.0 0.4437353918
866.1 0.443761303398
866.2 0.443787516483
866.3 0.443813719691
866.4 0.44383957453
866.5 0.44386471537
866.6 0.443888749439
866.7 0.443912775906
866.8 0.443936794719
866.9 0.443960805827
867.0 0.44398480918
867.1 0.443911683114
867.2 0.44383854176
867.3 0.443765385078
867.4 0.443692213026
867.5 0.443619025564
867.6 0.443545822649
867.7 0.443472604516
867.8 0.443399371199
867.9 0.443326122736
868.0 0.443252859172
868.1 0.443283914808
868.2 0.443314963112
868.3 0.443346004141
868.4 0.443377037953
868.5 0.443408064613
868.6 0.443441280167
868.7 0.443475900497
868.8 0.44351119559
868.9 0.443546489342
869.0 0.443581159572
869.1 0.443563272261
869.2 0.443543676289
869.3 0.443521912141
869.4 0.443497574517
869.5 0.443470312332
869.6 0.443529959213
869.7 0.443586246101
869.8 0.443638921391
869.9 0.443687792042
870.0 0.443732723625
870.1 0.443710955779
870.2 0.443685174546
870.3 0.443655423239
870.4 0.443621803855
870.5 0.44358447706
870.6 0.443543661975
870.7 0.44349963658
870.8 0.443452737428
870.9 0.443403359607
871.0 0.443351956706
871.1 0.443278048783
871.2 0.443203203301
871.3 0.443128049171
871.4 0.443053273537
871.5 0.442979621734
871.6 0.44290789724
871.7 0.442835930287
871.8 0.442763750304
871.9 0.442691391213
872.0 0.442618891423
872.1 0.442567556838
872.2 0.442516145739
872.3 0.442464709984
872.4 0.442413305919
872.5 0.442361994377
872.6 0.442310840697
872.7 0.442259661854
872.8 0.442208457811
872.9 0.442157228527
873.0 0.442105973951
873.1 0.442050802965
873.2 0.441995628666
873.3 0.441940450985
873.4 0.441885269846
873.5 0.441830085165
873.6 0.441773071768
873.7 0.441714882146
873.8 0.441656123378
873.9 0.441597357372
874.0 0.441539100885
874.1 0.441528028013
874.2 0.441518353202
874.3 0.441510458463
874.4 0.441504680903
874.5 0.441501312735
874.6 0.441500601276
874.7 0.441502748996
874.8 0.441507913458
874.9 0.441516207343
875.0 0.441527698447
875.1 0.441456536021
875.2 0.441388580584
875.3 0.441323763403
875.4 0.441261970907
875.5 0.441203044711
875.6 0.441146781641
875.7 0.441092933695
875.8 0.441041208157
875.9 0.440991267572
876.0 0.440942729766
876.1 0.440959380861
876.2 0.440976534949
876.3 0.440993675795
876.4 0.441010242187
876.5 0.441025627941
876.6 0.441039181899
876.7 0.441052726855
876.8 0.44106626281
876.9 0.441079789762
877.0 0.441093307709
877.1 0.441050269834
877.2 0.441007225403
877.3 0.44096417442
877.4 0.440921116885
877.5 0.440878052799
877.6 0.440834982164
877.7 0.440791904982
877.8 0.440748821253
877.9 0.44070573098
878.0 0.440662634162
878.1 0.440614944407
878.2 0.440567247542
878.3 0.440519543569
878.4 0.440471832488
878.5 0.440424114303
878.6 0.440375114862
878.7 0.440325289591
878.8 0.440275062343
878.9 0.440224825408
