speclite/data/filters/lsst2016-z.ecsv
# %ECSV 0.9
# ---
# datatype:
# - {name: wavelength, unit: nm, datatype: float64}
# - {name: response, datatype: float64}
# meta: !!omap
# - {url: 'https://github.com/lsst/throughputs'}
# - {band_name: z}
# - {airmass: 1.2}
# - {description: 'LSST z-band throughput from tag 12.0 of
# 
#     https://github.com/lsst/throughputs
# 
#     Throughputs include the airmass 1.2 reference atmosphere tabulated in
# 
#     https://github.com/lsst/throughputs/blob/12.0/baseline/atmos_std.dat
#
#     More specifically, this is file (with zeros trimmed):
#
#     https://github.com/lsst/throughputs/blob/12.0/baseline/total_z.dat'}
# - {group_name: lsst}
wavelength response
[from data line 762]
879.1 0.440224337943
879.2 0.440274710456
879.3 0.440326324135
879.4 0.440379414792
879.5 0.44043418697
879.6 0.440490813968
879.7 0.440549437741
879.8 0.440610168929
879.9 0.440673086853
880.0 0.440738239484
880.1 0.44073671406
880.2 0.440737422153
880.3 0.44074031656
880.4 0.440745318697
880.5 0.440752318595
880.6 0.440761357118
880.7 0.44077219645
880.8 0.440784571873
880.9 0.440798191757
881.0 0.440812737553
881.1 0.440810644038
881.2 0.440808700564
881.3 0.440806507791
881.4 0.440803639513
881.5 0.440799642665
881.6 0.440704535196
881.7 0.440608959438
881.8 0.440512960545
881.9 0.440416583633
882.0 0.440319873776
882.1 0.440269514555
882.2 0.44021889801
882.3 0.44016806903
882.4 0.440117072485
882.5 0.440065953216
882.6 0.439925612083
882.7 0.439785294671
882.8 0.439645045672
882.9 0.43950490972
883.0 0.439364931385
883.1 0.439319081264
883.2 0.439273445935
883.3 0.439228069965
883.4 0.439182997902
883.5 0.439138274271
883.6 0.439093580737
883.7 0.439048840876
883.8 0.439004146249
883.9 0.438959574969
884.0 0.43891519171
884.1 0.438856036938
884.2 0.43879716524
884.3 0.438738600998
884.4 0.438680355184
884.5 0.43862242538
884.6 0.43856461489
884.7 0.438507209494
884.8 0.438450300319
884.9 0.438393965063
885.0 0.438338268008
885.1 0.438109215023
885.2 0.437880971935
885.3 0.437653561928
885.4 0.437426994794
885.5 0.437201266973
885.6 0.436976361561
885.7 0.436752248374
885.8 0.436528884008
885.9 0.43630621185
886.0 0.436084162111
886.1 0.436029231303
886.2 0.435974667375
886.3 0.435920361531
886.4 0.435866191759
886.5 0.435812022832
886.6 0.435846005155
886.7 0.435880037654
886.8 0.435914151356
886.9 0.435948368429
887.0 0.435982702191
887.1 0.435944820316
887.2 0.435907072629
887.3 0.435869445806
887.4 0.435831917668
887.5 0.435794457194
887.6 0.435668995201
887.7 0.43554400636
887.8 0.435419386194
887.9 0.435295034784
888.0 0.435170856763
888.1 0.435157893988
888.2 0.435144903911
888.3 0.435131804703
888.4 0.435118518979
888.5 0.435104973795
888.6 0.435271915471
888.7 0.435441111068
888.8 0.435611129569
888.9 0.435780644174
889.0 0.435948432482
889.1 0.435750263062
889.2 0.43554832813
889.3 0.435341731602
889.4 0.435129685338
889.5 0.434911508931
889.6 0.434774460582
889.7 0.434630202682
889.8 0.434478564018
889.9 0.434319475297
890.0 0.434152968975
890.1 0.433834803429
890.2 0.433509696668
890.3 0.433177991898
890.4 0.432840132638
890.5 0.43249666231
890.6 0.432324107668
890.7 0.432146847893
890.8 0.431965456254
890.9 0.431780606107
891.0 0.431593070662
891.1 0.431408612
891.2 0.431223344056
891.3 0.431038338259
891.4 0.430854765072
891.5 0.43067389382
891.6 0.430496915093
891.7 0.43031971809
891.8 0.430142274603
891.9 0.4299645521
892.0 0.42978651373
892.1 0.429439813024
892.2 0.429092875042
892.3 0.428745650506
892.4 0.428398085936
892.5 0.428050123667
892.6 0.42735312656
892.7 0.426656375353
892.8 0.425959942405
892.9 0.425263903945
893.0 0.424568340042
893.1 0.424075861163
893.2 0.423583900937
893.3 0.423092551178
893.4 0.422601907593
893.5 0.422112069758
893.6 0.421964787262
893.7 0.42181430929
893.8 0.421662347547
893.9 0.421510478768
894.0 0.421360144901
894.1 0.420669859457
894.2 0.419984079078
894.3 0.419303822924
894.4 0.41862997171
894.5 0.417963268835
894.6 0.416786704167
894.7 0.41561915282
894.8 0.41446087406
894.9 0.413312006175
895.0 0.412172568149
895.1 0.41062069071
895.2 0.409078594919
895.3 0.407545925746
895.4 0.406022216889
895.5 0.404506892912
895.6 0.40342912535
895.7 0.402357795433
895.8 0.401292141523
895.9 0.400231287807
896.0 0.399174245873
896.1 0.397781426269
896.2 0.396389728128
896.3 0.39499783547
896.4 0.393604330989
896.5 0.392207698232
896.6 0.391665427617
896.7 0.391123251684
896.8 0.390581249667
896.9 0.390039500343
897.0 0.389498082035
897.1 0.390338559652
897.2 0.391178939802
897.3 0.392019304612
897.4 0.392859736875
897.5 0.393700320044
897.6 0.394198133549
897.7 0.394695994188
897.8 0.395193850995
897.9 0.395691644712
898.0 0.396189307732
898.1 0.392893653
898.2 0.389598705562
898.3 0.386304374223
898.4 0.383010563106
898.5 0.37971717199
898.6 0.375315353324
898.7 0.370916957312
898.8 0.366520534501
898.9 0.362124800189
899.0 0.357728628321
899.1 0.359661997284
899.2 0.361591777252
899.3 0.363517070609
899.4 0.365437062251
899.5 0.367351022265
899.6 0.370113469137
899.7 0.372868383065
899.8 0.375615257815
899.9 0.378353680705
900.0 0.381083336401
900.1 0.380013693983
900.2 0.378937266013
900.3 0.377854271064
900.4 0.376765029356
900.5 0.375669961253
900.6 0.375848426036
900.7 0.376021153662
900.8 0.376188754688
900.9 0.376351947954
901.0 0.376511560776
901.1 0.377244549148
901.2 0.377975243802
901.3 0.378704798024
901.4 0.379434482087
901.5 0.380165684293
901.6 0.379797016218
901.7 0.379428087098
901.8 0.379058988638
901.9 0.37868980836
902.0 0.378320629617
902.1 0.377663601735
902.2 0.377006901939
902.3 0.376350601283
902.4 0.375694766524
902.5 0.375039460158
902.6 0.375989315347
902.7 0.376938747143
902.8 0.377887707068
902.9 0.378836149957
903.0 0.379784034014
903.1 0.382523608834
903.2 0.385260212204
903.3 0.387993816683
903.4 0.39072439784
903.5 0.39345193439
903.6 0.395166808183
903.7 0.396878634202
903.8 0.398587756989
903.9 0.400294494733
904.0 0.40199913855
904.1 0.40154238795
904.2 0.401086349611
904.3 0.400631217218
904.4 0.400177151062
904.5 0.399724278229
904.6 0.399189005354
904.7 0.398655584211
904.8 0.39812417438
904.9 0.397594910352
905.0 0.397067901692
905.1 0.396976756741
905.2 0.39688772191
905.3 0.396800840226
905.4 0.39671613051
905.5 0.396633587402
905.6 0.396135756986
905.7 0.395639723557
905.8 0.395145272107
905.9 0.394652156585
906.0 0.394160100088
906.1 0.392049880152
906.2 0.389941046956
906.3 0.387833233139
906.4 0.385726047847
906.5 0.383619077581
906.6 0.381345324509
906.7 0.37907272028
906.8 0.376801266116
906.9 0.374530963247
907.0 0.372261812913
907.1 0.371375308404
907.2 0.370489310801
907.3 0.369603820357
907.4 0.368718837334
907.5 0.367834361993
907.6 0.367448404468
907.7 0.367062583944
907.8 0.366676900551
907.9 0.366291354418
908.0 0.365905945677
908.1 0.366046802894
908.2 0.366187312518
908.3 0.366327474592
908.4 0.366467289159
908.5 0.366606756265
908.6 0.366580183957
908.7 0.366553145131
908.8 0.36652579082
908.9 0.366498260842
909.0 0.366470683804
909.1 0.366797650511
909.2 0.367124495816
909.3 0.366903465172
909.4 0.366681519903
909.5 0.366262724628
909.6 0.365679516232
909.7 0.365115661639
909.8 0.364551597366
909.9 0.363967713772
910.0 0.363383643856
910.1 0.361943516296
910.2 0.360507457591
910.3 0.359055910754
910.4 0.357608442612
910.5 0.356165003769
910.6 0.356318732646
910.7 0.356488012868
910.8 0.356653327537
910.9 0.356794953346
911.0 0.356932352954
911.1 0.356523518756
911.2 0.35611306478
911.3 0.355681119268
911.4 0.355247263153
911.5 0.354831137718
911.6 0.353091854415
911.7 0.351337768175
911.8 0.349588659009
911.9 0.347864082052
912.0 0.346144361381
912.1 0.346249472928
912.2 0.346350048943
912.3 0.346446094982
912.4 0.346537616603
912.5 0.346644361049
912.6 0.343868492828
912.7 0.3409078077
912.8 0.337959709988
912.9 0.334484478376
913.0 0.331028325255
913.1 0.327416660306
913.2 0.323825107243
913.3 0.320253652228
913.4 0.316702281397
913.5 0.313152453338
913.6 0.313392269854
913.7 0.313635173575
913.8 0.313862478788
913.9 0.314074039548
914.0 0.314269722269
914.1 0.315159978803
914.2 0.316026188112
914.3 0.316868271897
914.4 0.317686163829
914.5 0.318479809793
914.6 0.316146183908
914.7 0.313820345654
914.8 0.311502303382
914.9 0.309192074779
915.0 0.306889686503
915.1 0.301958619242
915.2 0.297063631912
915.3 0.292223550675
915.4 0.287419180803
915.5 0.282650565283
915.6 0.282036503925
915.7 0.281413510954
915.8 0.28078168834
915.9 0.280141145921
916.0 0.279492001289
916.1 0.281156424509
916.2 0.282787440441
916.3 0.284385220154
916.4 0.285949946243
916.5 0.287481812912
916.6 0.286072769897
916.7 0.284663122575
916.8 0.283252812746
916.9 0.281822141449
917.0 0.280390686084
917.1 0.276803546564
917.2 0.273240485047
917.3 0.269701420599
917.4 0.2661862751
917.5 0.262694973209
917.6 0.26039581541
917.7 0.258106671494
917.8 0.25582756272
917.9 0.253558509366
918.0 0.251299530747
918.1 0.251302869315
918.2 0.251288883911
918.3 0.25125762758
918.4 0.251209153392
918.5 0.251124411702
918.6 0.251077730965
918.7 0.251032671392
918.8 0.250970046149
918.9 0.250889781355
919.0 0.250791813413
919.1 0.249728059441
919.2 0.248659155319
919.3 0.247585044896
919.4 0.246505683137
919.5 0.245421035912
919.6 0.243917559245
919.7 0.242413656103
919.8 0.240909321356
919.9 0.239404555174
920.0 0.237899362877
920.1 0.236963847618
920.2 0.236019695931
920.3 0.2350868718
920.4 0.234145569623
920.5 0.233195828049
920.6 0.2315126475
920.7 0.229831541581
920.8 0.228152553455
920.9 0.226475734398
921.0 0.224801143464
921.1 0.222619865258
921.2 0.220448380795
921.3 0.218286757726
921.4 0.21613506935
921.5 0.21399339422
921.6 0.212356294828
921.7 0.21072149529
921.8 0.209088973745
921.9 0.20743912448
922.0 0.205791541733
922.1 0.204677465137
922.2 0.203557625792
922.3 0.202432017312
922.4 0.201300633791
922.5 0.200163469804
922.6 0.198521513698
922.7 0.196881916084
922.8 0.195244691258
922.9 0.193609855051
923.0 0.191977424741
923.1 0.190230703313
923.2 0.18848833749
923.3 0.186750346041
923.4 0.185016748806
923.5 0.183268049247
923.6 0.181448247195
923.7 0.179654196339
923.8 0.177866063005
923.9 0.176083564246
924.0 0.174306449304
924.1 0.172589517725
924.2 0.170876566194
924.3 0.16916743453
924.4 0.167461989988
924.5 0.165760126176
924.6 0.164201754557
924.7 0.16264427205
924.8 0.161087621996
924.9 0.15953177229
925.0 0.157976714348
925.1 0.156606577558
925.2 0.15523321179
925.3 0.153875823175
925.4 0.152515364741
925.5 0.151151934772
925.6 0.149722261629
925.7 0.148291184557
925.8 0.146858851328
925.9 0.145425424695
926.0 0.143991081435
926.1 0.142550501197
926.2 0.14110960317
926.3 0.139668597481
926.4 0.138227704438
926.5 0.13678715358
926.6 0.13543257318
926.7 0.134075974676
926.8 0.132717393128
926.9 0.13133764986
927.0 0.129955967176
927.1 0.127743899561
927.2 0.125550161143
927.3 0.123374740896
927.4 0.121217626069
927.5 0.119078802223
927.6 0.116705418839
927.7 0.114356647407
927.8 0.112032421729
927.9 0.109732676679
928.0 0.107457348185
928.1 0.105902991601
928.2 0.104354269607
928.3 0.102811162151
928.4 0.10127364982
928.5 0.099724013443
928.6 0.0980700286723
928.7 0.0964427815025
928.8 0.0948243333689
928.9 0.0932144745048
929.0 0.0916130221421
929.1 0.0898244901355
929.2 0.0880500632772
929.3 0.0862896206567
929.4 0.0845430636407
929.5 0.0828103143546
929.6 0.08074954424
929.7 0.0787137936662
929.8 0.0767030079985
929.9 0.0747171507865
930.0 0.072756201784
930.1 0.070891994946
930.2 0.0690495791945
930.3 0.0672446992692
930.4 0.0654614059624
930.5 0.0636997532686
930.6 0.0619756791309
930.7 0.0602727117819
930.8 0.0585909227662
930.9 0.0569303846759
931.0 0.0552911700389
931.1 0.0535997109656
931.2 0.0519331298704
931.3 0.050291466824
931.4 0.0486747573742
931.5 0.0470830317076
931.6 0.0450923685312
931.7 0.0431464326062
931.8 0.0412451059326
931.9 0.0393754854084
932.0 0.0375508035209
932.1 0.0362878676241
932.2 0.0350421108982
932.3 0.0338134995505
932.4 0.0326019991373
932.5 0.0314075745415
932.6 0.0305448828455
932.7 0.0296801642948
932.8 0.0288134235322
932.9 0.0279446651296
933.0 0.0270738936332
933.1 0.0259872942919
933.2 0.0249138124038
933.3 0.0238534094496
933.4 0.0228060472079
933.5 0.0219802510579
933.6 0.0207993982921
933.7 0.0198721899052
933.8 0.0189668552523
933.9 0.0180728954796
934.0 0.0172012849356
934.1 0.0166441977545
934.2 0.0160955757269
934.3 0.0155455514928
934.4 0.0150041745685
934.5 0.0144714227842
934.6 0.0145440584893
934.7 0.0146033397039
934.8 0.0146397091829
934.9 0.0146424119498
935.0 0.0146217560242
935.1 0.0143227053402
935.2 0.0140171002169
935.3 0.0136935520678
935.4 0.0133632789896
935.5 0.0130378504044
935.6 0.0125015990367
935.7 0.0119614838968
935.8 0.0114290482161
935.9 0.0109154393056
936.0 0.0104092627576
936.1 0.0100166172174
936.2 0.00962155510423
936.3 0.00922407246483
936.4 0.00882416613294
936.5 0.00843306307422
936.6 0.00796786027118
936.7 0.00749679953645
936.8 0.00703109621879
936.9 0.00658168786083
937.0 0.0061374712753
937.1 0.00577909700261
937.2 0.00541265411783
937.3 0.00504936162719
937.4 0.00467825522361
937.5 0.00428795348358
937.6 0.00386599469357
937.7 0.00344144837782
937.8 0.00301432431066
937.9 0.00259617053572
938.0 0.00217552458443
938.1 0.00174239056458
938.2 0.00130590574838
938.3 0.000877781048822
938.4 0.00044640734689
938.5 0.000224035021664
938.6 0.0
