speclite/data/filters/lsst2016-g.ecsv
# %ECSV 0.9
# ---
# datatype:
# - {name: wavelength, unit: nm, datatype: float64}
# - {name: response, datatype: float64}
# meta: !!omap
# - {url: 'https://github.com/lsst/throughputs'}
# - {band_name: g}
# - {airmass: 1.2}
# - {description: 'LSST g-band throughput from tag 12.0 of
# 
#     https://github.com/lsst/throughputs
# 
#     Throughputs include the airmass 1.2 reference atmosphere tabulated in
# 
#     https://github.com/lsst/throughputs/blob/12.0/baseline/atmos_std.dat'
#
#     More specifically, this is file
#        https://github.com/lsst/throughputs/blob/12.0/baseline/total_g.dat
#     (with zero-throughput lines trimmed)}
#
# - {group_name: lsst}
wavelength response
[from data line 1523]
538.6 0.398635245244
538.7 0.397866851165
538.8 0.397098450704
538.9 0.396329892288
539.0 0.395561037549
539.1 0.394765652768
539.2 0.393969842229
539.3 0.393173506561
539.4 0.392376559153
539.5 0.3916007398
539.6 0.390824335185
539.7 0.390025423092
539.8 0.389225726587
539.9 0.38842517151
540.0 0.387623700072
540.1 0.386801072832
540.2 0.385977547854
540.3 0.385153115655
540.4 0.384327782474
540.5 0.383523381044
540.6 0.382631487813
540.7 0.381717267861
540.8 0.380802652954
540.9 0.379887774399
541.0 0.378972773827
541.1 0.378204424379
541.2 0.377435627618
541.3 0.376056533683
541.4 0.374677226093
541.5 0.373101778301
541.6 0.371526620072
541.7 0.369929474612
541.8 0.368332117919
541.9 0.366756338744
542.0 0.36518033496
542.1 0.363560715037
542.2 0.361941254524
542.3 0.360300156821
542.4 0.358659230982
542.5 0.357040288074
542.6 0.355501661211
542.7 0.353962130117
542.8 0.352421758509
542.9 0.350858783707
543.0 0.349295062371
543.1 0.347673124347
543.2 0.346051260034
543.3 0.344429493763
543.4 0.342807842448
543.5 0.341164495194
543.6 0.339520996271
543.7 0.3378994568
543.8 0.336278193358
543.9 0.334657330244
544.0 0.333036979159
544.1 0.331399536521
544.2 0.32976275202
544.3 0.328148519331
544.4 0.326535083882
544.5 0.324900679543
544.6 0.323267165872
544.7 0.32165620908
544.8 0.32004595959
544.9 0.318436373891
545.0 0.316827396266
545.1 0.31521481919
545.2 0.313602516758
545.3 0.312012223754
545.4 0.310422017276
545.5 0.308831785548
545.6 0.307241406514
545.7 0.305629263849
545.8 0.304017140863
545.9 0.302426822797
546.0 0.300836421719
546.1 0.299234718953
546.2 0.297632930165
546.3 0.296009144297
546.4 0.294385125443
546.5 0.292782637573
546.6 0.291179756689
546.7 0.289554880433
546.8 0.287929851745
546.9 0.286326517615
547.0 0.284723033097
547.1 0.28322111188
547.2 0.281717904857
547.3 0.280191537002
547.4 0.278663864724
547.5 0.277156779893
547.6 0.275586198412
547.7 0.27401503824
547.8 0.272443299327
547.9 0.270849073586
548.0 0.269254261146
548.1 0.267629910351
548.2 0.26600559336
548.3 0.26438131019
548.4 0.262757060857
548.5 0.261110934586
548.6 0.259464842656
548.7 0.25784069541
548.8 0.256216582071
548.9 0.254570592802
549.0 0.252924637944
549.1 0.251300936742
549.2 0.249677265565
549.3 0.248053624429
549.4 0.246430013351
549.5 0.244784523771
549.6 0.243193949362
549.7 0.24162458067
549.8 0.240054509154
549.9 0.238483734851
550.0 0.236912257797
550.1 0.235297331446
550.2 0.233681985401
550.3 0.232088160315
550.4 0.23049392114
550.5 0.228899267882
550.6 0.227304200547
550.7 0.22568676731
550.8 0.224068914417
550.9 0.222472599295
551.0 0.22087587012
551.1 0.219254939918
551.2 0.217633947889
551.3 0.21599093259
551.4 0.214347854669
551.5 0.212726676424
551.6 0.211105436413
551.7 0.209462171542
551.8 0.20781884411
551.9 0.206197418067
552.0 0.204575930319
552.1 0.202976065615
552.2 0.201375792084
552.3 0.199753137113
552.4 0.198130067818
552.5 0.196528562354
552.6 0.194926648105
552.7 0.193324325084
552.8 0.191721593299
552.9 0.190096463581
553.0 0.188470919604
553.1 0.186846371584
553.2 0.185221773143
553.3 0.183597124299
553.4 0.18197242507
553.5 0.180325681855
553.6 0.17867888762
553.7 0.177054036674
553.8 0.175429135416
553.9 0.173782188902
554.0 0.172135191441
554.1 0.170512304134
554.2 0.168889325406
554.3 0.167266255269
554.4 0.165643093738
554.5 0.163997842457
554.6 0.162389105682
554.7 0.160801543819
554.8 0.159213158452
554.9 0.157623949531
555.0 0.156033917008
555.1 0.154398465683
555.2 0.152762660038
555.3 0.151148533414
555.4 0.149534057237
555.5 0.147919231534
555.6 0.146269817142
555.7 0.144598784935
555.8 0.142928172941
555.9 0.141280007984
556.0 0.139632257645
556.1 0.137957394816
556.2 0.136283080389
556.3 0.134631327472
556.4 0.132980115866
556.5 0.131329445706
556.6 0.129708563701
556.7 0.128065484215
556.8 0.126422212859
556.9 0.124800760357
557.0 0.123179118554
557.1 0.121541944955
557.2 0.119904991806
557.3 0.118246251683
557.4 0.116587735146
557.5 0.114951446751
557.6 0.113315379074
557.7 0.111679532181
557.8 0.110043906138
557.9 0.108386502535
558.0 0.106729322922
558.1 0.10509753901
558.2 0.103465879011
558.3 0.101834342936
558.4 0.100202930797
558.5 0.0985496498227
558.6 0.0968964944842
558.7 0.0952654558942
558.8 0.0936345412833
558.9 0.0919817612381
559.0 0.0903291068723
559.1 0.0886921486514
559.2 0.0870555496565
559.3 0.0854193099116
559.4 0.0837834294409
559.5 0.0821259318348
559.6 0.0804506543766
559.7 0.0787984499238
559.8 0.0771473418239
559.9 0.0754973298579
560.0 0.0738484138065
560.1 0.0722064972215
560.2 0.0705644187354
560.3 0.0689441211142
560.4 0.0673236637789
560.5 0.0657030467448
560.6 0.0640822700277
560.7 0.0624393865828
560.8 0.0607963413312
560.9 0.0591750835036
561.0 0.0575536660552
561.1 0.0559068179617
561.2 0.0542600036378
561.3 0.0526351727116
561.4 0.051010375132
561.5 0.0493856109137
561.6 0.0477500988344
561.7 0.0460934148455
561.8 0.0444375080994
561.9 0.0428043070239
562.0 0.0411718728136
562.1 0.040337738466
562.2 0.039503647407
562.3 0.0386915211855
562.4 0.0378794371241
562.5 0.0370454748303
562.6 0.0362115558527
562.7 0.0353995994548
562.8 0.0345876852441
562.9 0.0337538951133
563.0 0.0329201483262
563.1 0.0321103994188
563.2 0.0313005897659
563.3 0.0304687993777
563.4 0.0296369466254
563.5 0.0288269531563
563.6 0.0280168989804
563.7 0.0271848608324
563.8 0.0263527603598
563.9 0.0255205975722
564.0 0.0246883724796
564.1 0.0238749845554
564.2 0.0230617403711
564.3 0.0222267202317
564.4 0.0213918480581
564.5 0.0205790399122
564.6 0.0197708491421
564.7 0.0189405151627
564.8 0.0181099538819
564.9 0.0173010931717
565.0 0.016492011137
565.1 0.015658942728
565.2 0.0148258418665
565.3 0.0139927085593
565.4 0.0131595428135
565.5 0.0123482776337
565.6 0.0115369808815
565.7 0.0107037187141
565.8 0.00987042413591
565.9 0.0090590318558
566.0 0.00824760803072
566.1 0.00741528003344
566.2 0.00658268071841
566.3 0.00577175590788
566.4 0.00496056688632
566.5 0.00412716065432
566.6 0.00329348303418
566.7 0.00248149413326
566.8 0.00166924095215
566.9 0.000834756205102
567.0 0.0
