speclite/data/filters/odin-N673.ecsv
# %ECSV 1.0
# ---
# datatype:
# - {name: wavelength, unit: nm, datatype: float64}
# - {name: response, datatype: float64}
# meta:
#   __serialized_columns__:
#     wavelength:
#       __class__: astropy.units.quantity.Quantity
#       unit: !astropy.units.Unit {unit: nm}
#       value: !astropy.table.SerializedColumn {name: wavelength}
#   band_name: N673
#   group_name: odin
# schema: astropy-2.0
wavelength response
619.8 0.0
620.0 9.63026e-08
620.2 9.63232e-08
620.4 9.63437e-08
620.6 9.63642e-08
620.8 9.63848e-08
621.0 8.43546e-08
621.2 8.43726e-08
621.4 8.43906e-08
621.6 8.44085e-08
621.8 4.82437e-08
622.0 4.8254e-08
622.2 4.82642e-08
622.4 4.82745e-08
622.6 4.82848e-08
622.8 4.8295e-08
623.0 4.83053e-08
623.2 4.83156e-08
623.4 4.83258e-08
623.6 4.83361e-08
623.8 4.83464e-08
624.0 4.83566e-08
624.2 4.83669e-08
624.4 4.83772e-08
624.6 4.83874e-08
624.8 4.83977e-08
625.0 4.8408e-08
625.2 4.84182e-08
625.4 4.84285e-08
625.6 4.84388e-08
625.8 4.8449e-08
626.0 4.84593e-08
626.2 4.84696e-08
626.4 4.84798e-08
626.6 4.84901e-08
626.8 4.85003e-08
627.0 4.85106e-08
627.2 4.85209e-08
627.4 4.85311e-08
627.6 4.85414e-08
627.8 4.85517e-08
628.0 4.85619e-08
628.2 4.85722e-08
628.4 4.85825e-08
628.6 4.85927e-08
628.8 4.8603e-08
629.0 4.86133e-08
629.2 4.86235e-08
629.4 4.86338e-08
629.6 4.86441e-08
629.8 4.86543e-08
630.0 4.86646e-08
630.2 4.86749e-08
630.4 4.86851e-08
630.6 4.86954e-08
630.8 4.87057e-08
631.0 4.87159e-08
631.2 4.87262e-08
631.4 4.87365e-08
631.6 4.87467e-08
631.8 4.8757e-08
632.0 4.87672e-08
632.2 4.87775e-08
632.4 4.87878e-08
632.6 4.8798e-08
632.8 4.88083e-08
633.0 4.88186e-08
633.2 4.88288e-08
633.4 4.88391e-08
633.6 4.88494e-08
633.8 4.88596e-08
634.0 4.88699e-08
634.2 4.88802e-08
634.4 4.88904e-08
634.6 4.89007e-08
634.8 4.8911e-08
635.0 4.89212e-08
635.2 4.89315e-08
635.4 4.89418e-08
635.6 4.8952e-08
635.8 4.89623e-08
636.0 4.89725e-08
636.2 4.89828e-08
636.4 4.89931e-08
636.6 4.90033e-08
636.8 4.90136e-08
637.0 4.90239e-08
637.2 6.12927e-08
637.4 6.13055e-08
637.6 6.13183e-08
637.8 9.81299e-08
638.0 9.81504e-08
638.2 9.81709e-08
638.4 9.81915e-08
638.6 9.82086e-08
638.8 9.82223e-08
639.0 9.8236e-08
639.2 9.82497e-08
639.4 9.82634e-08
639.6 9.82771e-08
639.8 9.82908e-08
640.0 1.10593e-07
640.2 1.10608e-07
640.4 1.10623e-07
640.6 1.47518e-07
640.8 1.47539e-07
641.0 1.47559e-07
641.2 1.4758e-07
641.4 1.47601e-07
641.6 1.47621e-07
641.8 1.47642e-07
642.0 1.47662e-07
642.2 1.47683e-07
642.4 1.60012e-07
642.6 1.60034e-07
642.8 1.60056e-07
643.0 1.60079e-07
643.2 1.60101e-07
643.4 1.60123e-07
643.6 1.60145e-07
643.8 1.60168e-07
644.0 1.6019e-07
644.2 1.60212e-07
644.4 1.60235e-07
644.6 1.60257e-07
644.8 1.60279e-07
645.0 1.60301e-07
645.2 1.60324e-07
645.4 1.97349e-07
645.6 1.97376e-07
645.8 1.97403e-07
646.0 2.0977e-07
646.2 2.09799e-07
646.4 2.09829e-07
646.6 2.09858e-07
646.8 2.09887e-07
647.0 2.09916e-07
647.2 2.59344e-07
647.4 2.5938e-07
647.6 2.59416e-07
647.8 2.71807e-07
648.0 3.08914e-07
648.2 3.08957e-07
648.4 3.21359e-07
648.6 3.21404e-07
648.8 3.70902e-07
649.0 3.70954e-07
649.2 4.20472e-07
649.4 4.32899e-07
649.6 4.7007e-07
649.8 4.82507e-07
650.0 5.32068e-07
650.2 5.44517e-07
650.4 5.94101e-07
650.6 6.43698e-07
650.8 6.9331e-07
651.0 7.42934e-07
651.2 7.67805e-07
651.4 8.17454e-07
651.6 8.79504e-07
651.8 9.66349e-07
652.0 1.02844e-06
652.2 1.09054e-06
652.4 1.18985e-06
652.6 1.26439e-06
652.8 1.36374e-06
653.0 1.47552e-06
653.2 1.55013e-06
653.4 1.66197e-06
653.6 1.82346e-06
653.8 1.93537e-06
654.0 2.10935e-06
654.2 2.27096e-06
654.4 2.44504e-06
654.6 2.61916e-06
654.8 2.84298e-06
655.0 3.07929e-06
655.2 3.31566e-06
655.4 3.60177e-06
655.6 3.90039e-06
655.8 4.23636e-06
656.0 4.59727e-06
656.2 5.00799e-06
656.4 5.46853e-06
656.6 5.94163e-06
656.8 6.52675e-06
657.0 7.12446e-06
657.2 7.78451e-06
657.4 8.54424e-06
657.6 9.37882e-06
657.8 1.02883e-05
658.0 1.13099e-05
658.2 1.24563e-05
658.4 1.37648e-05
658.6 1.51733e-05
658.8 1.67564e-05
659.0 1.85391e-05
659.2 2.05465e-05
659.4 2.27662e-05
659.6 2.52605e-05
659.8 2.80669e-05
660.0 3.12479e-05
660.2 3.48161e-05
660.4 3.88588e-05
660.6 4.34261e-05
660.8 4.86055e-05
661.0 5.45469e-05
661.2 6.12755e-05
661.4 6.89911e-05
661.6 7.78315e-05
661.8 8.80215e-05
662.0 9.97989e-05
662.2 0.000113426
662.4 0.000129241
662.6 0.000147719
662.8 0.000169323
663.0 0.000194703
663.2 0.000224623
663.4 0.000260046
663.6 0.000302099
663.8 0.000352345
664.0 0.000412587
664.2 0.000485053
664.4 0.000572736
664.6 0.000679253
664.8 0.000809363
665.0 0.000969063
665.2 0.00116613
665.4 0.00141061
665.6 0.00171566
665.8 0.00209866
666.0 0.00258245
666.2 0.00319728
666.4 0.00398402
666.6 0.00499705
666.8 0.00631097
667.0 0.00802528
667.2 0.0102743
667.4 0.0132368
667.6 0.0171448
667.8 0.0222948
668.0 0.0290368
668.2 0.0377574
668.4 0.0488395
668.6 0.0626135
668.8 0.0793537
669.0 0.0992663
669.2 0.122521
669.4 0.149208
669.6 0.1792
669.8 0.212037
670.0 0.246808
670.2 0.282226
670.4 0.317046
670.6 0.350097
670.8 0.380482
671.0 0.407526
671.2 0.430746
671.4 0.449812
671.6 0.464602
671.8 0.475319
672.0 0.482502
672.2 0.486946
672.4 0.489512
672.6 0.490946
672.8 0.49179
673.0 0.49238
673.2 0.492885
673.4 0.49337
673.6 0.493841
673.8 0.494283
674.0 0.494676
674.2 0.495009
674.4 0.49528
674.6 0.495497
674.8 0.49567
675.0 0.495813
675.2 0.495931
675.4 0.496027
675.6 0.496094
675.8 0.49612
676.0 0.496085
676.2 0.495961
676.4 0.495708
676.6 0.495268
676.8 0.494553
677.0 0.493436
677.2 0.491742
677.4 0.48925
677.6 0.485704
677.8 0.480817
678.0 0.474274
678.2 0.465709
678.4 0.454683
678.6 0.440708
678.8 0.423319
679.0 0.402232
679.2 0.377458
679.4 0.349358
679.6 0.318599
679.8 0.285993
680.0 0.252454
680.2 0.218946
680.4 0.186331
680.6 0.15552
680.8 0.127328
681.0 0.102427
681.2 0.081193
681.4 0.0636641
681.6 0.0495863
681.8 0.0385048
682.0 0.0299065
682.2 0.0232897
682.4 0.0182159
682.6 0.0143266
682.8 0.0113364
683.0 0.00902892
683.2 0.00723925
683.4 0.00584312
683.6 0.00474759
683.8 0.00388199
684.0 0.00319392
684.2 0.00264342
684.4 0.00220028
684.6 0.00184143
684.8 0.00154888
685.0 0.00130911
685.2 0.00111142
685.4 0.000947538
685.6 0.000811004
685.8 0.000696624
686.0 0.000600323
686.2 0.000518874
686.4 0.000449657
686.6 0.000390685
686.8 0.000340135
687.0 0.000296716
687.2 0.000259263
687.4 0.000226891
687.6 0.000198877
687.8 0.000174474
688.0 0.000153265
688.2 0.000134793
688.4 0.000118666
688.6 0.000104568
688.8 9.22701e-05
689.0 8.14938e-05
689.2 7.20745e-05
689.4 6.37966e-05
689.6 5.65843e-05
689.8 5.02347e-05
690.0 4.46973e-05
690.2 3.98069e-05
690.4 3.55512e-05
690.6 3.18159e-05
690.8 2.8525e-05
691.0 2.56403e-05
691.2 2.31112e-05
691.4 2.08614e-05
691.6 1.89038e-05
691.8 1.71876e-05
692.0 1.56492e-05
692.2 1.43269e-05
692.4 1.30933e-05
692.6 1.20505e-05
692.8 1.11349e-05
693.0 1.03081e-05
693.2 9.58315e-06
693.4 8.89619e-06
693.6 8.33652e-06
693.8 7.8022e-06
694.0 7.33148e-06
694.2 6.9244e-06
694.4 6.55547e-06
694.6 6.18643e-06
694.8 5.9066e-06
695.0 5.63946e-06
695.2 5.35948e-06
695.4 5.13048e-06
695.6 4.93971e-06
695.8 4.76165e-06
696.0 4.57077e-06
696.2 4.39262e-06
696.4 4.25273e-06
696.6 4.06171e-06
696.8 3.92173e-06
697.0 3.78172e-06
697.2 3.64167e-06
697.4 3.50159e-06
697.6 3.36146e-06
697.8 3.2213e-06
698.0 3.0811e-06
698.2 2.94086e-06
698.4 2.80059e-06
698.6 2.64748e-06
698.8 2.50713e-06
699.0 2.36674e-06
699.2 2.2647e-06
699.4 2.12424e-06
699.6 1.98374e-06
699.8 1.88161e-06
700.0 1.79225e-06
700.2 1.65165e-06
700.4 1.54943e-06
700.6 1.45999e-06
700.8 1.37052e-06
701.0 1.30665e-06
701.2 1.21714e-06
701.4 1.12761e-06
701.6 1.0765e-06
701.8 1.02537e-06
702.0 9.74236e-07
702.2 9.23084e-07
702.4 8.8474e-07
702.6 8.33562e-07
702.8 7.95196e-07
703.0 7.82475e-07
703.2 7.44092e-07
703.4 7.3136e-07
703.6 6.9296e-07
703.8 6.93052e-07
704.0 6.41801e-07
704.2 6.41886e-07
704.4 6.41972e-07
704.6 6.42058e-07
704.8 6.03615e-07
705.0 6.03695e-07
705.2 6.03776e-07
705.4 6.03856e-07
705.6 6.03937e-07
705.8 6.04017e-07
706.0 6.04098e-07
706.2 6.04178e-07
706.4 6.04258e-07
706.6 6.04339e-07
706.8 6.04419e-07
707.0 6.045e-07
707.2 6.0458e-07
707.4 6.04661e-07
707.6 6.04741e-07
707.8 6.04822e-07
708.0 5.92032e-07
708.2 5.92111e-07
708.4 5.53569e-07
708.6 5.53642e-07
708.8 5.40839e-07
709.0 5.02274e-07
709.2 5.02341e-07
709.4 4.50879e-07
709.6 4.50939e-07
709.8 3.99456e-07
710.0 3.99509e-07
710.2 3.48006e-07
710.4 3.48052e-07
710.6 3.09421e-07
710.8 2.96567e-07
711.0 2.96607e-07
711.2 2.57953e-07
711.4 2.45088e-07
711.6 2.45121e-07
711.8 2.06445e-07
712.0 2.06472e-07
712.2 1.93593e-07
712.4 1.93619e-07
712.6 1.54916e-07
712.8 1.54936e-07
713.0 1.54957e-07
713.2 1.54977e-07
713.4 1.54998e-07
713.6 1.421e-07
713.8 1.42119e-07
714.0 1.03373e-07
714.2 1.03387e-07
714.4 1.034e-07
714.6 1.03414e-07
714.8 1.03428e-07
715.0 1.03442e-07
715.2 1.03455e-07
715.4 1.03469e-07
715.6 1.03483e-07
715.8 1.03496e-07
716.0 1.0351e-07
716.2 1.03524e-07
716.4 1.03537e-07
716.6 1.03551e-07
716.8 1.03565e-07
717.0 1.03579e-07
717.2 1.03592e-07
717.4 1.03606e-07
717.6 1.0362e-07
717.8 1.03633e-07
718.0 1.03647e-07
718.2 1.03661e-07
718.4 1.03674e-07
718.6 1.03688e-07
718.8 1.03702e-07
719.0 1.03716e-07
719.2 1.03729e-07
719.4 1.03743e-07
719.6 1.03757e-07
719.8 1.0377e-07
720.0 1.03784e-07
720.2 0.0
