speclite/data/filters/odin-N419.ecsv
# %ECSV 1.0
# ---
# datatype:
# - {name: wavelength, unit: nm, datatype: float64}
# - {name: response, datatype: float64}
# meta:
#   __serialized_columns__:
#     wavelength:
#       __class__: astropy.units.quantity.Quantity
#       unit: !astropy.units.Unit {unit: nm}
#       value: !astropy.table.SerializedColumn {name: wavelength}
#   band_name: odin419
#   group_name: odin
# schema: astropy-2.0
wavelength response
383.8 0.0
384.0 4.32189e-09
384.2 4.33493e-09
384.4 4.34797e-09
384.6 1.74441e-08
384.8 1.31222e-08
385.0 1.75484e-08
385.2 3.0801e-08
385.4 3.08923e-08
385.6 3.54098e-08
385.8 3.55141e-08
386.0 3.56184e-08
386.2 3.57228e-08
386.4 3.58271e-08
386.6 3.59314e-08
386.8 3.60358e-08
387.0 3.61401e-08
387.2 3.62444e-08
387.4 3.63488e-08
387.6 4.10097e-08
387.8 4.11271e-08
388.0 4.12445e-08
388.2 4.13619e-08
388.4 4.14792e-08
388.6 3.69748e-08
388.8 3.70791e-08
389.0 3.71834e-08
389.2 4.19487e-08
389.4 5.60881e-08
389.6 5.62446e-08
389.8 5.64011e-08
390.0 5.65576e-08
390.2 7.08927e-08
390.4 7.10883e-08
390.6 9.0293e-08
390.8 9.05407e-08
391.0 1.19459e-07
391.2 1.3895e-07
391.4 1.72959e-07
391.6 2.07151e-07
391.8 2.41525e-07
392.0 2.95457e-07
392.2 3.25392e-07
392.4 3.50614e-07
392.6 3.61318e-07
392.8 3.57387e-07
393.0 3.48522e-07
393.2 3.24839e-07
393.4 2.96091e-07
393.6 2.72134e-07
393.8 2.53007e-07
394.0 2.28803e-07
394.2 2.04467e-07
394.4 1.80002e-07
394.6 1.75458e-07
394.8 1.70889e-07
395.0 1.66293e-07
395.2 1.51567e-07
395.4 1.46892e-07
395.6 1.62506e-07
395.8 1.62923e-07
396.0 1.6334e-07
396.2 1.63758e-07
396.4 1.79566e-07
396.6 1.85166e-07
396.8 2.01105e-07
397.0 2.22292e-07
397.2 2.38401e-07
397.4 2.59784e-07
397.6 2.81271e-07
397.8 3.02862e-07
398.0 3.24558e-07
398.2 3.46358e-07
398.4 3.68262e-07
398.6 4.06092e-07
398.8 4.33531e-07
399.0 4.71701e-07
399.2 4.99427e-07
399.4 5.43261e-07
399.6 5.97983e-07
399.8 6.42261e-07
400.0 7.02843e-07
400.2 7.85226e-07
400.4 8.84173e-07
400.6 9.8359e-07
400.8 1.10515e-06
401.0 1.23271e-06
401.2 1.3772e-06
401.4 1.51145e-06
401.6 1.6518e-06
401.8 1.79829e-06
402.0 1.91248e-06
402.2 2.00516e-06
402.4 2.08169e-06
402.6 2.13088e-06
402.8 2.19693e-06
403.0 2.23546e-06
403.2 2.28529e-06
403.4 2.35209e-06
403.6 2.41358e-06
403.8 2.53147e-06
404.0 2.67237e-06
404.2 2.83646e-06
404.4 3.0578e-06
404.6 3.32546e-06
404.8 3.63973e-06
405.0 4.0351e-06
405.2 4.48358e-06
405.4 5.01982e-06
405.6 5.64442e-06
405.8 6.36371e-06
406.0 7.18407e-06
406.2 8.09462e-06
406.4 9.14799e-06
406.6 1.03335e-05
406.8 1.1687e-05
407.0 1.31977e-05
407.2 1.49369e-05
407.4 1.69409e-05
407.6 1.92527e-05
407.8 2.19212e-05
408.0 2.50722e-05
408.2 2.87562e-05
408.4 3.31244e-05
408.6 3.83116e-05
408.8 4.44775e-05
409.0 5.18665e-05
409.2 6.07369e-05
409.4 7.14092e-05
409.6 8.43083e-05
409.8 9.99528e-05
410.0 0.000119022
410.2 0.000141948
410.4 0.000170055
410.6 0.000204701
410.8 0.000247622
411.0 0.000301114
411.2 0.00036822
411.4 0.000452921
411.6 0.000560613
411.8 0.00069842
412.0 0.000876129
412.2 0.00110698
412.4 0.00140916
412.6 0.00180809
412.8 0.00233911
413.0 0.00305245
413.2 0.0040194
413.4 0.00534198
413.6 0.00716752
413.8 0.00970645
414.0 0.0132596
414.2 0.0182434
414.4 0.0252112
414.6 0.0348447
414.8 0.0478549
415.0 0.0647972
415.2 0.085753
415.4 0.11005
415.6 0.136226
415.8 0.162257
416.0 0.186078
416.2 0.206078
416.4 0.221497
416.6 0.232444
416.8 0.239642
417.0 0.244075
417.2 0.2467
417.4 0.248246
417.6 0.249214
417.8 0.2499
418.0 0.250462
418.2 0.250961
418.4 0.25144
418.6 0.251914
418.8 0.25239
419.0 0.252873
419.2 0.253368
419.4 0.25387
419.6 0.254372
419.8 0.254869
420.0 0.255358
420.2 0.255843
420.4 0.256323
420.6 0.256788
420.8 0.25719
421.0 0.257402
421.2 0.257153
421.4 0.255972
421.6 0.253121
421.8 0.247611
422.0 0.238359
422.2 0.224506
422.4 0.205769
422.6 0.182707
422.8 0.156729
423.0 0.12979
423.2 0.103938
423.4 0.0808317
423.6 0.061416
423.8 0.0459154
424.0 0.0340124
424.2 0.0251218
424.4 0.0185911
424.6 0.0138299
424.8 0.0103641
425.0 0.00783237
425.2 0.00597177
425.4 0.00459452
425.6 0.00356626
425.8 0.00279224
426.0 0.0022045
426.2 0.00175467
426.4 0.00140763
426.6 0.00113769
426.8 0.000926177
427.0 0.000759157
427.2 0.000626293
427.4 0.00051983
427.6 0.000433881
427.8 0.000364018
428.0 0.000306842
428.2 0.000259772
428.4 0.000220786
428.6 0.000188331
428.8 0.000161255
429.0 0.000138536
429.2 0.000119485
429.4 0.000103453
429.6 8.99373e-05
429.8 7.85508e-05
430.0 6.89168e-05
430.2 6.08397e-05
430.4 5.39603e-05
430.6 4.80793e-05
430.8 4.30324e-05
431.0 3.86618e-05
431.2 3.48304e-05
431.4 3.143e-05
431.6 2.84036e-05
431.8 2.56268e-05
432.0 2.30784e-05
432.2 2.07226e-05
432.4 1.85304e-05
432.6 1.65027e-05
432.8 1.46404e-05
433.0 1.29444e-05
433.2 1.1378e-05
433.4 9.99469e-06
433.6 8.75008e-06
433.8 7.67521e-06
434.0 6.74065e-06
434.2 5.92436e-06
434.4 5.22695e-06
434.6 4.63382e-06
434.8 4.13024e-06
435.0 3.71668e-06
435.2 3.34765e-06
435.4 3.03874e-06
435.6 2.79793e-06
435.8 2.56399e-06
436.0 2.39094e-06
436.2 2.22501e-06
436.4 2.08947e-06
436.6 1.96121e-06
436.8 1.86357e-06
437.0 1.76559e-06
437.2 1.69843e-06
437.4 1.63884e-06
437.6 1.57122e-06
437.8 1.53469e-06
438.0 1.47451e-06
438.2 1.44553e-06
438.4 1.38498e-06
438.6 1.35575e-06
438.8 1.32641e-06
439.0 1.29697e-06
439.2 1.24365e-06
439.4 1.21396e-06
439.6 1.16033e-06
439.8 1.13039e-06
440.0 1.07643e-06
440.2 1.02228e-06
440.4 9.91952e-07
440.6 9.29468e-07
440.8 8.98878e-07
441.0 8.44068e-07
441.2 8.05178e-07
441.4 7.74223e-07
441.6 7.43164e-07
441.8 7.12e-07
442.0 6.72628e-07
442.2 6.49359e-07
442.4 6.17882e-07
442.6 6.10731e-07
442.8 5.79084e-07
443.0 5.55503e-07
443.2 5.23661e-07
443.4 4.91714e-07
443.6 4.67872e-07
443.8 4.3573e-07
444.0 4.03484e-07
444.2 3.54639e-07
444.4 3.22157e-07
444.6 2.89572e-07
444.8 2.56882e-07
445.0 2.24088e-07
445.2 2.16128e-07
445.4 1.83164e-07
445.6 1.50097e-07
445.8 1.4198e-07
446.0 1.42201e-07
446.2 1.08912e-07
446.4 1.09081e-07
446.6 1.09251e-07
446.8 1.01003e-07
447.0 1.0116e-07
447.2 1.01316e-07
447.4 1.01473e-07
447.6 1.01629e-07
447.8 9.33037e-08
448.0 9.34472e-08
448.2 9.35906e-08
448.4 9.37341e-08
448.6 9.38775e-08
448.8 9.4021e-08
449.0 1.28406e-07
449.2 1.28602e-07
449.4 1.28797e-07
449.6 1.28993e-07
449.8 1.29189e-07
450.0 1.29384e-07
450.2 1.55496e-07
450.4 1.64382e-07
450.6 1.6463e-07
450.8 1.64878e-07
451.0 1.91198e-07
451.2 2.00189e-07
451.4 1.74338e-07
451.6 1.65869e-07
451.8 1.66117e-07
452.0 1.66365e-07
452.2 1.40305e-07
452.4 1.40514e-07
452.6 1.40722e-07
452.8 1.40931e-07
453.0 1.14676e-07
453.2 1.14846e-07
453.4 1.06168e-07
453.6 1.06324e-07
453.8 7.98606e-08
454.0 7.9978e-08
454.2 8.00954e-08
454.4 7.13002e-08
454.6 7.14045e-08
454.8 7.15089e-08
455.0 4.47583e-08
455.2 4.48235e-08
455.4 3.59109e-08
455.6 3.59631e-08
455.8 3.60153e-08
456.0 3.60674e-08
456.2 3.61196e-08
456.4 3.61718e-08
456.6 3.62239e-08
456.8 3.62761e-08
457.0 3.63283e-08
457.2 3.63804e-08
457.4 3.64326e-08
457.6 3.64848e-08
457.8 3.65369e-08
458.0 3.65891e-08
458.2 3.66413e-08
458.4 9.17336e-09
458.6 9.1864e-09
458.8 9.19944e-09
459.0 0.0
459.2 0.0
459.4 0.0
459.6 0.0
459.8 0.0
460.0 0.0
460.2 0.0
460.4 0.0
460.6 0.0
460.8 0.0
461.0 0.0
461.2 2.80678e-08
461.4 2.81069e-08
461.6 2.81461e-08
461.8 2.81852e-08
462.0 3.76324e-08
462.2 3.76846e-08
462.4 3.77368e-08
462.6 6.61306e-08
462.8 6.62219e-08
463.0 6.63132e-08
463.2 6.64045e-08
463.4 6.64958e-08
463.6 3.80498e-08
463.8 3.81019e-08
464.0 3.81541e-08
464.2 3.82063e-08
464.4 4.7823e-08
464.6 7.66212e-08
464.8 7.67255e-08
465.0 8.64336e-08
465.2 7.69342e-08
465.4 7.70385e-08
465.6 3.85714e-08
465.8 3.86236e-08
466.0 3.86758e-08
466.2 3.87279e-08
466.4 6.78652e-08
466.6 6.79565e-08
466.8 6.80477e-08
467.0 1.07076e-07
467.2 1.07219e-07
467.4 1.07363e-07
467.6 1.07506e-07
467.8 1.17436e-07
468.0 1.17592e-07
468.2 8.83116e-08
468.4 8.84289e-08
468.6 7.87078e-08
468.8 4.92576e-08
469.0 4.93228e-08
469.2 4.9388e-08
469.4 3.95626e-08
469.6 3.96148e-08
469.8 3.96669e-08
470.0 3.97191e-08
471.0 0.0
