speclite/data/filters/odin-N501.ecsv
# %ECSV 1.0
# ---
# datatype:
# - {name: wavelength, unit: nm, datatype: float64}
# - {name: response, datatype: float64}
# meta:
#   __serialized_columns__:
#     wavelength:
#       __class__: astropy.units.quantity.Quantity
#       unit: !astropy.units.Unit {unit: nm}
#       value: !astropy.table.SerializedColumn {name: wavelength}
#   band_name: N501
#   group_name: odin
# schema: astropy-2.0
wavelength response
449.8 0.0
450.0 1.0782e-06
450.2 1.1403e-06
450.4 1.2891e-06
450.6 1.44701e-06
450.8 1.69217e-06
451.0 1.9902e-06
451.2 2.33264e-06
451.4 2.69352e-06
451.6 3.02056e-06
451.8 3.30485e-06
452.0 3.49366e-06
452.2 3.53394e-06
452.4 3.46015e-06
452.6 3.28939e-06
452.8 3.03002e-06
453.0 2.76105e-06
453.2 2.4736e-06
453.4 2.19414e-06
453.6 1.98472e-06
453.8 1.81017e-06
454.0 1.68842e-06
454.2 1.57521e-06
454.4 1.4973e-06
454.6 1.42809e-06
454.8 1.39442e-06
455.0 1.36065e-06
455.2 1.36263e-06
455.4 1.37359e-06
455.6 1.42054e-06
455.8 1.46762e-06
456.0 1.52385e-06
456.2 1.60732e-06
456.4 1.7272e-06
456.6 1.84742e-06
456.8 1.96798e-06
457.0 2.11612e-06
457.2 2.21921e-06
457.4 2.31347e-06
457.6 2.36239e-06
457.8 2.33836e-06
458.0 2.24108e-06
458.2 2.10687e-06
458.4 1.91723e-06
458.6 1.72704e-06
458.8 1.50871e-06
459.0 1.3266e-06
459.2 1.15319e-06
459.4 1.007e-06
459.6 8.97406e-07
459.8 7.9676e-07
460.0 7.2366e-07
460.2 6.87514e-07
460.4 6.23353e-07
460.6 5.8696e-07
460.8 5.87781e-07
461.0 5.60574e-07
461.2 5.52001e-07
461.4 5.62139e-07
461.6 5.62922e-07
461.8 5.91889e-07
462.0 6.30343e-07
462.2 6.40638e-07
462.4 6.69828e-07
462.6 7.08543e-07
462.8 7.47362e-07
463.0 7.86285e-07
463.2 8.15827e-07
463.4 8.45446e-07
463.6 8.46607e-07
463.8 8.09666e-07
464.0 8.01236e-07
464.2 7.64125e-07
464.4 7.2691e-07
464.6 6.89591e-07
464.8 6.23395e-07
465.0 5.76224e-07
465.2 5.48156e-07
465.4 5.1038e-07
465.6 4.725e-07
465.8 4.73139e-07
466.0 4.64109e-07
466.2 4.35689e-07
466.4 4.36276e-07
466.6 4.36863e-07
466.8 4.3745e-07
467.0 4.67239e-07
467.2 4.67865e-07
467.4 4.78251e-07
467.6 5.0821e-07
467.8 5.08888e-07
468.0 5.38965e-07
468.2 5.39682e-07
468.4 5.40399e-07
468.6 5.41116e-07
468.8 5.41834e-07
469.0 5.42551e-07
469.2 5.03758e-07
469.4 5.04423e-07
469.6 4.75377e-07
469.8 4.36336e-07
470.0 4.3691e-07
470.2 3.97713e-07
470.4 3.68367e-07
470.6 3.5888e-07
470.8 3.29404e-07
471.0 3.29834e-07
471.2 2.90233e-07
471.4 2.90611e-07
471.6 2.90989e-07
471.8 2.61226e-07
472.0 2.61565e-07
472.2 2.61904e-07
472.4 2.62243e-07
472.6 2.62582e-07
472.8 2.62921e-07
473.0 2.6326e-07
473.2 2.63599e-07
473.4 2.63938e-07
473.6 2.94619e-07
473.8 2.94694e-07
474.0 2.94768e-07
474.2 3.3551e-07
474.4 3.35595e-07
474.6 3.76368e-07
474.8 4.06987e-07
475.0 4.47799e-07
475.2 4.47912e-07
475.4 4.88754e-07
475.6 5.19432e-07
475.8 5.60313e-07
476.0 5.91025e-07
476.2 6.01366e-07
476.4 6.01517e-07
476.6 6.32262e-07
476.8 6.42622e-07
477.0 6.42783e-07
477.2 6.02123e-07
477.4 6.02274e-07
477.6 6.02426e-07
477.8 6.02577e-07
478.0 6.02729e-07
478.2 6.0288e-07
478.4 6.03032e-07
478.6 6.03183e-07
478.8 6.34012e-07
479.0 6.75086e-07
479.2 7.05949e-07
479.4 7.47061e-07
479.6 7.88193e-07
479.8 8.60063e-07
480.0 9.31968e-07
480.2 1.00391e-06
480.4 1.10663e-06
480.6 1.1889e-06
480.8 1.30196e-06
481.0 1.41508e-06
481.2 1.48724e-06
481.4 1.56968e-06
481.6 1.65217e-06
481.8 1.72444e-06
482.0 1.76594e-06
482.2 1.80746e-06
482.4 1.849e-06
482.6 1.89056e-06
482.8 1.89103e-06
483.0 1.93262e-06
483.2 1.96395e-06
483.4 2.00558e-06
483.6 2.06781e-06
483.8 2.14035e-06
484.0 2.22323e-06
484.2 2.32674e-06
484.4 2.48179e-06
484.6 2.65751e-06
484.8 2.87454e-06
485.0 3.10197e-06
485.2 3.39137e-06
485.4 3.72216e-06
485.6 4.09437e-06
485.8 4.58023e-06
486.0 5.06633e-06
486.2 5.65589e-06
486.4 6.35929e-06
486.6 7.10435e-06
486.8 7.99438e-06
487.0 8.9675e-06
487.2 1.00548e-05
487.4 1.12873e-05
487.6 1.26755e-05
487.8 1.42402e-05
488.0 1.59919e-05
488.2 1.7941e-05
488.4 2.01706e-05
488.6 2.27014e-05
488.8 2.55959e-05
489.0 2.8875e-05
489.2 3.26841e-05
489.4 3.7065e-05
489.6 4.21631e-05
489.8 4.80725e-05
490.0 5.49803e-05
490.2 6.3022e-05
490.4 7.24269e-05
490.6 8.35486e-05
490.8 9.66481e-05
491.0 0.000112173
491.2 0.000130645
491.4 0.000152668
491.6 0.000179076
491.8 0.000210798
492.0 0.000249146
492.2 0.000295707
492.4 0.000352526
492.6 0.000422199
492.8 0.000508139
493.0 0.000614709
493.2 0.000747661
493.4 0.000914521
493.6 0.00112519
493.8 0.00139284
494.0 0.00173527
494.2 0.00217612
494.4 0.00274777
494.6 0.00349472
494.8 0.00447779
495.0 0.00578216
495.2 0.00752605
495.4 0.00987462
495.6 0.0130603
495.8 0.0174039
496.0 0.0233479
496.2 0.0314786
496.4 0.0425373
496.6 0.0573921
496.8 0.0769066
497.0 0.101735
497.2 0.132002
497.4 0.167056
497.6 0.205397
497.8 0.244807
498.0 0.282772
498.2 0.316934
498.4 0.345583
498.6 0.367946
498.8 0.384161
499.0 0.395087
499.2 0.401935
499.4 0.405939
499.6 0.40813
499.8 0.409252
500.0 0.409787
500.2 0.410022
500.4 0.410118
500.6 0.410161
500.8 0.410198
501.0 0.410255
501.2 0.410348
501.4 0.410481
501.6 0.410655
501.8 0.410863
502.0 0.411094
502.2 0.411332
502.4 0.411549
502.6 0.411698
502.8 0.411683
503.0 0.41132
503.2 0.41027
503.4 0.407965
503.6 0.40355
503.8 0.395885
504.0 0.383685
504.2 0.36582
504.4 0.341692
504.6 0.311502
504.8 0.27637
505.0 0.238174
505.2 0.199266
505.4 0.162025
505.6 0.128375
505.8 0.0995196
506.0 0.0758511
506.2 0.057138
506.4 0.0427583
506.6 0.0319269
506.8 0.0238751
507.0 0.0179273
507.2 0.0135421
507.4 0.010304
507.6 0.00790133
507.8 0.00610858
508.0 0.00476117
508.2 0.00374116
508.4 0.00296299
508.6 0.00236453
508.8 0.00190074
509.0 0.00153845
509.2 0.00125341
509.4 0.00102751
509.6 0.000847212
509.8 0.000702392
510.0 0.000585321
510.2 0.000490503
510.4 0.000412927
510.6 0.000349137
510.8 0.000296411
511.0 0.00025267
511.2 0.000216198
511.4 0.000185733
511.6 0.000160108
511.8 0.000138528
512.0 0.000120293
512.2 0.000104798
512.4 9.16195e-05
512.6 8.03529e-05
512.8 7.07016e-05
513.0 6.2368e-05
513.2 5.51719e-05
513.4 4.89539e-05
513.6 4.3544e-05
513.8 3.88254e-05
514.0 3.46704e-05
514.2 3.10582e-05
514.4 2.78715e-05
514.6 2.50572e-05
514.8 2.25623e-05
515.0 2.03547e-05
515.2 1.84028e-05
515.4 1.66852e-05
515.6 1.51487e-05
515.8 1.37933e-05
516.0 1.25764e-05
516.2 1.14981e-05
516.4 1.05478e-05
516.6 9.69349e-06
516.8 8.93515e-06
517.0 8.21931e-06
517.2 7.63174e-06
517.4 7.05462e-06
517.6 6.56301e-06
517.8 6.08189e-06
518.0 5.67564e-06
518.2 5.27993e-06
518.4 4.89477e-06
518.6 4.54163e-06
518.8 4.19906e-06
519.0 3.88855e-06
519.2 3.58863e-06
519.4 3.28857e-06
519.6 3.02062e-06
519.8 2.76329e-06
520.0 2.54886e-06
520.2 2.32356e-06
520.4 2.10892e-06
520.6 1.93723e-06
520.8 1.76545e-06
521.0 1.62589e-06
521.2 1.48627e-06
521.4 1.35735e-06
521.6 1.27147e-06
521.8 1.18555e-06
522.0 1.12115e-06
522.2 1.04594e-06
522.4 9.92263e-07
522.6 9.49347e-07
522.8 9.0641e-07
523.0 8.63453e-07
523.2 8.52863e-07
523.4 8.53066e-07
523.6 8.10065e-07
523.8 8.10257e-07
524.0 8.1045e-07
524.2 7.99834e-07
524.4 7.6759e-07
524.6 7.67772e-07
524.8 7.67955e-07
525.0 7.3568e-07
525.2 7.25033e-07
525.4 6.92733e-07
525.6 6.49592e-07
525.8 6.06429e-07
526.0 5.74078e-07
526.2 5.30877e-07
526.4 4.87656e-07
526.6 4.44414e-07
526.8 4.01151e-07
527.0 3.90402e-07
527.2 3.47106e-07
527.4 3.14639e-07
527.6 3.03861e-07
527.8 2.60514e-07
528.0 2.60576e-07
528.2 2.17198e-07
528.4 2.17249e-07
528.6 2.173e-07
528.8 2.06484e-07
529.0 1.73922e-07
529.2 1.73964e-07
529.4 1.74005e-07
529.6 1.74046e-07
529.8 1.74087e-07
530.0 1.74128e-07
530.2 1.74169e-07
530.4 1.7421e-07
530.6 1.74251e-07
530.8 1.74292e-07
531.0 2.07021e-07
531.2 2.07069e-07
531.4 2.07118e-07
531.6 2.07167e-07
531.8 2.07216e-07
532.0 2.07264e-07
532.2 2.07313e-07
532.4 2.07362e-07
532.6 2.07411e-07
532.8 1.74703e-07
533.0 1.74744e-07
533.2 1.74785e-07
533.4 1.74826e-07
533.6 1.74867e-07
533.8 1.42113e-07
534.0 1.31212e-07
534.2 1.31243e-07
534.4 1.31273e-07
534.6 1.31304e-07
534.8 1.31335e-07
535.0 1.31366e-07
535.2 1.31397e-07
535.4 1.20475e-07
535.6 1.20503e-07
535.8 1.20531e-07
536.0 1.2056e-07
536.2 1.20588e-07
536.4 1.20616e-07
536.6 1.20644e-07
536.8 1.20673e-07
537.0 1.20701e-07
537.2 1.20729e-07
537.4 1.20757e-07
537.6 1.20786e-07
537.8 1.31797e-07
538.0 1.31828e-07
538.2 1.31858e-07
538.4 1.31889e-07
538.6 1.3192e-07
538.8 1.31951e-07
539.0 1.31982e-07
539.2 1.32012e-07
539.4 1.32043e-07
539.6 1.32074e-07
539.8 1.32105e-07
540.0 1.32136e-07
540.2 1.32166e-07
540.4 1.32197e-07
540.6 1.32228e-07
540.8 1.32259e-07
541.0 1.3229e-07
541.2 1.3232e-07
541.4 1.32351e-07
541.6 1.32382e-07
541.8 1.32413e-07
542.0 1.32444e-07
542.2 1.32474e-07
542.4 1.32505e-07
542.6 1.32536e-07
542.8 1.32567e-07
543.0 1.32598e-07
543.2 1.32628e-07
543.4 1.32659e-07
543.6 1.3269e-07
543.8 9.95406e-08
544.0 8.8501e-08
544.2 8.85216e-08
544.4 8.85421e-08
544.6 8.85626e-08
544.8 8.85831e-08
545.0 8.86037e-08
545.2 8.86242e-08
545.4 5.5403e-08
545.6 4.43326e-08
545.8 4.43429e-08
546.0 4.43532e-08
546.2 4.43634e-08
546.4 4.43737e-08
546.6 4.4384e-08
546.8 4.43942e-08
547.0 4.44045e-08
547.2 4.44148e-08
547.4 4.4425e-08
547.6 4.44353e-08
547.8 4.44456e-08
548.0 4.44558e-08
548.2 7.78157e-08
548.4 7.78336e-08
548.6 7.78516e-08
548.8 8.89938e-08
549.0 8.90143e-08
549.2 8.90348e-08
549.4 1.22451e-07
549.6 1.22479e-07
549.8 1.33645e-07
550.0 1.67094e-07
550.2 0.0

