speclite/data/filters/panstarrs-y.ecsv
# %ECSV 1.0
# ---
# datatype:
# - {name: wavelength, unit: nm, datatype: float64, format: '{:f}'}
# - {name: response, datatype: float64}
# meta:
#   __serialized_columns__:
#     wavelength:
#       __class__: astropy.units.quantity.Quantity
#       unit: !astropy.units.Unit {unit: nm}
#       value: !astropy.table.SerializedColumn {name: wavelength}
#   band_name: y
#   description: "\n# Table from Tonry+2012, https://ui.adsabs.harvard.edu/abs/2012ApJ...750...99T/abstract\n# Parsed into per-filter\
#     \ tables via this code:\nfrom astropy.table import Table, QTable, Column\nT = Table.read('panstarrs-tonry2012.fits')\nfor band in\
#     \ 'grizyw':\n    QT = QTable(meta={'group_name': 'panstarrs', 'band_name': band})\n    if band == 'y':\n        # Artificially force\
#     \ the response to zero at the end of the wavelength range, as required by the reading code\n        lam = T['lambda']\n        lam\
#     \ = Column(np.append(lam.value, lam.value[-1]+1.0), unit=lam.unit, name=lam.name)\n        resp = T['%sp1' % band]\n        resp\
#     \ = Column(np.append(resp.value, 0.), name=resp.name)\n        QT['wavelength'] = lam\n        QT['response'] = resp\n    else:\n\
#     \        QT['wavelength'] = T['lambda'] * 1.0 #10. * T['lambda'] * u.angstrom\n        QT['response'] = T['%sp1' % band].value\n\
#     \    QT['wavelength'].info.format = '{:f}'\n    QT.write('speclite/data/filters/panstarrs-%s.ecsv' % band, format='ascii.ecsv',\
#     \ overwrite=True)\n"
#   group_name: panstarrs
# schema: astropy-2.0
wavelength response
380.0 0.0
381.0 0.0
382.0 0.0
383.0 0.0
384.0 0.0
385.0 0.0
386.0 0.0
387.0 0.0
388.0 0.0
389.0 0.0
390.0 0.0
391.0 0.0
392.0 0.0
393.0 0.0
394.0 0.0
395.0 0.0
396.0 0.0
397.0 0.0
398.0 0.0
399.0 0.0
400.0 0.0
401.0 0.0
402.0 0.0
403.0 0.0
404.0 0.0
405.0 0.0
406.0 0.0
407.0 0.0
408.0 0.0
409.0 0.0
410.0 0.0
411.0 0.0
412.0 0.0
413.0 0.0
414.0 0.0
415.0 0.0
416.0 0.0
417.0 0.0
418.0 0.0
419.0 0.0
420.0 0.0
421.0 0.0
422.0 0.0
423.0 0.0
424.0 0.0
425.0 0.0
426.0 0.0
427.0 0.0
428.0 0.0
429.0 0.0
430.0 0.0
431.0 0.0
432.0 0.0
433.0 0.0
434.0 0.0
435.0 0.0
436.0 0.0
437.0 0.0
438.0 0.0
439.0 0.0
440.0 0.0
441.0 0.0
442.0 0.0
443.0 0.0
444.0 0.0
445.0 0.0
446.0 0.0
447.0 0.0
448.0 0.0
449.0 0.0
450.0 0.0
451.0 0.0
452.0 0.0
453.0 0.0
454.0 0.0
455.0 0.0
456.0 0.0
457.0 0.0
458.0 0.0
459.0 0.0
460.0 0.0
461.0 0.0
462.0 0.0
463.0 0.0
464.0 0.0
465.0 0.0
466.0 0.0
467.0 0.0
468.0 0.0
469.0 0.0
470.0 0.0
471.0 0.0
472.0 0.0
473.0 0.0
474.0 0.0
475.0 0.0
476.0 0.0
477.0 0.0
478.0 0.0
479.0 0.0
480.0 0.0
481.0 0.0
482.0 0.0
483.0 0.0
484.0 0.0
485.0 0.0
486.0 0.0
487.0 0.0
488.0 0.0
489.0 0.0
490.0 0.0
491.0 0.0
492.0 0.0
493.0 0.0
494.0 0.0
495.0 0.0
496.0 0.0
497.0 0.0
498.0 0.0
499.0 0.0
500.0 0.0
501.0 0.0
502.0 0.0
503.0 0.0
504.0 0.0
505.0 0.0
506.0 0.0
507.0 0.0
508.0 0.0
509.0 0.0
510.0 0.0
511.0 0.0
512.0 0.0
513.0 0.0
514.0 0.0
515.0 0.0
516.0 0.0
517.0 0.0
518.0 0.0
519.0 0.0
520.0 0.0
521.0 0.0
522.0 0.0
523.0 0.0
524.0 0.0
525.0 0.0
526.0 0.0
527.0 0.0
528.0 0.0
529.0 0.0
530.0 0.0
531.0 0.0
532.0 0.0
533.0 0.0
534.0 0.0
535.0 0.0
536.0 0.0
537.0 0.0
538.0 0.0
539.0 0.0
540.0 0.0
541.0 0.0
542.0 0.0
543.0 0.0
544.0 0.0
545.0 0.0
546.0 0.0
547.0 0.0
548.0 0.0
549.0 0.0
550.0 0.0
551.0 0.0
552.0 0.0
553.0 0.0
554.0 0.0
555.0 0.0
556.0 0.0
557.0 0.0
558.0 0.0
559.0 0.0
560.0 0.0
561.0 0.0
562.0 0.0
563.0 0.0
564.0 0.0
565.0 0.0
566.0 0.0
567.0 0.0
568.0 0.0
569.0 0.0
570.0 0.0
571.0 0.0
572.0 0.0
573.0 0.0
574.0 0.0
575.0 0.0
576.0 0.0
577.0 0.0
578.0 0.0
579.0 0.0
580.0 0.0
581.0 0.0
582.0 0.0
583.0 0.0
584.0 0.0
585.0 0.0
586.0 0.0
587.0 0.0
588.0 0.0
589.0 0.0
590.0 0.0
591.0 0.0
592.0 0.0
593.0 0.0
594.0 0.0
595.0 0.0
596.0 0.0
597.0 0.0
598.0 0.0
599.0 0.0
600.0 0.0
601.0 0.0
602.0 0.0
603.0 0.0
604.0 0.0
605.0 0.0
606.0 0.0
607.0 0.0
608.0 0.0
609.0 0.0
610.0 0.0
611.0 0.0
612.0 0.0
613.0 0.0
614.0 0.0
615.0 0.0
616.0 0.0
617.0 0.0
618.0 0.0
619.0 0.0
620.0 0.0
621.0 0.0
622.0 0.0
623.0 0.0
624.0 0.0
625.0 0.0
626.0 0.0
627.0 0.0
628.0 0.0
629.0 0.0
630.0 0.0
631.0 0.0
632.0 0.0
633.0 0.0
634.0 0.0
635.0 0.0
636.0 0.0
637.0 0.0
638.0 0.0
639.0 0.0
640.0 0.0
641.0 0.0
642.0 0.0
643.0 0.0
644.0 0.0
645.0 0.0
646.0 0.0
647.0 0.0
648.0 0.0
649.0 0.0
650.0 0.0
651.0 0.0
652.0 0.0
653.0 0.0
654.0 0.0
655.0 0.0
656.0 0.0
657.0 0.0
658.0 0.0
659.0 0.0
660.0 0.0
661.0 0.0
662.0 0.0
663.0 0.0
664.0 0.0
665.0 0.0
666.0 0.0
667.0 0.0
668.0 0.0
669.0 0.0
670.0 0.0
671.0 0.0
672.0 0.0
673.0 0.0
674.0 0.0
675.0 0.0
676.0 0.0
677.0 0.0
678.0 0.0
679.0 0.0
680.0 0.0
681.0 0.0
682.0 0.0
683.0 0.0
684.0 0.0
685.0 0.0
686.0 0.0
687.0 0.0
688.0 0.0
689.0 0.0
690.0 0.0
691.0 0.0
692.0 0.0
693.0 0.0
694.0 0.0
695.0 0.0
696.0 0.0
697.0 0.0
698.0 0.0
699.0 0.0
700.0 0.0
701.0 0.0
702.0 0.0
703.0 0.0
704.0 0.0
705.0 0.0
706.0 0.0
707.0 0.0
708.0 0.0
709.0 0.0
710.0 0.0
711.0 0.0
712.0 0.0
713.0 0.0
714.0 0.0
715.0 0.0
716.0 0.0
717.0 0.0
718.0 0.0
719.0 0.0
720.0 0.0
721.0 0.0
722.0 0.0
723.0 0.0
724.0 0.0
725.0 0.0
726.0 0.0
727.0 0.0
728.0 0.0
729.0 0.0
730.0 0.0
731.0 0.0
732.0 0.0
733.0 0.0
734.0 0.0
735.0 0.0
736.0 0.0
737.0 0.0
738.0 0.0
739.0 0.0
740.0 0.0
741.0 0.0
742.0 0.0
743.0 0.0
744.0 0.0
745.0 0.0
746.0 0.0
747.0 0.0
748.0 0.0
749.0 0.0
750.0 0.0
751.0 0.0
752.0 0.0
753.0 0.0
754.0 0.0
755.0 0.0
756.0 0.0
757.0 0.0
758.0 0.0
759.0 0.0
760.0 0.0
761.0 0.0
762.0 0.0
763.0 0.0
764.0 0.0
765.0 0.0
766.0 0.0
767.0 0.0
768.0 0.0
769.0 0.0
770.0 0.0
771.0 0.0
772.0 0.0
773.0 0.0
774.0 0.0
775.0 0.0
776.0 0.0
777.0 0.0
778.0 0.0
779.0 0.0
780.0 0.0
781.0 0.0
782.0 0.0
783.0 0.0
784.0 0.0
785.0 0.0
786.0 0.0
787.0 0.0
788.0 0.0
789.0 0.0
790.0 0.0
791.0 0.0
792.0 0.0
793.0 0.0
794.0 0.0
795.0 0.0
796.0 0.0
797.0 0.0
798.0 0.0
799.0 0.0
800.0 0.0
801.0 0.0
802.0 0.0
803.0 0.0
804.0 0.0
805.0 0.0
806.0 0.0
807.0 0.0
808.0 0.0
809.0 0.0
810.0 0.0
811.0 0.0
812.0 0.0
813.0 0.0
814.0 0.0
815.0 0.0
816.0 0.0
817.0 0.0
818.0 0.0
819.0 0.0
820.0 0.0
821.0 0.0
822.0 0.0
823.0 0.0
824.0 0.0
825.0 0.0
826.0 0.0
827.0 0.0
828.0 0.0
829.0 0.0
830.0 0.0
831.0 0.0
832.0 0.0
833.0 0.0
834.0 0.0
835.0 0.0
836.0 0.0
837.0 0.0
838.0 0.0
839.0 0.0
840.0 0.0
841.0 0.0
842.0 0.0
843.0 0.0
844.0 0.0
845.0 0.0
846.0 0.0
847.0 0.0
848.0 0.0
849.0 0.0
850.0 0.0
851.0 0.0
852.0 0.0
853.0 0.0
854.0 0.0
855.0 0.0
856.0 0.0
857.0 0.0
858.0 0.0
859.0 0.0
860.0 0.0
861.0 0.0
862.0 0.0
863.0 0.0
864.0 0.0
865.0 0.0
866.0 0.0
867.0 0.0
868.0 0.0
869.0 0.0
870.0 0.0
871.0 0.0
872.0 0.0
873.0 0.0
874.0 0.0
875.0 0.0
876.0 0.0
877.0 0.0
878.0 0.0
879.0 0.0
880.0 0.0
881.0 0.0
882.0 0.0
883.0 0.0
884.0 0.0
885.0 0.0
886.0 0.0
887.0 0.0
888.0 0.0
889.0 0.0
890.0 0.0
891.0 0.0
892.0 0.0
893.0 0.0
894.0 0.0
895.0 0.0
896.0 0.0
897.0 0.0010000000474974513
898.0 0.0010000000474974513
899.0 0.0010000000474974513
900.0 0.0010000000474974513
901.0 0.0020000000949949026
902.0 0.0020000000949949026
903.0 0.0020000000949949026
904.0 0.0020000000949949026
905.0 0.0020000000949949026
906.0 0.003000000026077032
907.0 0.003000000026077032
908.0 0.003000000026077032
909.0 0.004999999888241291
910.0 0.006000000052154064
911.0 0.008999999612569809
912.0 0.014999999664723873
913.0 0.024000000208616257
914.0 0.03999999910593033
915.0 0.06599999964237213
916.0 0.09799999743700027
917.0 0.15199999511241913
918.0 0.19900000095367432
919.0 0.2709999978542328
920.0 0.33500000834465027
921.0 0.40299999713897705
922.0 0.45100000500679016
923.0 0.5059999823570251
924.0 0.5389999747276306
925.0 0.5649999976158142
926.0 0.5910000205039978
927.0 0.6150000095367432
928.0 0.597000002861023
929.0 0.6010000109672546
930.0 0.5699999928474426
931.0 0.5429999828338623
932.0 0.5009999871253967
933.0 0.4860000014305115
934.0 0.4350000023841858
935.0 0.46399998664855957
936.0 0.4009999930858612
937.0 0.4350000023841858
938.0 0.4410000145435333
939.0 0.5130000114440918
940.0 0.5289999842643738
941.0 0.49799999594688416
942.0 0.49900001287460327
943.0 0.4309999942779541
944.0 0.4189999997615814
945.0 0.47099998593330383
946.0 0.38600000739097595
947.0 0.45899999141693115
948.0 0.40400001406669617
949.0 0.4869999885559082
950.0 0.3490000069141388
951.0 0.47999998927116394
952.0 0.38600000739097595
953.0 0.421999990940094
954.0 0.4350000023841858
955.0 0.4129999876022339
956.0 0.4020000100135803
957.0 0.3880000114440918
958.0 0.41200000047683716
959.0 0.39500001072883606
960.0 0.4009999930858612
961.0 0.4009999930858612
962.0 0.39399999380111694
963.0 0.39899998903274536
964.0 0.38600000739097595
965.0 0.3869999945163727
966.0 0.38199999928474426
967.0 0.38100001215934753
968.0 0.3880000114440918
969.0 0.38999998569488525
970.0 0.3779999911785126
971.0 0.3799999952316284
972.0 0.36800000071525574
973.0 0.3580000102519989
974.0 0.3490000069141388
975.0 0.3409999907016754
976.0 0.3370000123977661
977.0 0.33500000834465027
978.0 0.3269999921321869
979.0 0.32600000500679016
980.0 0.3149999976158142
981.0 0.3179999887943268
982.0 0.3109999895095825
983.0 0.3019999861717224
984.0 0.3009999990463257
985.0 0.2919999957084656
986.0 0.28999999165534973
987.0 0.28200000524520874
988.0 0.27399998903274536
989.0 0.2680000066757202
990.0 0.25999999046325684
991.0 0.2549999952316284
992.0 0.25
993.0 0.24300000071525574
994.0 0.23800000548362732
995.0 0.23199999332427979
996.0 0.22699999809265137
997.0 0.22100000083446503
998.0 0.2160000056028366
999.0 0.210999995470047
1000.0 0.20499999821186066
1001.0 0.20000000298023224
1002.0 0.19499999284744263
1003.0 0.1889999955892563
1004.0 0.18299999833106995
1005.0 0.17800000309944153
1006.0 0.17299999296665192
1007.0 0.1679999977350235
1008.0 0.16200000047683716
1009.0 0.15700000524520874
1010.0 0.15199999511241913
1011.0 0.1469999998807907
1012.0 0.14100000262260437
1013.0 0.13600000739097595
1014.0 0.13099999725818634
1015.0 0.12700000405311584
1016.0 0.12399999797344208
1017.0 0.11999999731779099
1018.0 0.11599999666213989
1019.0 0.11100000143051147
1020.0 0.10599999874830246
1021.0 0.10199999809265137
1022.0 0.09700000286102295
1023.0 0.09399999678134918
1024.0 0.09099999815225601
1025.0 0.08799999952316284
1026.0 0.08399999886751175
1027.0 0.08100000023841858
1028.0 0.07800000160932541
1029.0 0.07500000298023224
1030.0 0.07100000232458115
1031.0 0.06700000166893005
1032.0 0.06400000303983688
1033.0 0.05999999865889549
1034.0 0.05700000002980232
1035.0 0.054999999701976776
1036.0 0.05299999937415123
1037.0 0.05000000074505806
1038.0 0.04800000041723251
1039.0 0.04500000178813934
1040.0 0.0430000014603138
1041.0 0.04100000113248825
1042.0 0.039000000804662704
1043.0 0.03700000047683716
1044.0 0.035999998450279236
1045.0 0.03500000014901161
1046.0 0.03400000184774399
1047.0 0.032999999821186066
1048.0 0.03200000151991844
1049.0 0.029999999329447746
1050.0 0.028999999165534973
1051.0 0.02800000086426735
1052.0 0.027000000700354576
1053.0 0.026000000536441803
1054.0 0.02500000037252903
1055.0 0.024000000208616257
1056.0 0.023000000044703484
1057.0 0.02199999988079071
1058.0 0.020999999716877937
1059.0 0.019999999552965164
1060.0 0.01899999938905239
1061.0 0.017999999225139618
1062.0 0.017000000923871994
1063.0 0.01600000075995922
1064.0 0.014999999664723873
1065.0 0.014999999664723873
1066.0 0.014000000432133675
1067.0 0.014000000432133675
1068.0 0.013000000268220901
1069.0 0.012000000104308128
1070.0 0.012000000104308128
1071.0 0.010999999940395355
1072.0 0.010999999940395355
1073.0 0.010999999940395355
1074.0 0.009999999776482582
1075.0 0.009999999776482582
1076.0 0.008999999612569809
1077.0 0.008999999612569809
1078.0 0.00800000037997961
1079.0 0.00800000037997961
1080.0 0.00800000037997961
1081.0 0.007000000216066837
1082.0 0.007000000216066837
1083.0 0.007000000216066837
1084.0 0.006000000052154064
1085.0 0.006000000052154064
1086.0 0.006000000052154064
1087.0 0.006000000052154064
1088.0 0.004999999888241291
1089.0 0.004999999888241291
1090.0 0.004999999888241291
1091.0 0.004999999888241291
1092.0 0.004000000189989805
1093.0 0.004000000189989805
1094.0 0.004000000189989805
1095.0 0.004000000189989805
1096.0 0.003000000026077032
1097.0 0.003000000026077032
1098.0 0.003000000026077032
1099.0 0.003000000026077032
1100.0 0.0020000000949949026
1101.0 0.0
