speclite/data/filters/panstarrs-g.ecsv
# %ECSV 1.0
# ---
# datatype:
# - {name: wavelength, unit: nm, datatype: float64, format: '{:f}'}
# - {name: response, datatype: float32}
# meta:
#   __serialized_columns__:
#     wavelength:
#       __class__: astropy.units.quantity.Quantity
#       unit: !astropy.units.Unit {unit: nm}
#       value: !astropy.table.SerializedColumn {name: wavelength}
#   band_name: g
#   description: "\n# Table from Tonry+2012, https://ui.adsabs.harvard.edu/abs/2012ApJ...750...99T/abstract\n# Parsed into per-filter\
#     \ tables via this code:\nfrom astropy.table import Table, QTable, Column\nT = Table.read('panstarrs-tonry2012.fits')\nfor band in\
#     \ 'grizyw':\n    QT = QTable(meta={'group_name': 'panstarrs', 'band_name': band})\n    if band == 'y':\n        # Artificially force\
#     \ the response to zero at the end of the wavelength range, as required by the reading code\n        lam = T['lambda']\n        lam\
#     \ = Column(np.append(lam.value, lam.value[-1]+1.0), unit=lam.unit, name=lam.name)\n        resp = T['%sp1' % band]\n        resp\
#     \ = Column(np.append(resp.value, 0.), name=resp.name)\n        QT['wavelength'] = lam\n        QT['response'] = resp\n    else:\n\
#     \        QT['wavelength'] = T['lambda'] * 1.0 #10. * T['lambda'] * u.angstrom\n        QT['response'] = T['%sp1' % band].value\n\
#     \    QT['wavelength'].info.format = '{:f}'\n    QT.write('speclite/data/filters/panstarrs-%s.ecsv' % band, format='ascii.ecsv',\
#     \ overwrite=True)\n"
#   group_name: panstarrs
# schema: astropy-2.0
wavelength response
380.0 0.0
381.0 0.0
382.0 0.0
383.0 0.0
384.0 0.0
385.0 0.0
386.0 0.0
387.0 0.0
388.0 0.0
389.0 0.0
390.0 0.001
391.0 0.001
392.0 0.001
393.0 0.002
394.0 0.004
395.0 0.007
396.0 0.012
397.0 0.021
398.0 0.035
399.0 0.053
400.0 0.073
401.0 0.096
402.0 0.118
403.0 0.135
404.0 0.147
405.0 0.157
406.0 0.163
407.0 0.167
408.0 0.171
409.0 0.175
410.0 0.181
411.0 0.186
412.0 0.192
413.0 0.199
414.0 0.204
415.0 0.206
416.0 0.208
417.0 0.211
418.0 0.217
419.0 0.225
420.0 0.233
421.0 0.24
422.0 0.246
423.0 0.249
424.0 0.25
425.0 0.25
426.0 0.253
427.0 0.259
428.0 0.268
429.0 0.277
430.0 0.286
431.0 0.295
432.0 0.3
433.0 0.302
434.0 0.302
435.0 0.304
436.0 0.309
437.0 0.316
438.0 0.323
439.0 0.33
440.0 0.336
441.0 0.34
442.0 0.341
443.0 0.342
444.0 0.344
445.0 0.348
446.0 0.354
447.0 0.361
448.0 0.368
449.0 0.374
450.0 0.38
451.0 0.386
452.0 0.392
453.0 0.396
454.0 0.398
455.0 0.398
456.0 0.394
457.0 0.388
458.0 0.384
459.0 0.382
460.0 0.384
461.0 0.388
462.0 0.393
463.0 0.396
464.0 0.396
465.0 0.396
466.0 0.397
467.0 0.397
468.0 0.399
469.0 0.4
470.0 0.401
471.0 0.402
472.0 0.403
473.0 0.405
474.0 0.408
475.0 0.413
476.0 0.418
477.0 0.424
478.0 0.431
479.0 0.437
480.0 0.441
481.0 0.444
482.0 0.446
483.0 0.448
484.0 0.451
485.0 0.453
486.0 0.456
487.0 0.458
488.0 0.46
489.0 0.46
490.0 0.459
491.0 0.455
492.0 0.451
493.0 0.45
494.0 0.453
495.0 0.459
496.0 0.463
497.0 0.467
498.0 0.471
499.0 0.472
500.0 0.471
501.0 0.468
502.0 0.466
503.0 0.463
504.0 0.459
505.0 0.457
506.0 0.456
507.0 0.455
508.0 0.456
509.0 0.456
510.0 0.457
511.0 0.458
512.0 0.459
513.0 0.461
514.0 0.465
515.0 0.469
516.0 0.473
517.0 0.475
518.0 0.476
519.0 0.475
520.0 0.473
521.0 0.472
522.0 0.473
523.0 0.473
524.0 0.474
525.0 0.473
526.0 0.472
527.0 0.474
528.0 0.477
529.0 0.483
530.0 0.489
531.0 0.495
532.0 0.498
533.0 0.5
534.0 0.501
535.0 0.502
536.0 0.502
537.0 0.502
538.0 0.502
539.0 0.502
540.0 0.501
541.0 0.5
542.0 0.496
543.0 0.493
544.0 0.489
545.0 0.486
546.0 0.481
547.0 0.467
548.0 0.438
549.0 0.39
550.0 0.323
551.0 0.248
552.0 0.175
553.0 0.113
554.0 0.068
555.0 0.041
556.0 0.025
557.0 0.015
558.0 0.009
559.0 0.006
560.0 0.003
561.0 0.002
562.0 0.002
563.0 0.001
564.0 0.001
565.0 0.001
566.0 0.001
567.0 0.0
568.0 0.0
569.0 0.0
570.0 0.0
571.0 0.0
572.0 0.0
573.0 0.0
574.0 0.0
575.0 0.0
576.0 0.0
577.0 0.0
578.0 0.0
579.0 0.0
580.0 0.0
581.0 0.0
582.0 0.0
583.0 0.0
584.0 0.0
585.0 0.0
586.0 0.0
587.0 0.0
588.0 0.0
589.0 0.0
590.0 0.0
591.0 0.0
592.0 0.0
593.0 0.0
594.0 0.0
595.0 0.0
596.0 0.0
597.0 0.0
598.0 0.0
599.0 0.0
600.0 0.0
601.0 0.0
602.0 0.0
603.0 0.0
604.0 0.0
605.0 0.0
606.0 0.0
607.0 0.0
608.0 0.0
609.0 0.0
610.0 0.0
611.0 0.0
612.0 0.0
613.0 0.0
614.0 0.0
615.0 0.0
616.0 0.0
617.0 0.0
618.0 0.0
619.0 0.0
620.0 0.0
621.0 0.0
622.0 0.0
623.0 0.0
624.0 0.0
625.0 0.0
626.0 0.0
627.0 0.0
628.0 0.0
629.0 0.0
630.0 0.0
631.0 0.0
632.0 0.0
633.0 0.0
634.0 0.0
635.0 0.0
636.0 0.0
637.0 0.0
638.0 0.0
639.0 0.0
640.0 0.0
641.0 0.0
642.0 0.0
643.0 0.0
644.0 0.0
645.0 0.0
646.0 0.0
647.0 0.0
648.0 0.0
649.0 0.0
650.0 0.0
651.0 0.0
652.0 0.0
653.0 0.0
654.0 0.0
655.0 0.0
656.0 0.0
657.0 0.0
658.0 0.0
659.0 0.0
660.0 0.0
661.0 0.0
662.0 0.0
663.0 0.0
664.0 0.0
665.0 0.0
666.0 0.0
667.0 0.0
668.0 0.0
669.0 0.0
670.0 0.0
671.0 0.0
672.0 0.0
673.0 0.0
674.0 0.0
675.0 0.0
676.0 0.0
677.0 0.0
678.0 0.0
679.0 0.0
680.0 0.0
681.0 0.0
682.0 0.0
683.0 0.0
684.0 0.0
685.0 0.0
686.0 0.0
687.0 0.0
688.0 0.0
689.0 0.0
690.0 0.0
691.0 0.0
692.0 0.0
693.0 0.0
694.0 0.0
695.0 0.0
696.0 0.0
697.0 0.0
698.0 0.0
699.0 0.0
700.0 0.0
701.0 0.0
702.0 0.0
703.0 0.0
704.0 0.0
705.0 0.0
706.0 0.0
707.0 0.0
708.0 0.0
709.0 0.0
710.0 0.0
711.0 0.0
712.0 0.0
713.0 0.0
714.0 0.0
715.0 0.0
716.0 0.0
717.0 0.0
718.0 0.0
719.0 0.0
720.0 0.0
721.0 0.0
722.0 0.0
723.0 0.0
724.0 0.0
725.0 0.0
726.0 0.0
727.0 0.0
728.0 0.0
729.0 0.0
730.0 0.0
731.0 0.0
732.0 0.0
733.0 0.0
734.0 0.0
735.0 0.0
736.0 0.0
737.0 0.0
738.0 0.0
739.0 0.0
740.0 0.0
741.0 0.0
742.0 0.0
743.0 0.0
744.0 0.0
745.0 0.0
746.0 0.0
747.0 0.0
748.0 0.0
749.0 0.0
750.0 0.0
751.0 0.0
752.0 0.0
753.0 0.0
754.0 0.0
755.0 0.0
756.0 0.0
757.0 0.0
758.0 0.0
759.0 0.0
760.0 0.0
761.0 0.0
762.0 0.0
763.0 0.0
764.0 0.0
765.0 0.0
766.0 0.0
767.0 0.0
768.0 0.0
769.0 0.0
770.0 0.0
771.0 0.0
772.0 0.0
773.0 0.0
774.0 0.0
775.0 0.0
776.0 0.0
777.0 0.0
778.0 0.0
779.0 0.0
780.0 0.0
781.0 0.0
782.0 0.0
783.0 0.0
784.0 0.0
785.0 0.0
786.0 0.0
787.0 0.0
788.0 0.0
789.0 0.0
790.0 0.0
791.0 0.0
792.0 0.0
793.0 0.0
794.0 0.0
795.0 0.0
796.0 0.0
797.0 0.0
798.0 0.0
799.0 0.0
800.0 0.0
801.0 0.0
802.0 0.0
803.0 0.0
804.0 0.0
805.0 0.0
806.0 0.0
807.0 0.0
808.0 0.0
809.0 0.0
810.0 0.0
811.0 0.0
812.0 0.0
813.0 0.0
814.0 0.0
815.0 0.0
816.0 0.0
817.0 0.0
818.0 0.0
819.0 0.0
820.0 0.0
821.0 0.0
822.0 0.0
823.0 0.0
824.0 0.0
825.0 0.0
826.0 0.0
827.0 0.0
828.0 0.0
829.0 0.0
830.0 0.0
831.0 0.0
832.0 0.0
833.0 0.0
834.0 0.0
835.0 0.0
836.0 0.0
837.0 0.0
838.0 0.0
839.0 0.0
840.0 0.0
841.0 0.0
842.0 0.0
843.0 0.0
844.0 0.0
845.0 0.0
846.0 0.0
847.0 0.0
848.0 0.0
849.0 0.0
850.0 0.0
851.0 0.0
852.0 0.0
853.0 0.0
854.0 0.0
855.0 0.0
856.0 0.0
857.0 0.0
858.0 0.0
859.0 0.0
860.0 0.0
861.0 0.0
862.0 0.0
863.0 0.0
864.0 0.0
865.0 0.0
866.0 0.0
867.0 0.0
868.0 0.0
869.0 0.0
870.0 0.0
871.0 0.0
872.0 0.0
873.0 0.0
874.0 0.0
875.0 0.0
876.0 0.0
877.0 0.0
878.0 0.0
879.0 0.0
880.0 0.0
881.0 0.0
882.0 0.0
883.0 0.0
884.0 0.0
885.0 0.0
886.0 0.0
887.0 0.0
888.0 0.0
889.0 0.0
890.0 0.0
891.0 0.0
892.0 0.0
893.0 0.0
894.0 0.0
895.0 0.0
896.0 0.0
897.0 0.0
898.0 0.0
899.0 0.0
900.0 0.0
901.0 0.0
902.0 0.0
903.0 0.0
904.0 0.0
905.0 0.0
906.0 0.0
907.0 0.0
908.0 0.0
909.0 0.0
910.0 0.0
911.0 0.0
912.0 0.0
913.0 0.0
914.0 0.0
915.0 0.0
916.0 0.0
917.0 0.0
918.0 0.0
919.0 0.0
920.0 0.0
921.0 0.0
922.0 0.0
923.0 0.0
924.0 0.0
925.0 0.0
926.0 0.0
927.0 0.0
928.0 0.0
929.0 0.0
930.0 0.0
931.0 0.0
932.0 0.0
933.0 0.0
934.0 0.0
935.0 0.0
936.0 0.0
937.0 0.0
938.0 0.0
939.0 0.0
940.0 0.0
941.0 0.0
942.0 0.0
943.0 0.0
944.0 0.0
945.0 0.0
946.0 0.0
947.0 0.0
948.0 0.0
949.0 0.0
950.0 0.0
951.0 0.0
952.0 0.0
953.0 0.0
954.0 0.0
955.0 0.0
956.0 0.0
957.0 0.0
958.0 0.0
959.0 0.0
960.0 0.0
961.0 0.0
962.0 0.0
963.0 0.0
964.0 0.0
965.0 0.0
966.0 0.0
967.0 0.0
968.0 0.0
969.0 0.0
970.0 0.0
971.0 0.0
972.0 0.0
973.0 0.0
974.0 0.0
975.0 0.0
976.0 0.0
977.0 0.0
978.0 0.0
979.0 0.0
980.0 0.0
981.0 0.0
982.0 0.0
983.0 0.0
984.0 0.0
985.0 0.0
986.0 0.0
987.0 0.0
988.0 0.0
989.0 0.0
990.0 0.0
991.0 0.0
992.0 0.0
993.0 0.0
994.0 0.0
995.0 0.0
996.0 0.0
997.0 0.0
998.0 0.0
999.0 0.0
1000.0 0.0
1001.0 0.0
1002.0 0.0
1003.0 0.0
1004.0 0.0
1005.0 0.0
1006.0 0.0
1007.0 0.0
1008.0 0.0
1009.0 0.0
1010.0 0.0
1011.0 0.0
1012.0 0.0
1013.0 0.0
1014.0 0.0
1015.0 0.0
1016.0 0.0
1017.0 0.0
1018.0 0.0
1019.0 0.0
1020.0 0.0
1021.0 0.0
1022.0 0.0
1023.0 0.0
1024.0 0.0
1025.0 0.0
1026.0 0.0
1027.0 0.0
1028.0 0.0
1029.0 0.0
1030.0 0.0
1031.0 0.0
1032.0 0.0
1033.0 0.0
1034.0 0.0
1035.0 0.0
1036.0 0.0
1037.0 0.0
1038.0 0.0
1039.0 0.0
1040.0 0.0
1041.0 0.0
1042.0 0.0
1043.0 0.0
1044.0 0.0
1045.0 0.0
1046.0 0.0
1047.0 0.0
1048.0 0.0
1049.0 0.0
1050.0 0.0
1051.0 0.0
1052.0 0.0
1053.0 0.0
1054.0 0.0
1055.0 0.0
1056.0 0.0
1057.0 0.0
1058.0 0.0
1059.0 0.0
1060.0 0.0
1061.0 0.0
1062.0 0.0
1063.0 0.0
1064.0 0.0
1065.0 0.0
1066.0 0.0
1067.0 0.0
1068.0 0.0
1069.0 0.0
1070.0 0.0
1071.0 0.0
1072.0 0.0
1073.0 0.0
1074.0 0.0
1075.0 0.0
1076.0 0.0
1077.0 0.0
1078.0 0.0
1079.0 0.0
1080.0 0.0
1081.0 0.0
1082.0 0.0
1083.0 0.0
1084.0 0.0
1085.0 0.0
1086.0 0.0
1087.0 0.0
1088.0 0.0
1089.0 0.0
1090.0 0.0
1091.0 0.0
1092.0 0.0
1093.0 0.0
1094.0 0.0
1095.0 0.0
1096.0 0.0
1097.0 0.0
1098.0 0.0
1099.0 0.0
1100.0 0.0
