speclite/data/filters/panstarrs-w.ecsv
# %ECSV 1.0
# ---
# datatype:
# - {name: wavelength, unit: nm, datatype: float64, format: '{:f}'}
# - {name: response, datatype: float32}
# meta:
#   __serialized_columns__:
#     wavelength:
#       __class__: astropy.units.quantity.Quantity
#       unit: !astropy.units.Unit {unit: nm}
#       value: !astropy.table.SerializedColumn {name: wavelength}
#   band_name: w
#   description: "\n# Table from Tonry+2012, https://ui.adsabs.harvard.edu/abs/2012ApJ...750...99T/abstract\n# Parsed into per-filter\
#     \ tables via this code:\nfrom astropy.table import Table, QTable, Column\nT = Table.read('panstarrs-tonry2012.fits')\nfor band in\
#     \ 'grizyw':\n    QT = QTable(meta={'group_name': 'panstarrs', 'band_name': band})\n    if band == 'y':\n        # Artificially force\
#     \ the response to zero at the end of the wavelength range, as required by the reading code\n        lam = T['lambda']\n        lam\
#     \ = Column(np.append(lam.value, lam.value[-1]+1.0), unit=lam.unit, name=lam.name)\n        resp = T['%sp1' % band]\n        resp\
#     \ = Column(np.append(resp.value, 0.), name=resp.name)\n        QT['wavelength'] = lam\n        QT['response'] = resp\n    else:\n\
#     \        QT['wavelength'] = T['lambda'] * 1.0 #10. * T['lambda'] * u.angstrom\n        QT['response'] = T['%sp1' % band].value\n\
#     \    QT['wavelength'].info.format = '{:f}'\n    QT.write('speclite/data/filters/panstarrs-%s.ecsv' % band, format='ascii.ecsv',\
#     \ overwrite=True)\n"
#   group_name: panstarrs
# schema: astropy-2.0
wavelength response
380.0 0.0
381.0 0.0
382.0 0.0
383.0 0.0
384.0 0.0
385.0 0.0
386.0 0.0
387.0 0.0
388.0 0.001
389.0 0.006
390.0 0.006
391.0 0.005
392.0 0.005
393.0 0.005
394.0 0.006
395.0 0.006
396.0 0.008
397.0 0.01
398.0 0.014
399.0 0.021
400.0 0.032
401.0 0.049
402.0 0.071
403.0 0.096
404.0 0.123
405.0 0.148
406.0 0.169
407.0 0.186
408.0 0.198
409.0 0.208
410.0 0.216
411.0 0.223
412.0 0.231
413.0 0.24
414.0 0.248
415.0 0.257
416.0 0.265
417.0 0.272
418.0 0.278
419.0 0.284
420.0 0.288
421.0 0.293
422.0 0.297
423.0 0.303
424.0 0.308
425.0 0.315
426.0 0.322
427.0 0.328
428.0 0.335
429.0 0.342
430.0 0.35
431.0 0.358
432.0 0.367
433.0 0.375
434.0 0.382
435.0 0.389
436.0 0.396
437.0 0.402
438.0 0.408
439.0 0.411
440.0 0.416
441.0 0.421
442.0 0.426
443.0 0.43
444.0 0.433
445.0 0.437
446.0 0.442
447.0 0.446
448.0 0.449
449.0 0.453
450.0 0.458
451.0 0.462
452.0 0.467
453.0 0.47
454.0 0.473
455.0 0.476
456.0 0.48
457.0 0.484
458.0 0.488
459.0 0.491
460.0 0.494
461.0 0.497
462.0 0.5
463.0 0.503
464.0 0.507
465.0 0.511
466.0 0.515
467.0 0.517
468.0 0.518
469.0 0.516
470.0 0.512
471.0 0.511
472.0 0.511
473.0 0.509
474.0 0.506
475.0 0.504
476.0 0.503
477.0 0.505
478.0 0.51
479.0 0.518
480.0 0.526
481.0 0.533
482.0 0.538
483.0 0.54
484.0 0.542
485.0 0.542
486.0 0.542
487.0 0.543
488.0 0.546
489.0 0.547
490.0 0.55
491.0 0.552
492.0 0.553
493.0 0.554
494.0 0.555
495.0 0.557
496.0 0.559
497.0 0.561
498.0 0.562
499.0 0.561
500.0 0.559
501.0 0.559
502.0 0.561
503.0 0.564
504.0 0.567
505.0 0.571
506.0 0.573
507.0 0.574
508.0 0.575
509.0 0.577
510.0 0.58
511.0 0.581
512.0 0.583
513.0 0.583
514.0 0.582
515.0 0.582
516.0 0.582
517.0 0.583
518.0 0.586
519.0 0.59
520.0 0.594
521.0 0.598
522.0 0.602
523.0 0.606
524.0 0.609
525.0 0.612
526.0 0.615
527.0 0.617
528.0 0.619
529.0 0.621
530.0 0.623
531.0 0.625
532.0 0.627
533.0 0.629
534.0 0.631
535.0 0.633
536.0 0.635
537.0 0.637
538.0 0.639
539.0 0.64
540.0 0.641
541.0 0.644
542.0 0.647
543.0 0.649
544.0 0.651
545.0 0.654
546.0 0.656
547.0 0.657
548.0 0.658
549.0 0.66
550.0 0.662
551.0 0.665
552.0 0.668
553.0 0.67
554.0 0.672
555.0 0.673
556.0 0.674
557.0 0.674
558.0 0.675
559.0 0.678
560.0 0.68
561.0 0.682
562.0 0.683
563.0 0.685
564.0 0.686
565.0 0.688
566.0 0.69
567.0 0.692
568.0 0.695
569.0 0.696
570.0 0.698
571.0 0.7
572.0 0.7
573.0 0.701
574.0 0.702
575.0 0.704
576.0 0.707
577.0 0.709
578.0 0.712
579.0 0.715
580.0 0.719
581.0 0.722
582.0 0.725
583.0 0.727
584.0 0.728
585.0 0.729
586.0 0.729
587.0 0.73
588.0 0.731
589.0 0.731
590.0 0.733
591.0 0.738
592.0 0.74
593.0 0.742
594.0 0.742
595.0 0.742
596.0 0.744
597.0 0.743
598.0 0.744
599.0 0.747
600.0 0.751
601.0 0.755
602.0 0.758
603.0 0.761
604.0 0.764
605.0 0.765
606.0 0.766
607.0 0.766
608.0 0.768
609.0 0.771
610.0 0.775
611.0 0.779
612.0 0.782
613.0 0.785
614.0 0.787
615.0 0.788
616.0 0.789
617.0 0.789
618.0 0.791
619.0 0.792
620.0 0.794
621.0 0.797
622.0 0.8
623.0 0.802
624.0 0.804
625.0 0.806
626.0 0.808
627.0 0.81
628.0 0.791
629.0 0.805
630.0 0.804
631.0 0.811
632.0 0.814
633.0 0.817
634.0 0.821
635.0 0.824
636.0 0.828
637.0 0.831
638.0 0.835
639.0 0.838
640.0 0.838
641.0 0.838
642.0 0.836
643.0 0.835
644.0 0.835
645.0 0.835
646.0 0.836
647.0 0.838
648.0 0.842
649.0 0.846
650.0 0.852
651.0 0.856
652.0 0.854
653.0 0.858
654.0 0.858
655.0 0.854
656.0 0.853
657.0 0.852
658.0 0.854
659.0 0.857
660.0 0.861
661.0 0.866
662.0 0.871
663.0 0.875
664.0 0.878
665.0 0.879
666.0 0.878
667.0 0.876
668.0 0.875
669.0 0.873
670.0 0.872
671.0 0.872
672.0 0.873
673.0 0.875
674.0 0.879
675.0 0.883
676.0 0.888
677.0 0.892
678.0 0.896
679.0 0.898
680.0 0.9
681.0 0.899
682.0 0.898
683.0 0.896
684.0 0.895
685.0 0.894
686.0 0.894
687.0 0.728
688.0 0.791
689.0 0.804
690.0 0.817
691.0 0.853
692.0 0.873
693.0 0.888
694.0 0.895
695.0 0.903
696.0 0.903
697.0 0.912
698.0 0.911
699.0 0.905
700.0 0.904
701.0 0.902
702.0 0.903
703.0 0.904
704.0 0.908
705.0 0.911
706.0 0.914
707.0 0.916
708.0 0.917
709.0 0.919
710.0 0.918
711.0 0.917
712.0 0.916
713.0 0.914
714.0 0.912
715.0 0.91
716.0 0.908
717.0 0.891
718.0 0.879
719.0 0.862
720.0 0.872
721.0 0.89
722.0 0.914
723.0 0.898
724.0 0.886
725.0 0.885
726.0 0.894
727.0 0.887
728.0 0.887
729.0 0.888
730.0 0.899
731.0 0.889
732.0 0.9
733.0 0.908
734.0 0.91
735.0 0.912
736.0 0.915
737.0 0.916
738.0 0.921
739.0 0.92
740.0 0.922
741.0 0.922
742.0 0.922
743.0 0.921
744.0 0.92
745.0 0.92
746.0 0.92
747.0 0.92
748.0 0.921
749.0 0.922
750.0 0.923
751.0 0.924
752.0 0.924
753.0 0.925
754.0 0.925
755.0 0.925
756.0 0.926
757.0 0.925
758.0 0.925
759.0 0.923
760.0 0.438
761.0 0.356
762.0 0.703
763.0 0.489
764.0 0.602
765.0 0.684
766.0 0.778
767.0 0.832
768.0 0.883
769.0 0.893
770.0 0.906
771.0 0.91
772.0 0.91
773.0 0.909
774.0 0.91
775.0 0.911
776.0 0.913
777.0 0.915
778.0 0.917
779.0 0.918
780.0 0.919
781.0 0.919
782.0 0.918
783.0 0.917
784.0 0.915
785.0 0.913
786.0 0.911
787.0 0.908
788.0 0.906
789.0 0.905
790.0 0.904
791.0 0.907
792.0 0.908
793.0 0.909
794.0 0.913
795.0 0.915
796.0 0.912
797.0 0.914
798.0 0.916
799.0 0.914
800.0 0.911
801.0 0.907
802.0 0.903
803.0 0.9
804.0 0.895
805.0 0.884
806.0 0.868
807.0 0.84
808.0 0.804
809.0 0.758
810.0 0.704
811.0 0.644
812.0 0.578
813.0 0.512
814.0 0.442
815.0 0.384
816.0 0.325
817.0 0.28
818.0 0.238
819.0 0.206
820.0 0.172
821.0 0.149
822.0 0.123
823.0 0.094
824.0 0.082
825.0 0.066
826.0 0.053
827.0 0.042
828.0 0.033
829.0 0.027
830.0 0.021
831.0 0.017
832.0 0.014
833.0 0.012
834.0 0.01
835.0 0.008
836.0 0.007
837.0 0.006
838.0 0.006
839.0 0.005
840.0 0.004
841.0 0.004
842.0 0.004
843.0 0.004
844.0 0.003
845.0 0.003
846.0 0.003
847.0 0.003
848.0 0.002
849.0 0.002
850.0 0.002
851.0 0.002
852.0 0.001
853.0 0.001
854.0 0.001
855.0 0.001
856.0 0.001
857.0 0.001
858.0 0.001
859.0 0.001
860.0 0.0
861.0 0.0
862.0 0.0
863.0 0.0
864.0 0.0
865.0 0.0
866.0 0.0
867.0 0.0
868.0 0.0
869.0 0.0
870.0 0.0
871.0 0.0
872.0 0.0
873.0 0.0
874.0 0.0
875.0 0.0
876.0 0.0
877.0 0.0
878.0 0.0
879.0 0.0
880.0 0.0
881.0 0.0
882.0 0.0
883.0 0.0
884.0 0.0
885.0 0.0
886.0 0.0
887.0 0.0
888.0 0.0
889.0 0.0
890.0 0.0
891.0 0.0
892.0 0.0
893.0 0.0
894.0 0.0
895.0 0.0
896.0 0.0
897.0 0.0
898.0 0.0
899.0 0.0
900.0 0.0
901.0 0.0
902.0 0.0
903.0 0.0
904.0 0.0
905.0 0.0
906.0 0.0
907.0 0.0
908.0 0.0
909.0 0.0
910.0 0.0
911.0 0.0
912.0 0.0
913.0 0.0
914.0 0.0
915.0 0.0
916.0 0.0
917.0 0.0
918.0 0.0
919.0 0.0
920.0 0.0
921.0 0.0
922.0 0.0
923.0 0.0
924.0 0.0
925.0 0.0
926.0 0.0
927.0 0.0
928.0 0.0
929.0 0.0
930.0 0.0
931.0 0.0
932.0 0.0
933.0 0.0
934.0 0.0
935.0 0.0
936.0 0.0
937.0 0.0
938.0 0.0
939.0 0.0
940.0 0.0
941.0 0.0
942.0 0.0
943.0 0.0
944.0 0.0
945.0 0.0
946.0 0.0
947.0 0.0
948.0 0.0
949.0 0.0
950.0 0.0
951.0 0.0
952.0 0.0
953.0 0.0
954.0 0.0
955.0 0.0
956.0 0.0
957.0 0.0
958.0 0.0
959.0 0.0
960.0 0.0
961.0 0.0
962.0 0.0
963.0 0.0
964.0 0.0
965.0 0.0
966.0 0.0
967.0 0.0
968.0 0.0
969.0 0.0
970.0 0.0
971.0 0.0
972.0 0.0
973.0 0.0
974.0 0.0
975.0 0.0
976.0 0.0
977.0 0.0
978.0 0.0
979.0 0.0
980.0 0.0
981.0 0.0
982.0 0.0
983.0 0.0
984.0 0.0
985.0 0.0
986.0 0.0
987.0 0.0
988.0 0.0
989.0 0.0
990.0 0.0
991.0 0.0
992.0 0.0
993.0 0.0
994.0 0.0
995.0 0.0
996.0 0.0
997.0 0.0
998.0 0.0
999.0 0.0
1000.0 0.0
1001.0 0.0
1002.0 0.0
1003.0 0.0
1004.0 0.0
1005.0 0.0
1006.0 0.0
1007.0 0.0
1008.0 0.0
1009.0 0.0
1010.0 0.0
1011.0 0.0
1012.0 0.0
1013.0 0.0
1014.0 0.0
1015.0 0.0
1016.0 0.0
1017.0 0.0
1018.0 0.0
1019.0 0.0
1020.0 0.0
1021.0 0.0
1022.0 0.0
1023.0 0.0
1024.0 0.0
1025.0 0.0
1026.0 0.0
1027.0 0.0
1028.0 0.0
1029.0 0.0
1030.0 0.0
1031.0 0.0
1032.0 0.0
1033.0 0.0
1034.0 0.0
1035.0 0.0
1036.0 0.0
1037.0 0.0
1038.0 0.0
1039.0 0.0
1040.0 0.0
1041.0 0.0
1042.0 0.0
1043.0 0.0
1044.0 0.0
1045.0 0.0
1046.0 0.0
1047.0 0.0
1048.0 0.0
1049.0 0.0
1050.0 0.0
1051.0 0.0
1052.0 0.0
1053.0 0.0
1054.0 0.0
1055.0 0.0
1056.0 0.0
1057.0 0.0
1058.0 0.0
1059.0 0.0
1060.0 0.0
1061.0 0.0
1062.0 0.0
1063.0 0.0
1064.0 0.0
1065.0 0.0
1066.0 0.0
1067.0 0.0
1068.0 0.0
1069.0 0.0
1070.0 0.0
1071.0 0.0
1072.0 0.0
1073.0 0.0
1074.0 0.0
1075.0 0.0
1076.0 0.0
1077.0 0.0
1078.0 0.0
1079.0 0.0
1080.0 0.0
1081.0 0.0
1082.0 0.0
1083.0 0.0
1084.0 0.0
1085.0 0.0
1086.0 0.0
1087.0 0.0
1088.0 0.0
1089.0 0.0
1090.0 0.0
1091.0 0.0
1092.0 0.0
1093.0 0.0
1094.0 0.0
1095.0 0.0
1096.0 0.0
1097.0 0.0
1098.0 0.0
1099.0 0.0
1100.0 0.0
