speclite/data/filters/sdss2010-g.ecsv
# %ECSV 1.0
# ---
# datatype:
# - {name: wavelength, unit: Angstrom, datatype: float64}
# - {name: response, datatype: float64}
# meta: !!omap
# - {url: 'http://dx.doi.org/10.1088/0004-6256/139/4/1628'}
# - {band_name: g}
# - {airmass: 1.3}
# - {description: 'SDSS 2.5m telescope reference g-band response function
#     (through airmass 1.3) from Table 4 of:
#
#     Values are the product of the g and atmospheric transmission columns from Table
#     4 of:
#
#     Doi et al, "Photometric Response Functions of the SDSS Imager",
#
#     The Astronomical Journal, Volume 139, Issue 4, pp. 1628-1648 (2010).
#
#     All response values outside the wavelength range covered here are zero.'}
# - {group_name: sdss2010atm}
wavelength response
3619 0.0
3620 0.0001132
3640 0.0008592
3660 0.00156465
3680 0.00222756
3700 0.0020755
3720 0.00191328
3740 0.00186837
3760 0.00224812
3780 0.00294
3800 0.00413658
3820 0.00716565
3840 0.0138358
3860 0.0224014
3880 0.0324683
3900 0.0478114
3920 0.0635758
3940 0.0808574
3960 0.0991164
3980 0.118615
4000 0.142007
4020 0.165299
4040 0.181306
4060 0.194421
4080 0.207755
4100 0.221225
4120 0.234544
4140 0.244637
4160 0.253391
4180 0.261506
4200 0.267217
4220 0.272791
4240 0.278372
4260 0.284033
4280 0.289701
4300 0.295449
4320 0.301085
4340 0.305813
4360 0.310308
4380 0.314715
4400 0.31919
4420 0.32361
4440 0.328134
4460 0.332607
4480 0.336837
4500 0.340108
4520 0.343184
4540 0.346274
4560 0.349457
4580 0.352531
4600 0.355662
4620 0.358539
4640 0.361149
4660 0.363563
4680 0.366065
4700 0.368495
4720 0.37066
4740 0.37283
4760 0.375089
4780 0.377236
4800 0.378932
4820 0.380714
4840 0.3825
4860 0.384337
4880 0.386132
4900 0.387931
4920 0.389454
4940 0.390896
4960 0.392424
4980 0.393955
5000 0.395405
5020 0.396752
5040 0.398102
5060 0.399453
5080 0.400722
5100 0.401777
5120 0.401785
5140 0.401201
5160 0.399769
5180 0.397864
5200 0.395578
5220 0.392061
5240 0.382933
5260 0.36758
5280 0.33994
5300 0.292048
5320 0.236027
5340 0.17185
5360 0.119402
5380 0.0769274
5400 0.050117
5420 0.0341126
5440 0.0230694
5460 0.0162162
5480 0.0116756
5500 0.00824544
5520 0.00584392
5540 0.00438498
5560 0.00318274
5580 0.00206568
5600 0.00111943
5620 0.00017232
5621 0.0
