speclite/data/filters/sdss2010atm-z.ecsv
# %ECSV 1.0
# ---
# datatype:
# - {name: wavelength, unit: Angstrom, datatype: float64}
# - {name: response, datatype: float64}
# meta: !!omap
# - {url: 'http://dx.doi.org/10.1088/0004-6256/139/4/1628'}
# - {band_name: z}
# - {airmass: 1.3}
# - {description: 'SDSS 2.5m telescope reference u-band response function
#     (through airmass 1.3) from Table 4 of:
#
#     Values are the product of the u and atmospheric transmission columns from Table
#     4 of:
#
#     Doi et al, "Photometric Response Functions of the SDSS Imager",
#
#     The Astronomical Journal, Volume 139, Issue 4, pp. 1628-1648 (2010).
#
#     All response values outside the wavelength range covered here are zero.'}
# - {group_name: sdss2010atm}
wavelength response
7679 0.0
7680 0
7700 0
7720 9.41e-05
7740 9.412e-05
7760 9.415e-05
7780 9.417e-05
7800 0.0001884
7820 0.00018844
7840 0.00018848
7860 0.00028281
7880 0.00037716
7900 0.00056592
7920 0.00075464
7940 0.0009434
7960 0.0011322
7980 0.00150992
8000 0.00217074
8020 0.0028317
8040 0.0041536
8060 0.00557078
8080 0.00736554
8100 0.0099162
8120 0.0121506
8140 0.0153319
8160 0.0190079
8180 0.0230426
8200 0.0277049
8220 0.0324569
8240 0.0372089
8260 0.0418712
8280 0.0465335
8300 0.0511062
8320 0.0569271
8340 0.0622035
8360 0.0667564
8380 0.0702674
8400 0.0732031
8420 0.0760521
8440 0.0780493
8460 0.0800469
8480 0.0815711
8500 0.0825272
8520 0.0835783
8540 0.0846296
8560 0.0856811
8580 0.0863537
8600 0.0864576
8620 0.0865615
8640 0.0867603
8660 0.0869591
8680 0.0866838
8700 0.085925
8720 0.0851753
8740 0.0843305
8760 0.0835805
8780 0.0824507
8800 0.0810361
8820 0.0795262
8840 0.078016
8860 0.0765055
8880 0.0749947
8900 0.073286
8920 0.0693845
8940 0.0655934
8960 0.061812
8980 0.0583053
9000 0.0577026
9020 0.0570662
9040 0.0563963
9060 0.0556864
9080 0.0543812
9100 0.0532501
9120 0.052032
9140 0.0509009
9160 0.0496827
9180 0.0486386
9200 0.0475945
9220 0.0465503
9240 0.0455062
9260 0.0444621
9280 0.0401346
9300 0.035965
9320 0.0319532
9340 0.0280995
9360 0.0264331
9380 0.0268576
9400 0.0272878
9420 0.0276696
9440 0.0260965
9460 0.024568
9480 0.0246909
9500 0.0247108
9520 0.0239518
9540 0.0231304
9560 0.0233462
9580 0.0235698
9600 0.0239429
9620 0.0242537
9640 0.0245692
9660 0.0248144
9680 0.0249891
9700 0.0250028
9720 0.0236208
9740 0.0222746
9760 0.0216727
9780 0.0211265
9800 0.0206451
9820 0.0200426
9840 0.0194114
9860 0.0187533
9880 0.0177965
9900 0.0168397
9920 0.0158829
9940 0.0149261
9960 0.014065
9980 0.0132052
10000 0.0126311
10020 0.0119612
10040 0.0113871
10060 0.010813
10080 0.0101442
10100 0.0094743
10120 0.0089001
10140 0.0082302
10160 0.007656
10180 0.00708254
10200 0.0066997
10220 0.00622115
10240 0.00583831
10260 0.00535976
10280 0.00497692
10300 0.00449884
10320 0.00402024
10340 0.00363736
10360 0.00315876
10380 0.0028716
10400 0.00277617
10420 0.00258471
10440 0.00248898
10460 0.00229752
10480 0.00210606
10500 0.00201054
10520 0.00181906
10540 0.00172332
10560 0.00153184
10580 0.0014361
10600 0.00134036
10620 0.00124475
10640 0.001149
10660 0.001149
10680 0.00105325
10700 0.0009575
10720 0.00086184
10740 0.00076608
10760 0.00067032
10780 0.00067032
10800 0.00067032
10820 0.00057462
10840 0.00057462
10860 0.00057462
10880 0.00047885
10900 0.00047885
10920 0.00047885
10940 0.00038312
10960 0.00038312
10980 0.00038312
11000 0.00028734
11020 0.00028734
11040 0.00019158
11060 0.00019158
11080 0.00019158
11100 9.579e-05
11120 9.579e-05
11140 9.58e-05
11160 0
11161 0.0
