speclite/data/filters/wise2010-W2.ecsv
# %ECSV 0.9
# ---
# datatype:
# - {name: wavelength, unit: micron, datatype: float64}
# - {name: response, datatype: float64}
# meta: !!omap
# - {url: 'http://dx.doi.org/10.1088/0004-6256/140/6/1868'}
# - {band_name: W2}
# - {airmass: 0.0}
# - {description: 'WISE W2 weighted mean relative spectral response curve from Figure
#     6 of:
# 
#     Wright et al, "The Wide-field Infrared Survey Explorer (WISE): Mission Description
#     and Initial On-orbit Performance",
# 
#     The Astronomical Journal, Volume 140, Issue 6, pp. 1868-1881 (2010).
# 
#     Values below 0.0001 of the maximum response are set to zero.'}
# - {group_name: wise2010}
wavelength response
3.88 0.0
3.89 9.741e-05
3.9 0.0001387
3.91 0.0002
3.92 0.0003728
3.93 0.0005062
3.94 0.0003919
3.95 0.001163
3.96 0.008188
3.97 0.01012
3.98 0.01276
3.99 0.01638
4.0 0.02137
4.01 0.03005
4.02 0.04402
4.03 0.06517
4.04 0.09531
4.05 0.1357
4.06 0.1937
4.07 0.2636
4.08 0.3407
4.09 0.4227
4.1 0.5028
4.11 0.5729
4.12 0.63
4.13 0.676
4.14 0.709
4.15 0.728
4.16 0.741
4.17 0.748
4.18 0.75
4.19 0.748
4.2 0.745
4.21 0.739
4.22 0.732
4.23 0.725
4.24 0.724
4.25 0.725
4.26 0.724
4.27 0.72
4.28 0.718
4.29 0.719
4.3 0.723
4.31 0.727
4.32 0.731
4.33 0.733
4.34 0.734
4.35 0.733
4.36 0.729
4.37 0.725
4.38 0.719
4.39 0.711
4.4 0.704
4.41 0.698
4.42 0.692
4.43 0.688
4.44 0.683
4.45 0.68
4.46 0.679
4.47 0.681
4.48 0.686
4.49 0.693
4.5 0.701
4.51 0.711
4.52 0.719
4.53 0.728
4.54 0.735
4.55 0.74
4.56 0.744
4.57 0.746
4.58 0.747
4.59 0.745
4.6 0.742
4.61 0.738
4.62 0.732
4.63 0.726
4.64 0.719
4.65 0.712
4.66 0.705
4.67 0.701
4.68 0.697
4.69 0.695
4.7 0.693
4.71 0.694
4.72 0.696
4.73 0.699
4.74 0.705
4.75 0.709
4.76 0.715
4.77 0.719
4.78 0.722
4.8 0.722
4.81 0.72
4.82 0.718
4.83 0.717
4.84 0.715
4.85 0.714
4.86 0.713
4.87 0.712
4.9 0.712
4.91 0.711
4.92 0.711
4.93 0.71
4.94 0.708
4.95 0.705
4.96 0.702
4.97 0.698
4.98 0.693
4.99 0.688
5.0 0.68
5.01 0.673
5.02 0.664
5.03 0.655
5.04 0.646
5.05 0.637
5.06 0.628
5.07 0.619
5.08 0.611
5.09 0.603
5.1 0.595
5.11 0.585
5.12 0.575
5.13 0.56
5.14 0.544
5.15 0.519
5.16 0.493
5.17 0.458
5.18 0.419
5.19 0.375
5.2 0.3269
5.21 0.2799
5.22 0.2328
5.23 0.1898
5.24 0.1507
5.25 0.1167
5.26 0.09014
5.27 0.06592
5.28 0.05034
5.29 0.03521
5.3 0.02691
5.31 0.01866
5.32 0.01387
5.33 0.009652
5.34 0.00684
5.35 0.004735
5.36 0.002642
5.37 0.001987
5.38 0.001481
5.39 0.001126
5.4 0.0008357
5.41 0.0006295
5.42 0.0004771
5.43 0.0003538
5.44 0.0002516
5.45 0.0001988
5.46 0.0001381
5.47 0.0001783
5.48 0.0002014
5.49 0.0001999
5.5 0.000165
5.51 0.000143
5.52 0.0001239
5.53 9.502e-05
5.54 8.424e-05
5.55 0.0
