speclite/data/filters/wise2010-W4.ecsv
# %ECSV 0.9
# ---
# datatype:
# - {name: wavelength, unit: micron, datatype: float64}
# - {name: response, datatype: float64}
# meta: !!omap
# - {url: 'http://dx.doi.org/10.1088/0004-6256/140/6/1868'}
# - {band_name: W4}
# - {airmass: 0.0}
# - {description: 'WISE W4 weighted mean relative spectral response curve from Figure
#     6 of:
# 
#     Wright et al, "The Wide-field Infrared Survey Explorer (WISE): Mission Description
#     and Initial On-orbit Performance",
# 
#     The Astronomical Journal, Volume 140, Issue 6, pp. 1868-1881 (2010).
# 
#     Values below 0.0001 of the maximum response are set to zero.'}
# - {group_name: wise2010}
wavelength response
18.11 0.0
18.12 3.436e-05
18.13 4.017e-05
18.14 4.016e-05
18.15 4.141e-05
18.16 4.061e-05
18.17 3.966e-05
18.18 3.841e-05
18.19 3.708e-05
18.2 3.547e-05
18.21 3.404e-05
18.22 0.0
18.23 0.0
18.24 3.169e-05
18.25 3.265e-05
18.26 3.249e-05
18.27 0.0
18.93 0.0
18.94 3.092e-05
18.95 3.242e-05
18.96 3.345e-05
18.97 3.398e-05
18.98 3.323e-05
18.99 3.075e-05
19.0 0.0
19.05 0.0
19.06 3.458e-05
19.07 0.0001154
19.08 0.0002706
19.09 0.0005038
19.1 0.0006935
19.11 0.0008426
19.12 0.0008877
19.13 0.0009056
19.14 0.0008691
19.15 0.0008133
19.16 0.0007175
19.17 0.0005891
19.18 0.000434
19.19 0.000236
19.2 0.0001031
19.21 5.896e-05
19.22 0.0
19.23 5.489e-05
19.24 6.015e-05
19.25 5.46e-05
19.26 0.0001003
19.27 0.0001423
19.28 0.0001819
19.29 0.000218
19.3 5.022e-05
19.31 0.0002479
19.32 0.0002711
19.33 0.0003065
19.34 0.0003496
19.35 0.000407
19.36 0.0004653
19.37 0.0005888
19.38 0.0007319
19.39 0.0009816
19.4 0.00128
19.41 0.001585
19.42 0.001863
19.43 0.002095
19.44 0.002263
19.45 0.002415
19.46 0.002524
19.47 0.002631
19.48 0.002714
19.49 0.002796
19.5 0.002916
19.51 0.003063
19.52 0.003287
19.53 0.003589
19.54 0.00397
19.55 0.004483
19.56 0.00506
19.57 0.005869
19.58 0.006723
19.59 0.007881
19.6 0.0091
19.61 0.01064
19.62 0.01223
19.63 0.01402
19.64 0.01601
19.65 0.0183
19.66 0.02079
19.67 0.02348
19.68 0.02657
19.69 0.02986
19.7 0.03394
19.71 0.03812
19.72 0.04318
19.73 0.04845
19.74 0.0546
19.75 0.06084
19.76 0.06778
19.77 0.07513
19.78 0.08297
19.79 0.09151
19.8 0.1003
19.81 0.1113
19.82 0.1222
19.83 0.1342
19.84 0.1461
19.85 0.1581
19.86 0.1701
19.87 0.1801
19.88 0.1901
19.89 0.1992
19.9 0.2073
19.91 0.2144
19.92 0.2215
19.93 0.2275
19.94 0.2336
19.95 0.2386
19.96 0.2427
19.97 0.2447
19.98 0.2468
19.99 0.2468
20.0 0.2469
20.01 0.2459
20.02 0.2459
20.03 0.246
20.04 0.246
20.05 0.247
20.06 0.2481
20.07 0.2491
20.08 0.2501
20.09 0.2511
20.1 0.2511
20.11 0.2512
20.12 0.2522
20.13 0.2542
20.14 0.2572
20.15 0.2602
20.16 0.2642
20.17 0.2672
20.18 0.2701
20.19 0.2721
20.2 0.2721
20.21 0.2731
20.22 0.2721
20.23 0.2721
20.24 0.2711
20.25 0.2701
20.26 0.2692
20.27 0.2692
20.28 0.2672
20.29 0.2652
20.3 0.2632
20.31 0.2612
20.32 0.2592
20.33 0.2582
20.35 0.2582
20.36 0.2601
20.37 0.2621
20.38 0.2651
20.39 0.2671
20.4 0.2691
20.41 0.2701
20.42 0.2711
20.43 0.2721
20.44 0.2731
20.45 0.2751
20.46 0.2771
20.47 0.2801
20.48 0.2821
20.49 0.2851
20.5 0.2851
20.51 0.2861
20.52 0.2851
20.53 0.2841
20.54 0.2821
20.55 0.2811
20.56 0.2801
20.57 0.2791
20.59 0.2791
20.6 0.2781
20.61 0.2771
20.62 0.2761
20.63 0.2741
20.64 0.2731
20.65 0.2711
20.66 0.2711
20.67 0.2721
20.68 0.2741
20.69 0.2771
20.7 0.2791
20.71 0.2811
20.72 0.2821
20.73 0.2821
20.74 0.2811
20.75 0.2791
20.76 0.2771
20.77 0.2751
20.78 0.2731
20.8 0.2731
20.81 0.2741
20.82 0.2741
20.83 0.2751
20.84 0.2761
20.85 0.2761
20.86 0.2751
20.89 0.2751
20.9 0.2761
20.91 0.2761
20.92 0.2771
20.94 0.2771
20.95 0.2751
20.96 0.2731
20.97 0.2711
20.98 0.2681
20.99 0.2651
21.0 0.2641
21.01 0.2621
21.02 0.2631
21.03 0.2631
21.04 0.2651
21.05 0.2671
21.06 0.2681
21.07 0.2701
21.08 0.2721
21.09 0.2731
21.1 0.2751
21.11 0.2771
21.12 0.2791
21.13 0.2821
21.14 0.2851
21.15 0.288
21.16 0.291
21.17 0.293
21.18 0.295
21.22 0.295
21.23 0.296
21.24 0.296
21.25 0.297
21.26 0.299
21.27 0.3
21.29 0.3
21.3 0.298
21.31 0.296
21.32 0.293
21.33 0.289
21.34 0.287
21.35 0.284
21.36 0.282
21.37 0.281
21.38 0.28
21.39 0.279
21.4 0.278
21.41 0.277
21.42 0.276
21.43 0.274
21.44 0.273
21.45 0.272
21.46 0.272
21.47 0.274
21.48 0.276
21.49 0.279
21.5 0.283
21.51 0.287
21.52 0.29
21.53 0.293
21.54 0.295
21.55 0.296
21.56 0.297
21.62 0.297
21.63 0.295
21.64 0.294
21.65 0.291
21.66 0.287
21.67 0.283
21.68 0.278
21.69 0.273
21.7 0.269
21.71 0.266
21.72 0.264
21.73 0.262
21.76 0.262
21.77 0.263
21.8 0.263
21.81 0.264
21.82 0.266
21.83 0.268
21.84 0.272
21.85 0.275
21.86 0.2799
21.87 0.2849
21.88 0.2879
21.89 0.2909
21.9 0.2929
21.91 0.2919
21.92 0.2909
21.93 0.2889
21.94 0.2859
21.95 0.2839
21.96 0.2819
21.97 0.2799
21.98 0.2789
21.99 0.2779
22.0 0.2769
22.01 0.2769
22.02 0.2759
22.03 0.2749
22.04 0.2729
22.05 0.2719
22.06 0.2699
22.07 0.2679
22.08 0.267
22.09 0.266
22.1 0.265
22.11 0.265
22.12 0.264
22.13 0.264
22.14 0.263
22.15 0.261
22.16 0.26
22.17 0.258
22.18 0.256
22.19 0.255
22.2 0.253
22.21 0.252
22.25 0.252
22.26 0.251
22.27 0.25
22.28 0.249
22.29 0.247
22.3 0.245
22.31 0.243
22.32 0.24
22.33 0.239
22.34 0.237
22.35 0.236
22.36 0.236
22.37 0.235
22.38 0.234
22.39 0.233
22.4 0.231
22.41 0.229
22.42 0.226
22.43 0.222
22.44 0.218
22.45 0.214
22.46 0.21
22.47 0.207
22.48 0.205
22.49 0.203
22.5 0.202
22.51 0.202
22.52 0.201
22.53 0.2
22.54 0.199
22.55 0.198
22.56 0.196
22.57 0.195
22.58 0.194
22.59 0.193
22.61 0.193
22.62 0.195
22.63 0.196
22.64 0.198
22.65 0.199
22.66 0.201
22.69 0.201
22.7 0.2
22.71 0.199
22.74 0.199
22.75 0.2
22.76 0.201
22.77 0.202
22.78 0.203
22.79 0.203
22.8 0.202
22.81 0.202
22.82 0.2
22.83 0.198
22.84 0.195
22.85 0.193
22.86 0.191
22.87 0.19
22.88 0.189
22.9 0.189
22.91 0.19
22.92 0.19
22.93 0.191
22.94 0.192
22.95 0.1919
22.97 0.1919
22.98 0.1929
22.99 0.1929
23.0 0.1949
23.01 0.1959
23.02 0.1979
23.03 0.1999
23.04 0.2019
23.05 0.2029
23.06 0.2039
23.07 0.2039
23.08 0.2029
23.09 0.2029
23.1 0.2019
23.11 0.1999
23.12 0.1989
23.13 0.1979
23.14 0.197
23.15 0.196
23.16 0.196
23.17 0.195
23.18 0.193
23.19 0.192
23.2 0.19
23.21 0.187
23.22 0.185
23.23 0.181
23.24 0.177
23.25 0.174
23.26 0.17
23.27 0.167
23.28 0.164
23.29 0.162
23.3 0.16
23.31 0.159
23.32 0.157
23.33 0.155
23.34 0.154
23.35 0.152
23.36 0.15
23.37 0.148
23.38 0.146
23.39 0.144
23.4 0.142
23.41 0.141
23.42 0.14
23.43 0.139
23.44 0.138
23.45 0.138
23.46 0.137
23.47 0.136
23.48 0.135
23.49 0.133
23.5 0.131
23.51 0.129
23.52 0.127
23.53 0.124
23.54 0.122
23.55 0.121
23.56 0.119
23.57 0.118
23.58 0.118
23.59 0.117
23.6 0.117
23.61 0.118
23.69 0.118
23.7 0.119
23.71 0.119
23.72 0.12
23.73 0.121
23.74 0.122
23.78 0.122
23.79 0.121
23.8 0.121
23.81 0.12
23.82 0.12
23.83 0.119
23.84 0.119
23.85 0.12
23.86 0.12
23.87 0.121
23.88 0.123
23.89 0.124
23.9 0.126
23.91 0.127
23.92 0.128
23.93 0.129
23.94 0.13
23.95 0.131
23.96 0.132
23.97 0.132
23.98 0.133
23.99 0.134
24.0 0.135
24.01 0.136
24.02 0.138
24.03 0.139
24.04 0.141
24.05 0.143
24.06 0.144
24.07 0.145
24.08 0.145
24.09 0.146
24.15 0.146
24.16 0.147
24.17 0.148
24.18 0.149
24.19 0.15
24.2 0.151
24.23 0.151
24.24 0.15
24.25 0.15
24.26 0.149
24.27 0.148
24.28 0.147
24.29 0.147
24.3 0.146
24.31 0.146
24.32 0.147
24.33 0.148
24.34 0.148
24.35 0.149
24.36 0.149
24.37 0.15
24.4 0.15
24.41 0.149
24.42 0.149
24.43 0.148
24.45 0.148
24.46 0.147
24.48 0.147
24.49 0.146
24.5 0.146
24.51 0.145
24.52 0.144
24.53 0.1421
24.54 0.1411
24.55 0.1391
24.56 0.1371
24.57 0.1351
24.58 0.1331
24.59 0.1311
24.6 0.1291
24.61 0.1281
24.62 0.1271
24.63 0.1261
24.65 0.1261
24.66 0.1251
24.68 0.1251
24.69 0.1241
24.7 0.1231
24.71 0.1231
24.72 0.1221
24.73 0.1201
24.74 0.1191
24.75 0.1181
24.76 0.1171
24.77 0.1171
24.78 0.1161
24.82 0.1161
24.83 0.1151
24.84 0.1151
24.85 0.1141
24.86 0.1131
24.87 0.1121
24.88 0.1101
24.89 0.1091
24.9 0.1081
24.91 0.1071
24.92 0.1061
24.93 0.1051
24.94 0.1051
24.95 0.1041
24.96 0.1031
24.97 0.1031
24.98 0.1021
24.99 0.1011
25.0 0.1
25.01 0.09892
25.02 0.09732
25.03 0.09563
25.04 0.09393
25.05 0.09214
25.06 0.09035
25.07 0.08855
25.08 0.08706
25.09 0.08577
25.1 0.08448
25.11 0.08348
25.12 0.08268
25.13 0.08188
25.14 0.08117
25.15 0.08056
25.16 0.07995
25.17 0.07934
25.18 0.07884
25.19 0.07824
25.2 0.07774
25.21 0.07725
25.22 0.07686
25.23 0.07647
25.24 0.07628
25.25 0.07609
25.26 0.076
25.27 0.0761
25.28 0.0762
25.31 0.0762
25.32 0.0761
25.33 0.0756
25.34 0.07519
25.35 0.07459
25.36 0.07379
25.37 0.07298
25.38 0.07218
25.39 0.07138
25.4 0.07057
25.41 0.06987
25.42 0.06927
25.43 0.06867
25.44 0.06807
25.45 0.06747
25.46 0.06668
25.47 0.06598
25.48 0.06489
25.49 0.0636
25.5 0.0624
25.51 0.06091
25.52 0.05922
25.53 0.05763
25.54 0.05604
25.55 0.05465
25.56 0.05326
25.57 0.05206
25.58 0.05127
25.59 0.05057
25.6 0.04988
25.61 0.04938
25.62 0.04888
25.63 0.04839
25.64 0.04759
25.65 0.0466
25.66 0.04571
25.67 0.04442
25.68 0.04294
25.69 0.04136
25.7 0.03977
25.71 0.03808
25.72 0.0364
25.73 0.03481
25.74 0.03361
25.75 0.03231
25.76 0.03121
25.77 0.03073
25.78 0.03024
25.79 0.02976
25.8 0.02978
25.81 0.02981
25.82 0.02993
25.83 0.03015
25.84 0.03046
25.85 0.03088
25.86 0.03119
25.87 0.03168
25.88 0.03208
25.89 0.03257
25.9 0.03305
25.91 0.03353
25.92 0.03402
25.93 0.03431
25.94 0.0347
25.95 0.035
25.96 0.0351
25.97 0.03519
25.98 0.0352
25.99 0.0351
26.0 0.03481
26.01 0.03442
26.02 0.03404
26.03 0.03345
26.04 0.03287
26.05 0.03229
26.06 0.03162
26.07 0.03094
26.08 0.03027
26.09 0.0297
26.1 0.02913
26.11 0.02857
26.12 0.02801
26.13 0.02746
26.14 0.02699
26.15 0.02642
26.16 0.02585
26.17 0.02527
26.18 0.02461
26.19 0.02383
26.2 0.02303
26.21 0.02225
26.22 0.02145
26.23 0.02073
26.24 0.02001
26.25 0.01938
26.26 0.01904
26.27 0.01878
26.28 0.01844
26.29 0.0186
26.3 0.01868
26.31 0.01885
26.32 0.01905
26.33 0.01926
26.34 0.01947
26.35 0.01958
26.36 0.01968
26.37 0.01969
26.38 0.0197
26.39 0.0197
26.4 0.01961
26.41 0.01951
26.42 0.01952
26.44 0.01952
26.45 0.01953
26.46 0.01955
26.47 0.01957
26.48 0.01958
26.49 0.01931
26.5 0.01905
26.51 0.01878
26.52 0.01834
26.53 0.01769
26.54 0.01704
26.55 0.0164
26.56 0.01574
26.57 0.01499
26.58 0.01432
26.59 0.01356
26.6 0.01295
26.61 0.01227
26.62 0.0116
26.63 0.01092
26.64 0.01025
26.65 0.00957
26.66 0.008922
26.67 0.008275
26.68 0.00761
26.69 0.007119
26.7 0.007046
26.71 0.006893
26.72 0.006626
26.73 0.02397
26.74 0.02668
26.75 0.02662
26.76 0.0269
26.77 0.02601
26.78 0.02512
26.79 0.02432
26.8 0.02352
26.81 0.02272
26.82 0.02194
26.83 0.02105
26.84 0.02012
26.85 0.01923
26.86 0.01838
26.87 0.01756
26.88 0.0168
26.89 0.01606
26.9 0.01535
26.91 0.01469
26.92 0.01405
26.93 0.01344
26.94 0.01286
26.95 0.01228
26.96 0.01173
26.97 0.01121
26.98 0.0107
26.99 0.0102
27.0 0.009597
27.01 0.008902
27.02 0.008212
27.03 0.007197
27.04 0.004399
27.05 0.004714
27.06 0.005076
27.07 0.005503
27.08 0.005816
27.09 0.006134
27.1 0.006456
27.11 0.006676
27.12 0.006791
27.13 0.006884
27.14 0.006983
27.15 0.006949
27.16 0.006919
27.17 0.006884
27.18 0.006815
27.19 0.006726
27.2 0.006648
27.21 0.006575
27.22 0.006435
27.23 0.006261
27.24 0.006106
27.25 0.005894
27.26 0.005476
27.27 0.005061
27.28 0.004671
27.29 0.00411
27.3 0.003495
27.31 0.002938
27.32 0.002394
27.33 0.001428
27.34 0.0008487
27.35 0.0005143
27.36 0.0003977
27.37 6.263e-05
27.38 0.0001042
27.39 8.78e-05
27.4 7.378e-05
27.41 6.233e-05
27.42 5.235e-05
27.43 4.419e-05
27.44 3.732e-05
27.45 3.132e-05
27.46 0.0
27.74 0.0
27.75 8.755e-05
27.76 0.000803
27.77 0.001069
27.78 0.001401
27.79 0.001799
27.8 0.002105
27.81 0.002185
27.82 0.002243
27.83 0.002323
27.84 0.002347
27.85 0.002352
27.86 0.002359
27.87 0.002369
27.88 0.002355
27.89 0.002352
27.9 0.002351
27.91 0.002314
27.92 0.002129
27.93 0.00197
27.94 0.001816
27.95 0.001518
27.96 0.001113
27.97 0.0008091
27.98 0.0005917
27.99 0.0001311
28.0 3.66e-05
28.05 0.0
